2.861001545583590087e+02
2.862300859861088611e+02
2.860915421801718708e+02
2.860819813163804497e+02
2.860908478482579653e+02
2.861753032733736859e+02
2.861165496683769902e+02
2.860994926402233318e+02
2.861316949053415328e+02
2.862100048314381979e+02
2.862661264323630235e+02
2.862998436497124999e+02
2.862544075651947537e+02
2.862621384111554903e+02
2.862466727987932131e+02
2.862446457216582871e+02
2.861499175262844687e+02
2.861285423911774046e+02
2.861677539074104857e+02
2.862475045688699993e+02
2.861927332629849730e+02
2.861484376199995268e+02
2.861755957342291481e+02
2.861752456118960026e+02
2.862273080978268922e+02
2.862094448336059713e+02
2.862773018845304023e+02
2.863052616256080682e+02
2.863004566338305494e+02
2.863650477672908323e+02
2.862835329220828839e+02
2.862741233752468020e+02
2.862992154023576745e+02
2.862580825076794895e+02
2.859836116319598887e+02
2.859441302038165418e+02
2.860720440108636922e+02
2.860487722877713281e+02
2.860769595523133830e+02
2.861803495230396379e+02
2.861677715693200525e+02
2.861727979801893298e+02
2.862558896251269402e+02
2.862708342485838102e+02
2.863019991728252194e+02
2.862928151933267031e+02
2.863182754330288162e+02
2.863207906928619764e+02
2.863208749616918567e+02
2.863727773238586565e+02
2.863271416629541477e+02
2.863598017551927910e+02
2.863858480266443962e+02
2.861805515888631248e+02
2.862530521537764230e+02
2.863431599350377041e+02
2.863471065715815485e+02
2.864606640307508201e+02
2.864401788877383410e+02
2.864704297286975816e+02
2.864309100604982063e+02
2.863495654189067068e+02
2.862482762932783658e+02
2.862620563378411020e+02
2.863324576966797395e+02
2.862978636278658087e+02
2.864166024022529768e+02
2.864564550360462363e+02
2.863565602570536157e+02
2.864110865495024996e+02
2.864040288152460221e+02
2.864065561527028763e+02
2.864901929799049753e+02
2.864784609838340543e+02
2.866349727556097378e+02
2.864968103415238829e+02
2.865274155985965194e+02
2.864952566046594598e+02
2.865560305864023007e+02
2.864796870874536125e+02
2.864378899442236275e+02
2.864606092340692953e+02
2.864271198698742751e+02
2.864172828757417051e+02
2.863268971947582600e+02
2.864703782191143091e+02
2.865395944127898247e+02
2.865702257166229288e+02
2.864867722339873239e+02
2.864622385387184522e+02
2.865251161723020346e+02
2.864603369268889423e+02
2.865871134490180907e+02
2.866835115234610498e+02
2.865683449800231415e+02
2.866156582256992920e+02
2.865467612119444425e+02
2.864415731105443115e+02
2.865970442110186696e+02
2.865760521759252697e+02
2.864530883890148516e+02
2.866265347692334444e+02
2.865750522450032918e+02
2.866928876294312545e+02
2.865423429630150736e+02
2.864415947004728196e+02
2.865170707851232805e+02
2.866240089504159982e+02
2.866446609268778616e+02
2.866653380587998186e+02
2.866732171370917968e+02
2.867397187957721485e+02
2.866228018347499642e+02
2.865810190660594117e+02
2.864521952618462137e+02
2.864432640474171308e+02
2.865185980591430734e+02
2.866117131274637018e+02
2.867067521629165299e+02
2.867332093430293867e+02
2.867091052234968060e+02
2.866456294206142843e+02
2.866519413021896980e+02
2.866955924500638844e+02
2.866240683058945820e+02
2.867138102614115951e+02
2.867386495072121875e+02
2.867689250642536649e+02
2.868141977813206154e+02
2.868905028891040274e+02
2.868799806523135771e+02
2.868497457281668517e+02
2.868473318029943471e+02
2.863216670539256370e+02
2.864731220478299178e+02
2.866768283259107761e+02
2.866884433768237272e+02
2.867493693046450858e+02
2.866953196972181104e+02
2.868551501871526739e+02
2.867368591263013400e+02
2.866946602985777304e+02
2.864575955670730423e+02
2.864277204346897179e+02
2.865532485363846149e+02
2.866496169782664651e+02
2.867206498591983177e+02
2.868577831130967866e+02
2.868381995186187510e+02
2.869887569317545513e+02
2.870180539436479989e+02
2.870436322418926238e+02
2.870379416848590495e+02
2.871575499576513835e+02
2.871664147171438231e+02
2.871843255635561150e+02
2.871020487565626240e+02
2.871421109247723393e+02
2.871164623292007150e+02
2.871135222549619357e+02
2.870530436188994940e+02
2.870910255266139757e+02
2.871957993175647061e+02
2.872601133969525335e+02
2.870953914621244962e+02
