2.865603592841928844e+02
2.866728775784848722e+02
2.867003001567044862e+02
2.867018670132814577e+02
2.867377237716333980e+02
2.866920865306164501e+02
2.866231993005203549e+02
2.865766425917395281e+02
2.866142475823290283e+02
2.868504360772133737e+02
2.869532398493108758e+02
2.867725008716954562e+02
2.866474693393441271e+02
2.867190154858825508e+02
2.867768293648342137e+02
2.869464164873829759e+02
2.869127475505761140e+02
2.867000368761269442e+02
2.868109214080655534e+02
2.868378161469948395e+02
2.867016053805397746e+02
2.867427792512162341e+02
2.868741031003928583e+02
2.866378080114704971e+02
2.869041910799322181e+02
2.870444011487566627e+02
2.868266131879470322e+02
2.869210944565625141e+02
2.870885262523875667e+02
2.869256518276561678e+02
2.868653990406498338e+02
2.868962007883774845e+02
2.870256187896922029e+02
2.870036247631360311e+02
2.866696908108689286e+02
2.866874574912814069e+02
2.868551476871340924e+02
2.868711396762645904e+02
2.870578023845682196e+02
2.870571178280798676e+02
2.870195612295678416e+02
2.869451754374303505e+02
2.869811122689038143e+02
2.870915871110948387e+02
2.872139694521481488e+02
2.872027797235557500e+02
2.871536879265823359e+02
2.872228072431300347e+02
2.871153956973274148e+02
2.872705372397719543e+02
2.873084740145047249e+02
2.871697459004807342e+02
2.872819713194080009e+02
2.871881678618257752e+02
2.873251547298331161e+02
2.871392044941549671e+02
2.872658821713936845e+02
2.872557134766184959e+02
2.872701274123874668e+02
2.873695360557667868e+02
2.875766144898498737e+02
2.873998666320030111e+02
2.872444112743255005e+02
2.873432376197010854e+02
2.873386669147427028e+02
2.873668956030640516e+02
2.874092456516366951e+02
2.874409180121164127e+02
2.874462959903412980e+02
2.873812369266253768e+02
2.874657043334698869e+02
2.875962482826751625e+02
2.873626681640804463e+02
2.874182197133306431e+02
2.873950570830232323e+02
2.872845657943617539e+02
2.873875506382260596e+02
2.874385930173515362e+02
2.874552939978279369e+02
2.874109546408131450e+02
2.872832947549086384e+02
2.873289467442227760e+02
2.873367407319840936e+02
2.871723885201154758e+02
2.872266882944049939e+02
2.873065854494300879e+02
2.873992944955135158e+02
2.874265396262645140e+02
2.873894452501783121e+02
2.875513844863795612e+02
2.876745008571881499e+02
2.875079310309131984e+02
2.873256292306950854e+02
2.873297659777103377e+02
2.873666045149840329e+02
2.873612089389839070e+02
2.874845800231250905e+02
2.874821644854679903e+02
2.874077369297262408e+02
2.873741739257315544e+02
2.875179170114925569e+02
2.875567518065519721e+02
2.874458982005576217e+02
2.875469284357064907e+02
2.874579377306421861e+02
2.875142839313267018e+02
2.875402319236242761e+02
2.876357010394049212e+02
2.875906480048893741e+02
2.876059275013300862e+02
2.875906581177114845e+02
2.873832887056707932e+02
2.872502577897316201e+02
2.872953177334514976e+02
2.871435422404175029e+02
2.870882769634712872e+02
2.871370395753803564e+02
2.871921164901282850e+02
2.870779057940084726e+02
2.870987066506455108e+02
2.872015513355363510e+02
2.873482174063982484e+02
2.874660949389523807e+02
2.874350445166291479e+02
2.874392546176573546e+02
2.874209712791475226e+02
2.873495803031712512e+02
2.874008593534202305e+02
2.874172189982909345e+02
2.873996081090949701e+02
2.874956188506595254e+02
2.874360484744149176e+02
2.872650180617795854e+02
2.872508329441910178e+02
2.874597527044088565e+02
2.873993688151531387e+02
2.872932259736979859e+02
2.873438619712428022e+02
2.875324062145706989e+02
2.876085052083096798e+02
2.875274350040445484e+02
2.874376560224259833e+02
2.873276347758040288e+02
2.872069228337784352e+02
2.872686147589500365e+02
2.874212993807784642e+02
2.874416058962853526e+02
2.875373724387699781e+02
2.877666978078970601e+02
2.878383247098164475e+02
2.876458720933555924e+02
2.876885523994238838e+02
2.876991915217836890e+02
2.877795638216462635e+02
2.877673771924891071e+02
2.880131466378429081e+02
2.881702759797881868e+02
2.875975647890292635e+02
2.877019582092639780e+02
2.879076838946692192e+02
2.881501131669592155e+02
2.879064105046966802e+02
2.878907904741174093e+02
2.879494314368546952e+02
2.879889155891620476e+02
