2.859531332270125290e+02
2.858657522017189763e+02
2.858814855724235144e+02
2.860511809895622264e+02
2.858858971661246642e+02
2.857522787921970462e+02
2.859246575375624388e+02
2.857786611552189697e+02
2.856109849686602047e+02
2.858150178987145296e+02
2.860138150701382642e+02
2.858021217513314127e+02
2.859811217627244559e+02
2.859356594993874410e+02
2.857167842579644343e+02
2.857763170185446029e+02
2.860693031738832701e+02
2.859024822500117011e+02
2.860078875055677372e+02
2.860938972619189258e+02
2.859079252212029587e+02
2.859660901985586179e+02
2.860103288912733319e+02
2.859980226600052333e+02
2.859659594281355908e+02
2.860012564702790883e+02
2.859424034115880318e+02
2.860283321073996490e+02
2.859996742422673037e+02
2.861051224676735387e+02
2.860941976174947854e+02
2.859570973703756636e+02
2.859645958528956839e+02
2.861355934530271270e+02
2.858112729179746339e+02
2.857533569509030826e+02
2.861162746664205656e+02
2.862622685421345636e+02
2.858728527240764947e+02
2.859291695493872680e+02
2.860407303637222753e+02
2.857811404757436549e+02
2.859538949373108494e+02
2.863237712401465842e+02
2.859821916868214089e+02
2.860764854660971537e+02
2.862055716100692848e+02
2.859566348571122489e+02
2.860543074092893221e+02
2.863082605703127683e+02
2.860551387041284102e+02
2.860014123357562426e+02
2.860215128570464458e+02
2.858104326373485264e+02
2.857489597412941293e+02
2.860183418615333721e+02
2.858302301433384969e+02
2.858710730275633409e+02
2.860536537799220014e+02
2.858244619138238249e+02
2.858747457384764061e+02
2.861048609347209890e+02
2.857874407949052511e+02
2.858456208872372031e+02
2.859974332806839357e+02
2.858038904253065198e+02
2.858675366112661891e+02
2.860576152925063411e+02
2.859221280489296646e+02
2.860023411990312638e+02
2.861685449549504483e+02
2.859488445037040378e+02
2.860636844057179928e+02
2.860746506082210772e+02
2.858957177428192722e+02
2.860906933232250253e+02
2.860097983996069502e+02
2.859485394870330310e+02
2.860908389508869050e+02
2.860743128177151107e+02
2.861173837965297366e+02
2.863966674946276498e+02
2.861078898635414021e+02
2.860499381203410962e+02
2.863764716948395517e+02
2.862075758818378404e+02
2.860641276025043567e+02
2.863131242886946666e+02
2.862050322018212114e+02
2.860862939490056647e+02
2.863465971770953615e+02
2.864158081844527146e+02
2.860497896971592695e+02
2.861953568593712589e+02
2.863894429743039041e+02
2.861346050722177097e+02
2.862762969339003121e+02
2.865458014720607594e+02
2.861838691963488941e+02
2.862791502221476776e+02
2.863901579341672345e+02
2.860989083186607900e+02
2.862882860315348239e+02
2.863227707130028534e+02
2.860755349493269364e+02
2.861741170291505227e+02
2.862242411065930696e+02
2.862455779555639879e+02
2.862482960723776841e+02
2.862226677650568831e+02
2.862949368941653461e+02
2.862274428889234628e+02
2.862258045840613363e+02
2.863594349087588853e+02
2.861665084396419729e+02
2.859504574606802976e+02
2.859879091657318781e+02
2.859872007298415042e+02
2.861060825467969266e+02
2.860899495816974536e+02
2.859489343496697416e+02
2.862591672534136364e+02
2.862986124960788743e+02
2.860640006595635327e+02
2.861926186169155244e+02
2.862920195471351121e+02
2.861230197147831973e+02
2.863367661377592412e+02
2.864409890182006961e+02
2.863093159625690873e+02
2.865878963232359524e+02
2.863009360516978177e+02
2.862287116334045436e+02
2.863375878925334064e+02
2.862586144472516025e+02
2.863104594319605667e+02
2.865106695487840511e+02
2.864085208231114734e+02
2.864238238885212127e+02
2.864780420908509200e+02
2.866036895848289987e+02
2.865747924930172985e+02
2.862194334303063101e+02
2.862975478156310487e+02
2.867985384722558706e+02
2.865522267615749570e+02
2.865694036161990539e+02
2.867457108144692484e+02
2.869870617781053852e+02
2.868209198980621863e+02
2.868863761510123709e+02
2.871224583713841980e+02
2.869813071818507524e+02
2.868532927658301901e+02
2.870294778842841765e+02
2.871472225685336639e+02
2.868352631021670049e+02
2.869388583370620154e+02
2.871777541248927150e+02
2.870050521904490779e+02
2.869531856587835250e+02
2.872258934294308688e+02
2.870499803592588819e+02
2.869492553875865042e+02
2.872222518244466869e+02
