2.856822470911898222e+02
2.857068155507793676e+02
2.857325376464642090e+02
2.856431287494785352e+02
2.855557199681164775e+02
2.856842994834289584e+02
2.856479755028134946e+02
2.857120172996313272e+02
2.857495587267169981e+02
2.855686952241571817e+02
2.857035593252826402e+02
2.856138493520191446e+02
2.856780136569694264e+02
2.857954546224908086e+02
2.855570096794444339e+02
2.856683982191448763e+02
2.857393654044587379e+02
2.856657523322566590e+02
2.856467159028852052e+02
2.857163717565062484e+02
2.856128068672724112e+02
2.855653557026540170e+02
2.855711493864057502e+02
2.856131896884981529e+02
2.856964306826003508e+02
2.855008013013231789e+02
2.856308049182376294e+02
2.856982683054027348e+02
2.855788413375057075e+02
2.856393004076402349e+02
2.855584169523443734e+02
2.855149274287857679e+02
2.855347844910220942e+02
2.854662651124651234e+02
2.854351663196983395e+02
2.854349938936995272e+02
2.854286930188698648e+02
2.854322935272462018e+02
2.855639203010300093e+02
2.855000720346540106e+02
2.855399087891934755e+02
2.856381881948008754e+02
2.855267452455375405e+02
2.855106349502153762e+02
2.855974337913593217e+02
2.856676581734754450e+02
2.857059633987363441e+02
2.856299793816566535e+02
2.857701480614562684e+02
2.857175600060070337e+02
2.855531179956623760e+02
2.854702688456534361e+02
2.855270545848525217e+02
2.854589445871256430e+02
2.855280590118294981e+02
2.856516876598047361e+02
2.856201094100580917e+02
2.855488683672422781e+02
2.855346828715025254e+02
2.856088704462467263e+02
2.856113216746265948e+02
2.856612444838147553e+02
2.856237297174118908e+02
2.855880520967317580e+02
2.854921388610553663e+02
2.855271273704987038e+02
2.855768673650526921e+02
2.855683101234283754e+02
2.856227134902841271e+02
2.855811023544083014e+02
2.854362177141144343e+02
2.855484213564420770e+02
2.855122198172708181e+02
2.856149237283248681e+02
2.856803281033515418e+02
2.855419310304912983e+02
2.857436830371020164e+02
2.856246921300045756e+02
2.854109826490216051e+02
2.856173878733200695e+02
2.855900061336668045e+02
2.854401918758343868e+02
2.855854839140284298e+02
2.857013607416412810e+02
2.856943354115425677e+02
2.857592722787097728e+02
2.858002054747582292e+02
2.857335754012722759e+02
2.857126191733590304e+02
2.857650948040656544e+02
2.856532096860442493e+02
2.855303933904859264e+02
2.858564003743949229e+02
2.859787559306098501e+02
2.857113707953027415e+02
2.854570481413651351e+02
2.856207560620940171e+02
2.856812093465451312e+02
2.857238241294118666e+02
2.856968540370052665e+02
2.857644465724598604e+02
2.856815969708493412e+02
2.856249003290486144e+02
2.856587233050751706e+02
2.856241563590148189e+02
2.855036060100680970e+02
2.856682676850826397e+02
2.857340642277252414e+02
2.857003532378636237e+02
2.857257002526709471e+02
2.858021689543253956e+02
2.857560341383935452e+02
2.856819092469034445e+02
2.856187776346000078e+02
2.856945030837525223e+02
2.857720583638457015e+02
2.856952677575532107e+02
2.856637630289412186e+02
2.855823859773242930e+02
2.857017467239593884e+02
2.857676560213601533e+02
2.858977236884229001e+02
2.856952032542139364e+02
2.857297358918179953e+02
2.856843162375089378e+02
2.857540810080725464e+02
2.858306378455208687e+02
2.857847565619155716e+02
2.860606563412585501e+02
2.860150460850258582e+02
2.860570931338155560e+02
2.859569661519678334e+02
2.859715820665616661e+02
2.859461673847020506e+02
2.860874892454140195e+02
2.859820340394871891e+02
2.859100073977317038e+02
2.859859542146214153e+02
2.860686825862159708e+02
2.861690196555607031e+02
2.859775254740916921e+02
2.859482803927688224e+02
2.857630812859036382e+02
2.858616780596130411e+02
2.860290135834195553e+02
2.862839843767469006e+02
2.863069403561117383e+02
2.861649549426491603e+02
2.860202130726536893e+02
2.861443141881676979e+02
2.863412149548804564e+02
2.864019590433746316e+02
2.862531165339557901e+02
2.862247758834159868e+02
2.862412133704238499e+02
2.863689685405487921e+02
2.862561116005227859e+02
2.863395021009687298e+02
2.864877157718906915e+02
2.864429542412398746e+02
2.864717508612853862e+02
2.864373323960937228e+02
2.864295416250095627e+02
2.864624142175125030e+02
2.865500124432772964e+02
