2.856428277095089925e+02
2.856341133425672183e+02
2.856595035593780949e+02
2.857904562862044600e+02
2.858391907146314566e+02
2.855793940401543409e+02
2.856360381557167329e+02
2.855482992155454554e+02
2.855443685773237235e+02
2.855395296680854358e+02
2.856291873715007910e+02
2.856212620198047603e+02
2.854355586628241213e+02
2.854818054564257750e+02
2.854677300934089317e+02
2.856165267007266948e+02
2.855862404474705158e+02
2.855895753997627935e+02
2.857550718359611892e+02
2.857978408710005169e+02
2.858696983235238349e+02
2.856642546015647781e+02
2.856205440068428629e+02
2.857343869956292224e+02
2.855921133868257584e+02
2.855592894905002481e+02
2.856637753299975770e+02
2.854914513603580986e+02
2.856141526743841155e+02
2.855586028578007358e+02
2.856834429194429390e+02
2.856891489307910774e+02
2.855189487184764516e+02
2.854875074282061291e+02
2.854205759565986114e+02
2.854445884109342728e+02
2.854929625858958957e+02
2.855612992346724468e+02
2.855482340690054457e+02
2.855322469978440836e+02
2.854709982403709887e+02
2.855209177315062448e+02
2.855392437375255099e+02
2.853559353175481306e+02
2.855515283461019749e+02
2.855499747140613067e+02
2.855413596475082159e+02
2.856508849743257201e+02
2.854475209988839310e+02
2.855046709338926121e+02
2.856736433469814074e+02
2.855454397506628652e+02
2.856566941100923600e+02
2.854711923216257787e+02
2.854158263071407191e+02
2.854663972591889092e+02
2.854249841163873498e+02
2.854636051534312173e+02
2.855580604071014363e+02
2.855411110280383582e+02
2.856335966833565863e+02
2.854069795129306044e+02
2.853831863115825627e+02
2.854253585965267916e+02
2.854464759448684390e+02
2.854611393334772629e+02
2.856395043061773436e+02
2.855976975334714894e+02
2.856534858228775988e+02
2.856189834369340019e+02
2.856469202085874599e+02
2.855986209784230141e+02
2.857307993972255531e+02
2.859134186051998654e+02
2.856570791787002008e+02
2.857356440990187707e+02
2.857808506490345053e+02
2.857735980810265914e+02
2.857670254435094535e+02
2.856903403807512518e+02
2.857179482956518086e+02
2.857136355968903558e+02
2.856769909474136284e+02
2.856212411401949112e+02
2.856080184291624846e+02
2.858079119550655491e+02
2.858966869307952834e+02
2.857084592963703358e+02
2.857942597904086028e+02
2.857585766812943007e+02
2.856785020451760033e+02
2.856955127320638326e+02
2.857615874788135102e+02
2.857925802025989128e+02
2.857884063922734299e+02
2.857314069655093931e+02
2.857541229223133428e+02
2.857700874497829204e+02
2.858785325569123756e+02
2.858343018299624987e+02
2.856704059020552791e+02
2.857410630453945828e+02
2.857590014635081275e+02
2.857865400902113038e+02
2.858237000008155064e+02
2.857935266150597613e+02
2.857465279698976133e+02
2.857082534773530256e+02
2.857024638777972427e+02
2.856786977106795007e+02
2.857669088815351301e+02
2.858329350597633152e+02
2.857052686449147814e+02
2.857254318127203874e+02
2.855968950662218617e+02
2.854059935980666864e+02
2.857277865763365980e+02
2.857022883640862005e+02
2.856037989406631254e+02
2.855996275699364446e+02
2.855537161749613801e+02
2.856321311019062819e+02
2.858621694632043386e+02
2.857889580162214429e+02
2.857604713306729423e+02
2.857359084319196540e+02
2.856467530484010808e+02
2.855731223726734811e+02
2.858461875930128713e+02
2.859355238274618500e+02
2.860423508421083056e+02
2.861209764475036650e+02
2.858697714400018981e+02
2.858846197816698691e+02
2.858776910409114294e+02
2.860714209705325288e+02
2.861637487127577515e+02
2.860520130682513127e+02
2.860051872611104500e+02
2.859702315079702544e+02
2.860720087457191880e+02
2.860687119593564489e+02
2.858812597330007179e+02
2.859855894312326541e+02
2.859873398235276909e+02
2.858824149027268504e+02
2.860498449977598057e+02
2.862903528720192412e+02
2.861376562923876463e+02
2.862590358215618949e+02
2.862488830719672706e+02
2.862499120340083891e+02
2.863731719409086622e+02
2.863336543283277820e+02
2.862880775001139568e+02
2.862807318771317000e+02
2.863166792675657462e+02
2.863373456260140415e+02
2.863749031210875273e+02
2.863189992291380008e+02
2.864113592814658773e+02
2.866042912887609191e+02
2.864749960575102818e+02
2.866461304407505395e+02
2.866730866764329448e+02
