2.857035391436897953e+02
2.856822914131450943e+02
2.857211863986794356e+02
2.857569967637353443e+02
2.857861991491816980e+02
2.857022768816666485e+02
2.856562943882339596e+02
2.857528598772403257e+02
2.857431403724191341e+02
2.858629082137653654e+02
2.858216338237553487e+02
2.857982540322721547e+02
2.856232937949728239e+02
2.856334463804634538e+02
2.855834374112737351e+02
2.856929733802011810e+02
2.857050687625029468e+02
2.856969795214435521e+02
2.857623148246818801e+02
2.856701666375524269e+02
2.856124335961685006e+02
2.856525112151522876e+02
2.856448321340681673e+02
2.855566214797036082e+02
2.857078361724962292e+02
2.857502883754688696e+02
2.856363611089557821e+02
2.856609051988805845e+02
2.856682305705981548e+02
2.855630872383036376e+02
2.855706604451550561e+02
2.855842727785800435e+02
2.856712629201538789e+02
2.854936017649915243e+02
2.854193935948737817e+02
2.854972805167364527e+02
2.855199419678799586e+02
2.855427758651911745e+02
2.854526592584972491e+02
2.855538156228438993e+02
2.855619667638173382e+02
2.853993541380501142e+02
2.854847285508921004e+02
2.856174184352331622e+02
2.856139841827887267e+02
2.855895841688582664e+02
2.857188474891773922e+02
2.857443910470287278e+02
2.856670715548087287e+02
2.856491503734386015e+02
2.855441296543955900e+02
2.855568707984052139e+02
2.855413858163908003e+02
2.855660616316440041e+02
2.855612405128118780e+02
2.854892346024698213e+02
2.855319156720520937e+02
2.856040292783606560e+02
2.854488823502080095e+02
2.855778157639233541e+02
2.855116240015897233e+02
2.856144431694772834e+02
2.855010730363445077e+02
2.855374610035024716e+02
2.855703985812323822e+02
2.854327760529214970e+02
2.855593427954441381e+02
2.856662734965917139e+02
2.855969986523084003e+02
2.855692371859464629e+02
2.856592840578780965e+02
2.857833699413361046e+02
2.856080152900004805e+02
2.855900823835058873e+02
2.855682171906727262e+02
2.856128469937015097e+02
2.855766400233653144e+02
2.855056060913746592e+02
2.856759786643127086e+02
2.857511329407498692e+02
2.857482828216858479e+02
2.856146831314576957e+02
2.856268527747965891e+02
2.856923840655867934e+02
2.856361646951287980e+02
2.855518501406813812e+02
2.857931400889897873e+02
2.856764708379224658e+02
2.855829581106067394e+02
2.857768064120416511e+02
2.856373631959195905e+02
2.855372671320672566e+02
2.855878318757602301e+02
2.856274985768682200e+02
2.856249598622270582e+02
2.856308720811854300e+02
2.858600939979698410e+02
2.857350491653199924e+02
2.856099482065186521e+02
2.857018791338882693e+02
2.856324754675193844e+02
2.857315400668035181e+02
2.858106790212643205e+02
2.858098088720798273e+02
2.857607250624002972e+02
2.858671198883991451e+02
2.857597710179001638e+02
2.857921505907888218e+02
2.859359461707405217e+02
2.860362520564509055e+02
2.859084240453369716e+02
2.859002075811005170e+02
2.858860111976286476e+02
2.856335098133092174e+02
2.857202389008061800e+02
2.857464225541461360e+02
2.858317013208625212e+02
2.856824377535367603e+02
2.857771682022207074e+02
2.856687134628687659e+02
2.858200129480362079e+02
2.856073008009139471e+02
2.857327406266202274e+02
2.858815033812815614e+02
2.857530244821545011e+02
2.857943750273993260e+02
2.857243610589204081e+02
2.857919155876145396e+02
2.859232876245289958e+02
2.859211389663275895e+02
2.858802757911082040e+02
2.858645004382374850e+02
2.858001671956448604e+02
2.859404335123184637e+02
2.860723660205102874e+02
2.859649974663188914e+02
2.859573675790311427e+02
2.858329953930852412e+02
2.859219704178000256e+02
2.860367160056597982e+02
2.860571429465491633e+02
2.861345609898530142e+02
2.859374031570499142e+02
2.858452525124815793e+02
2.861836542568814252e+02
2.863186638700159961e+02
2.859609023666016583e+02
2.861366994253383496e+02
2.862113970765944373e+02
2.861006601598876955e+02
2.860839223497912940e+02
2.862982064308461645e+02
2.862543093723185166e+02
2.861013557772370746e+02
2.864550948654267017e+02
2.864620537394554844e+02
2.862361721676382444e+02
2.861651838161986348e+02
2.863577922187403715e+02
2.863946060945269778e+02
2.864303925632178220e+02
2.863686727417260158e+02
2.863379442862920996e+02
2.864579346882561026e+02
2.863991117864656530e+02
