2.863840370135205262e+02
2.865694626371985692e+02
2.866921192735235309e+02
2.866847576854606245e+02
2.865326329249917876e+02
2.866636729821483414e+02
2.866321988410656445e+02
2.865493991349996463e+02
2.864446864894873102e+02
2.868189469704042835e+02
2.866396954357258551e+02
2.865608090395992917e+02
2.865628947969564706e+02
2.864773916931927147e+02
2.866807303203228798e+02
2.866514997608258000e+02
2.866975801411267639e+02
2.867397546681850713e+02
2.865874085602641799e+02
2.866503859558490603e+02
2.867032984738168011e+02
2.866320065317092372e+02
2.867204557294656411e+02
2.866376361352488971e+02
2.867187078871929202e+02
2.866561427663534118e+02
2.866250229687070146e+02
2.867019814534261286e+02
2.866981335839580538e+02
2.867565620845361991e+02
2.867872097241169058e+02
2.866648975277297495e+02
2.866514439569965020e+02
2.867584723165596756e+02
2.865387996553617427e+02
2.864982739864280461e+02
2.866244352074261315e+02
2.865935044962986922e+02
2.866145100182693000e+02
2.866849987552020025e+02
2.866767574256360263e+02
2.867027608757785515e+02
2.867593845036223001e+02
2.868000643191072641e+02
2.868045602707898638e+02
2.867700487941519327e+02
2.868310986395924829e+02
2.869051308903545987e+02
2.868884831609362323e+02
2.867710000416593061e+02
2.868476161084702767e+02
2.868551759106950954e+02
2.869337485241163108e+02
2.867372523466414691e+02
2.867667508667794323e+02
2.866802543476709957e+02
2.868346578478042375e+02
2.867877441157552312e+02
2.867891237130027662e+02
2.869988616610863232e+02
2.870734122178545817e+02
2.869217580488426620e+02
2.868987791226189756e+02
2.868531027576331098e+02
2.868612473716830209e+02
2.870738371566176284e+02
2.870694518386862342e+02
2.871602743952898891e+02
2.870022386864457076e+02
2.869448650264413345e+02
2.870240296375204139e+02
2.870761037773476687e+02
2.870070428592887311e+02
2.869557228946223404e+02
2.869017048116707542e+02
2.869024354523133411e+02
2.870366794691349241e+02
2.871193287362961541e+02
2.869365874977925159e+02
2.870604911297011199e+02
2.869519610370280134e+02
2.870785970312282416e+02
2.870205806941513629e+02
2.869529716125412051e+02
2.869820317245747106e+02
2.868476913649690800e+02
2.869397940889869574e+02
2.870278259490606274e+02
2.871305549830769337e+02
2.870108144825550767e+02
2.870495982575803851e+02
2.870782048052739697e+02
2.868412081358918044e+02
2.869222822851377259e+02
2.869570883823198528e+02
2.867999655543235917e+02
2.868716848108804243e+02
2.870452550047012323e+02
2.869788014297730570e+02
2.870558223440942243e+02
2.868189891799188445e+02
2.868255621316063184e+02
2.868572760142957918e+02
2.866534459780384054e+02
2.867829749716612469e+02
2.868154491303105260e+02
2.869656623163452309e+02
2.870468830955005046e+02
2.871214003840162832e+02
2.870132614009522172e+02
2.870805157442553082e+02
2.871486467518815857e+02
2.869399364393603378e+02
2.869488579045273013e+02
2.868963137287789777e+02
2.869361548465137730e+02
2.869403629872551278e+02
2.868647729965460371e+02
2.869485927729929244e+02
2.869613126585765599e+02
2.868535592770668359e+02
2.869006525332058004e+02
2.868796192507799674e+02
2.867670003326360870e+02
2.869257303531625212e+02
2.868971177403048500e+02
2.868789177275201041e+02
2.869773252794432210e+02
2.870863602828198964e+02
2.867257170365878096e+02
2.869580352389282893e+02
2.869844868299510381e+02
2.870306786720551600e+02
2.869283657893142276e+02
2.869787286220873739e+02
2.867785950468727947e+02
2.870066548650009395e+02
2.870090715315881766e+02
2.868999967402846210e+02
2.869969884030345497e+02
2.871404385225155238e+02
2.869672938999335656e+02
2.869377525218205278e+02
2.870169770587403377e+02
2.870192844159461174e+02
2.868859352409876919e+02
2.869598222782623793e+02
2.868808235030627429e+02
2.871513823040525040e+02
2.870942910910171690e+02
2.871745404381591698e+02
2.871260061549509714e+02
2.870544484402481658e+02
2.871641130695861079e+02
2.871021826268969903e+02
2.871899432168068529e+02
2.871644796761508474e+02
2.871253475935184269e+02
2.873694686947322339e+02
2.873969062206231797e+02
2.871546832968934950e+02
2.872440178670444766e+02
2.874351412395137118e+02
2.875168811591068447e+02
2.873319788259590837e+02
