2.873286712991645686e+02
2.873541054822560454e+02
2.875298554635845107e+02
2.874396647929295909e+02
2.872651044390609627e+02
2.874107323953383002e+02
2.875026231102929160e+02
2.873677880559118876e+02
2.873740836360908020e+02
2.873814021531625258e+02
2.874599254115689178e+02
2.874314386226048441e+02
2.875364511312142781e+02
2.873542540233340219e+02
2.872975723136387955e+02
2.873815819205521507e+02
2.875681856537070757e+02
2.876763228628663569e+02
2.875175935956199282e+02
2.875012127367929224e+02
2.876482614098471799e+02
2.876551098124419354e+02
2.877122364896876547e+02
2.876635900936531129e+02
2.875887163068662176e+02
2.875270346133142993e+02
2.874788442507887680e+02
2.874863247181834254e+02
2.876470810573362087e+02
2.877403639365772392e+02
2.873705995874503856e+02
2.874246230180195312e+02
2.874458094524020453e+02
2.875352972131044567e+02
2.873009648033037706e+02
2.873626948839419697e+02
2.874095945031036763e+02
2.874749952408169520e+02
2.874759405679080260e+02
2.874310369430343712e+02
2.874947772196101710e+02
2.875377859251212271e+02
2.875569304199369185e+02
2.876449938897110883e+02
2.876987755402135463e+02
2.878371286598584788e+02
2.877786341681281783e+02
2.875949606990170651e+02
2.874683149877132564e+02
2.875431141147842595e+02
2.876035572636915845e+02
2.875764793838199012e+02
2.877546509517955542e+02
2.875084596690070953e+02
2.874093757782288208e+02
2.875899414359100206e+02
2.877214092578199711e+02
2.874992617031962254e+02
2.874790716479533899e+02
2.874804702492668298e+02
2.876112190765859964e+02
2.876395981385426808e+02
2.876652370012226925e+02
2.877205441581606351e+02
2.875801118713013693e+02
2.874815529926200952e+02
2.875539455712221866e+02
2.875792717290014480e+02
2.876275376812922673e+02
2.877427193988816612e+02
2.877506892112008359e+02
2.878308180071372817e+02
2.880165255125627937e+02
2.878482902375112076e+02
2.876661213257290797e+02
2.876293043818812407e+02
2.876442489086272758e+02
2.876609762768604242e+02
2.877753403616490573e+02
2.877852401808079321e+02
2.878093943324162183e+02
2.878653362686439436e+02
2.878309337937971577e+02
2.877019040518723614e+02
2.876541874538749539e+02
2.878459264854516846e+02
2.878242623784986449e+02
2.878176434227947880e+02
2.880318366099876926e+02
2.880272219945723577e+02
2.880051219534088318e+02
2.877273079501501911e+02
2.878016559503776648e+02
2.878737989308531269e+02
2.877156754479959204e+02
2.879376219401769958e+02
2.880385182112420921e+02
2.880225331437999330e+02
2.881387455688164891e+02
2.880809222627623853e+02
2.877532147944459098e+02
2.878457602355513814e+02
2.880247185049626637e+02
2.880313400826624957e+02
2.877189322438056820e+02
2.877381890756965390e+02
2.878660380874975431e+02
2.879618446995900172e+02
2.881083588972983875e+02
2.878877506170688889e+02
2.877123343223319694e+02
2.878656081318397923e+02
2.878927908144278263e+02
2.880148045988652825e+02
2.876726513477237290e+02
2.875700604500427744e+02
2.879182947549419964e+02
2.876799318175010853e+02
2.876922547280117328e+02
2.877652415526320056e+02
2.878183091041467492e+02
2.880482772284331077e+02
2.878275389154721893e+02
2.876476220927514191e+02
2.878726104695338677e+02
2.879639922017976801e+02
2.878218075065272501e+02
2.876739256632873207e+02
2.877402621340842188e+02
2.878649389821039222e+02
2.879408718819481123e+02
2.879765912705735218e+02
2.877873978981855316e+02
2.877486612514641706e+02
2.878193566578540299e+02
2.878433855684373839e+02
2.878572918693241718e+02
2.878858035824677586e+02
2.881396928231136485e+02
2.882991017320567266e+02
2.880993853482240752e+02
2.881082666940461081e+02
2.880105505808416524e+02
2.881032371500232898e+02
2.879919550789479104e+02
2.880970183447485624e+02
2.884401161726798932e+02
2.885469896101412246e+02
2.882745021177608464e+02
2.881828227270942193e+02
2.883198015869872393e+02
2.886456226430451011e+02
2.886430518856853382e+02
2.884835825618475837e+02
2.885959494068806634e+02
2.887521616700842628e+02
2.890390286689074060e+02
2.887401678211527383e+02
2.887593014719220150e+02
2.889808349345996703e+02
2.887648084859619644e+02
2.887275249152789343e+02
2.888603584535229629e+02
2.890461845572183961e+02
2.888587184598783324e+02
