2.867500609683844459e+02
2.866515224848657795e+02
2.865925898544994084e+02
2.867276089964130392e+02
2.868103540308929951e+02
2.865952738444601096e+02
2.867096290318975207e+02
2.867432466689323860e+02
2.866262002273339817e+02
2.866171402508443862e+02
2.866721722163929940e+02
2.867576597702708341e+02
2.865986800311069942e+02
2.865530505977764619e+02
2.865815943307595717e+02
2.865292829604563849e+02
2.866959240258179875e+02
2.866145956038442932e+02
2.865099006883702373e+02
2.865162603183289889e+02
2.865297937362727794e+02
2.867848841868469094e+02
2.866996199671651198e+02
2.865889587955261391e+02
2.866473773337205557e+02
2.865408217205089727e+02
2.864749065076067041e+02
2.865816416158384641e+02
2.865871698583131888e+02
2.865452038596053512e+02
2.866740033190952204e+02
2.866655604688540393e+02
2.866228577657315668e+02
2.864966616824801804e+02
2.863630733620922229e+02
2.863963646651531576e+02
2.864720164054086808e+02
2.863736695090217381e+02
2.864427109995860405e+02
2.862266173645055005e+02
2.864275628452166984e+02
2.864701417973296316e+02
2.865085422091390228e+02
2.865663720097809914e+02
2.865894766211761180e+02
2.866629522029200530e+02
2.866368499298333177e+02
2.865928232067279282e+02
2.865585592501738006e+02
2.865675130746139985e+02
2.866501778523974622e+02
2.866688247627392343e+02
2.867251517239575946e+02
2.863536819733069478e+02
2.864851025300119431e+02
2.865710412155821700e+02
2.865293124428658871e+02
2.866353708558016251e+02
2.865463942509570643e+02
2.862705140866189026e+02
2.864925624830626134e+02
2.866007627988141735e+02
2.866152311035668276e+02
2.865697115082159030e+02
2.865456746380635877e+02
2.867166551780108534e+02
2.867338042883731646e+02
2.867677255169581372e+02
2.866777927616851116e+02
2.867796828023165290e+02
2.865705167736002181e+02
2.867955360857573623e+02
2.866006924975922061e+02
2.867293203084595916e+02
2.868269503970308847e+02
2.867280176148933606e+02
2.866776604875157659e+02
2.866152900781648327e+02
2.866847260549372436e+02
2.866960250082360062e+02
2.867151105205917361e+02
2.868471929348779099e+02
2.867309462034674539e+02
2.868876702233411606e+02
2.867901489194410374e+02
2.868713945348102357e+02
2.869842841970357199e+02
2.869690342148801392e+02
2.869200329017056106e+02
2.870307076055108269e+02
2.871435021411060688e+02
2.869263223185420770e+02
2.870394139790325312e+02
2.871443946174891835e+02
2.870666132759176321e+02
2.871531974201552089e+02
2.871280418299880353e+02
2.870556775667651550e+02
2.871149010241387600e+02
2.870680890545522175e+02
2.869495131638144017e+02
2.870941780694044496e+02
2.870353316054823267e+02
2.869292426434703316e+02
2.870697664729465828e+02
2.871278403293056840e+02
2.870274443574737120e+02
2.870481660767995322e+02
2.870385524696724246e+02
2.872262150506875287e+02
2.872562386911519638e+02
2.871081072116087967e+02
2.871647807191893094e+02
2.870811607391641473e+02
2.869502836141171542e+02
2.869328611915221927e+02
2.870803805427015618e+02
2.870299780047436116e+02
2.869708636286272281e+02
2.871972593443560413e+02
2.869902952190564065e+02
2.870638499033435096e+02
2.871178327612100816e+02
2.870528305426410611e+02
2.868765834304405757e+02
2.870364973792672458e+02
2.870231308222441839e+02
2.873347236983976813e+02
2.871582919839599413e+02
2.872104043286011006e+02
2.873087144666807831e+02
2.872820845219416128e+02
2.871611986622592099e+02
2.871115491214025610e+02
2.873217603794303727e+02
2.872375386361883898e+02
2.871494004215288101e+02
2.872454783861545025e+02
2.872649928648560831e+02
2.874290826643837136e+02
2.873168939921272909e+02
2.874883874664282644e+02
2.873077396240271355e+02
2.871668244801369951e+02
2.874323836223273361e+02
2.874696112367378191e+02
2.874386497460885153e+02
2.876439458906724553e+02
2.875627969289846533e+02
2.875365670600417616e+02
2.875572606354279515e+02
2.875861330541111442e+02
2.875697254207152014e+02
2.874194721850751080e+02
2.875385262141776934e+02
2.874975848937318119e+02
2.874282330839321276e+02
2.876621194616929529e+02
2.874894915687602293e+02
2.876376539818097058e+02
2.876309230352783288e+02
2.873972993208004141e+02
2.875934035875073960e+02
2.877619508629014149e+02
2.876023971686561822e+02
