2.874210306431912727e+02
2.874997837160970562e+02
2.874246256670354569e+02
2.871202360887526197e+02
2.871028642979433130e+02
2.871842110448214953e+02
2.872830689396128037e+02
2.874536784088954278e+02
2.871681620857183361e+02
2.870828960621897181e+02
2.873398395232569555e+02
2.875990673143974732e+02
2.873588247113227681e+02
2.872093841085064696e+02
2.871151203146269495e+02
2.873278579338565919e+02
2.874736069550233992e+02
2.871439196548494692e+02
2.871444787691206670e+02
2.874578454318216814e+02
2.875434082550506218e+02
2.872984300590351836e+02
2.873284947617474359e+02
2.874604214851958091e+02
2.876082740159387185e+02
2.876704699774514893e+02
2.872918170617846272e+02
2.871720931627837672e+02
2.874248769152806631e+02
2.875815698634493742e+02
2.873170103407647957e+02
2.871198492378376272e+02
2.870548140782259452e+02
2.871425425403182885e+02
2.870524644923081610e+02
2.871390407924820352e+02
2.869969657740880962e+02
2.869913224958496585e+02
2.871852348726557693e+02
2.872160455555741123e+02
2.873138724759984939e+02
2.871649106151639330e+02
2.872614205608235238e+02
2.874442916642124146e+02
2.874901759910858914e+02
2.874358146935084619e+02
2.873065421963125914e+02
2.875180786361083278e+02
2.874242198159378745e+02
2.873592896108127093e+02
2.874642808696928000e+02
2.873109774929106948e+02
2.873238066494652116e+02
2.871852079495940302e+02
2.873732912418525984e+02
2.874026288203639865e+02
2.871603645948973167e+02
2.872107173364335608e+02
2.874414746989140781e+02
2.875794246222876041e+02
2.872991984003293169e+02
2.872770161767344348e+02
2.874063451775274416e+02
2.873542108383426807e+02
2.871462474185066753e+02
2.873179196496085410e+02
2.874788718876282019e+02
2.875496635775824075e+02
2.877119929680394534e+02
2.873053696901092167e+02
2.871465469434706961e+02
2.871746856496671398e+02
2.873200953692872872e+02
2.876474799967764966e+02
2.877385678940532898e+02
2.873479826343636887e+02
2.873437796228468528e+02
2.875350787391520271e+02
2.876004592487366267e+02
2.873701992049271325e+02
2.872977770992889646e+02
2.873778537183659978e+02
2.874426586241138466e+02
2.874043033283404043e+02
2.875237344174681198e+02
2.875515616369037275e+02
2.874929981093139872e+02
2.873831769575708108e+02
2.875887087970327229e+02
2.874390940063926791e+02
2.872600337695236590e+02
2.874972974096635312e+02
2.875535686510500568e+02
2.872763324224158055e+02
2.872494469782486703e+02
2.873014952945835034e+02
2.876610198994921461e+02
2.878218505383866841e+02
2.876709268313151142e+02
2.875506571108801950e+02
2.875709390216371162e+02
2.878194965506075391e+02
2.878312842985773727e+02
2.880872468396286763e+02
2.882829193058178134e+02
2.880642410488888459e+02
2.879063021294685427e+02
2.882011382303048777e+02
2.883469006275900028e+02
2.881891687789447474e+02
2.879922263796245261e+02
2.881036935410272122e+02
2.884824836809365252e+02
2.882850882568850466e+02
2.883685344201194312e+02
