2.867905527803200698e+02
2.866360269876157076e+02
2.865813269946215200e+02
2.866011230215431738e+02
2.864463472192099402e+02
2.864463207416075647e+02
2.865645321693680785e+02
2.866092579341055853e+02
2.866153050741495463e+02
2.865673232746170811e+02
2.867098721465233098e+02
2.864545037464836810e+02
2.864450191718626115e+02
2.864439030391080223e+02
2.863584677845875035e+02
2.863400389074278110e+02
2.863930314150376830e+02
2.864854749107439034e+02
2.864527624731611581e+02
2.863240619196029115e+02
2.864398272157180259e+02
2.863747006297871280e+02
2.864961858810859781e+02
2.865141459187757960e+02
2.864657441340930859e+02
2.863848634904089749e+02
2.863978010234600333e+02
2.864317422222345044e+02
2.865406696173986347e+02
2.866578399775019648e+02
2.866051998568152612e+02
2.864426175797623841e+02
2.864372998314194660e+02
2.863146716874318827e+02
2.861032080763138765e+02
2.861163837333564288e+02
2.861339127103946680e+02
2.862041156799635360e+02
2.862457800094047116e+02
2.865484362046553315e+02
2.864897709237986305e+02
2.864107032849087773e+02
2.863310889713120559e+02
2.865134823763860936e+02
2.864640562669308679e+02
2.863859434157196233e+02
2.864074310486964805e+02
2.863678130415265741e+02
2.864752768148712221e+02
2.863491481232752562e+02
2.865043407379981204e+02
2.864762188821841846e+02
2.864610465639686936e+02
2.862975622393432218e+02
2.861792175257422173e+02
2.862737959308757354e+02
2.864493430459307319e+02
2.864234205813468179e+02
2.863047689458333593e+02
2.862670187561651005e+02
2.864626424525790185e+02
2.864854658452204035e+02
2.864975806559663738e+02
2.863730733690206876e+02
2.863959378724694602e+02
2.864625312089694944e+02
2.863749748672956343e+02
2.865133253238474822e+02
2.866102491580231231e+02
2.866021867444179065e+02
2.865966912645212687e+02
2.866015482612631899e+02
2.865330509378289321e+02
2.865317235220455814e+02
2.866966512314342594e+02
2.867875503573811784e+02
2.866922522628867682e+02
2.865544076177473016e+02
2.863101418023227893e+02
2.865309510964649462e+02
2.865992868294436562e+02
2.865636102341759397e+02
2.865826652986805243e+02
2.867058832332029965e+02
2.866930954279823140e+02
2.863693035708196817e+02
2.862376595088770159e+02
2.863980438071799313e+02
2.865288374157498197e+02
2.864802269285801799e+02
2.862930929846282311e+02
2.863313218223442504e+02
2.866820186251043765e+02
2.866053469802965878e+02
2.863963394889637470e+02
2.863820311377024268e+02
2.863187580345240804e+02
2.863312238408518056e+02
2.863201345430927063e+02
2.863773121604202174e+02
2.866158656996918239e+02
2.864514549562719026e+02
2.864231048573654448e+02
2.864139848414111498e+02
2.864539377340574902e+02
2.864997157714184937e+02
2.864323297046849461e+02
2.866338125627631257e+02
2.863844102966072001e+02
2.863600580187377886e+02
2.866442221769323169e+02
2.865753103560820136e+02
2.864480418824227854e+02
2.863312870098906728e+02
2.862533254310195616e+02
2.861676234490338402e+02
2.863456452886879902e+02
2.863618213674434401e+02
2.863304998060659159e+02
2.864396166327050537e+02
2.863605285048231508e+02
2.864042575375316346e+02
2.864951738670028476e+02
2.863828584444353851e+02
2.863949428223517657e+02
2.863985714316231110e+02
2.864681084147100592e+02
2.863320514101738468e+02
2.861966015352791146e+02
2.863395417383539439e+02
2.866040819744574719e+02
2.865199904365563839e+02
2.864034288524392764e+02
2.864196715781820899e+02
2.865945003250295144e+02
2.863657241004645471e+02
2.864116914113432699e+02
2.866008757702364278e+02
2.866611779529112596e+02
2.866125591665509660e+02
2.868419743276246550e+02
2.868530245128600882e+02
2.864123014976105992e+02
2.863753570424686359e+02
2.866195009908314546e+02
2.867272477500900436e+02
2.867960666025431351e+02
2.869338241768519424e+02
2.868886681151598168e+02
2.869070058354609500e+02
2.869640161143077535e+02
2.871249488834232011e+02
2.870985265012459990e+02
2.870575485312917294e+02
2.871816208754069635e+02
2.872067583927665169e+02
2.871871391526188972e+02
2.871994554659347045e+02
2.873431463259256020e+02
2.874804073289776056e+02
2.874410335162199885e+02
2.874236110079564810e+02
2.875954892522025261e+02
2.876175671341376869e+02
2.877026031938881943e+02
