2.873497472412331604e+02
2.872887186721491730e+02
2.871563778113909393e+02
2.870784694180066481e+02
2.870790685092670174e+02
2.870195074800915336e+02
2.870718620718301963e+02
2.870800856516704584e+02
2.870499790490374608e+02
2.870618643708623949e+02
2.871516112560336751e+02
2.871809532406973062e+02
2.870348713306447621e+02
2.871167258115624463e+02
2.871645391810104684e+02
2.870812022752962207e+02
2.870153336465978668e+02
2.870390726761369251e+02
2.869951112021466315e+02
2.869629085697253572e+02
2.869763229037925498e+02
2.870019685896447186e+02
2.869236191356409904e+02
2.869928528018775182e+02
2.870370489732039800e+02
2.871314485199250157e+02
2.870360102884935714e+02
2.869039717881340152e+02
2.868125343838614754e+02
2.868855668315322305e+02
2.868059002591331250e+02
2.869644878580274394e+02
2.870426124171930269e+02
2.869550843250039520e+02
2.866194257973781987e+02
2.866043730203916766e+02
2.867617741933893853e+02
2.869652942696004061e+02
2.869139088222790406e+02
2.867899641950180580e+02
2.868303452133691849e+02
2.868139530557810417e+02
2.868923689018911318e+02
2.869413739427137102e+02
2.870787718965039517e+02
2.871072357530102295e+02
2.870244399231423245e+02
2.869037820433103434e+02
2.870026532671146811e+02
2.870834365155175192e+02
2.869777134830376895e+02
2.870844976370477184e+02
2.871096765665403723e+02
2.868381326876238973e+02
2.868436381685483525e+02
2.869054078513768786e+02
2.869535385030490602e+02
2.870410087192851165e+02
2.871362855084796024e+02
2.870658284554411352e+02
2.869714938443459573e+02
2.870435702713508022e+02
2.870051987945402061e+02
2.869346812779326115e+02
2.870533849094063044e+02
2.871726500296744007e+02
2.870634768173397902e+02
2.870746180579876068e+02
2.870942605209013436e+02
2.871952356757059874e+02
2.873635932689645074e+02
2.874161544776025607e+02
2.875091740098378068e+02
2.873559431712749870e+02
2.873971831473318730e+02
2.873581546940605449e+02
2.874107373220564341e+02
2.872873445369892238e+02
2.872345295820106230e+02
2.871966248556841492e+02
2.871088060651218825e+02
2.871648401053143402e+02
2.871320440098313611e+02
2.870682646746927276e+02
2.871519256251452816e+02
2.871131969849670327e+02
2.870721436695903321e+02
2.870048373862622384e+02
2.870828913274374941e+02
2.872520528985210149e+02
2.872808281763988703e+02
2.871214244079748710e+02
2.871689616713570672e+02
2.871816379798653429e+02
2.872217103215705265e+02
2.872795572503425774e+02
2.872254878236960849e+02
2.871743805690154545e+02
2.870903870170500909e+02
2.871512173400371921e+02
2.873011161114908987e+02
2.872410816162272340e+02
2.871299327643906167e+02
2.870386171696592896e+02
2.871699510740218102e+02
2.870861083715644213e+02
2.871546327050564287e+02
2.871413168335413957e+02
2.872639127698067227e+02
2.871153025422442511e+02
2.871376861991904548e+02
2.872080379061405324e+02
2.872101860135962283e+02
2.871973745743004542e+02
2.872930412999039049e+02
2.873490272980861846e+02
2.874316563597875529e+02
2.874595808094227891e+02
2.874214404342853300e+02
2.872690833510644666e+02
2.873410687311842366e+02
2.873838895818020092e+02
2.874019108767459443e+02
2.874337753794174546e+02
2.873904263483465229e+02
2.872192421772302282e+02
2.872534878645520280e+02
2.873324513592515359e+02
2.875185276738401967e+02
2.873924009485263014e+02
2.875254968451698119e+02
2.873163694018853107e+02
2.873555348828958245e+02
2.874267624223766688e+02
2.874473701141765218e+02
2.875180441606243562e+02
2.875330723144579110e+02
2.877567960308163038e+02
2.876063836804602829e+02
2.876845035494143872e+02
2.877247287221286456e+02
2.875845847744359958e+02
2.872526360899994984e+02
2.873343754222167377e+02
2.875844069393568248e+02
2.876248748239625570e+02
2.878192915610296154e+02
2.877991594291214028e+02
2.877351205949278778e+02
2.876631360498385561e+02
2.877017293664600857e+02
2.877936415944876103e+02
2.879213478594798516e+02
2.877810602534512441e+02
2.878178649296744993e+02
2.878953218023191880e+02
2.880493949326876759e+02
2.879247685907517393e+02
2.879778700408180043e+02
2.881169089943869608e+02
2.880344029736253901e+02
2.880018992328093645e+02
2.881011410813489988e+02
2.881258975212686551e+02
2.882470373304590225e+02
