2.864858085153176148e+02
2.866699787282793750e+02
2.865695659233297761e+02
2.866675696491616350e+02
2.867327796428147053e+02
2.866877146435479062e+02
2.864560029544896906e+02
2.865242057403676768e+02
2.867649578257147596e+02
2.867163420922725550e+02
2.867927498615934496e+02
2.867634811174349920e+02
2.865435705017796408e+02
2.866405768693447840e+02
2.866628961413101138e+02
2.866694850339707159e+02
2.866326298209018546e+02
2.866961064327761051e+02
2.866149301409640771e+02
2.865639652279520533e+02
2.866042847370783306e+02
2.866360694615651710e+02
2.867465604002989608e+02
2.869092326569958118e+02
2.868112045470951443e+02
2.868960709655412415e+02
2.868754098430870840e+02
2.868262722694829563e+02
2.868633158711113538e+02
2.868280028088316271e+02
2.867751751794997404e+02
2.868609838056281660e+02
2.867962954709141172e+02
2.868530279824443596e+02
2.866062259972611628e+02
2.865470489978994806e+02
2.868134091989716126e+02
2.868089356275265231e+02
2.867098486955314343e+02
2.866859703591303514e+02
2.866988561062937606e+02
2.868006504703382120e+02
2.867108718573916235e+02
2.865601948888044035e+02
2.867713826456864581e+02
2.868795153788595940e+02
2.869429756874255872e+02
2.869984762019532241e+02
2.869735932881234817e+02
2.867644598321613785e+02
2.867793079139747761e+02
2.869106929892761286e+02
2.868853895924070798e+02
2.867262995268852706e+02
2.867033110013583723e+02
2.867757173725407824e+02
2.868213623151769411e+02
2.867729926610007283e+02
2.865852441670440953e+02
2.867228684757370161e+02
2.868314066357049228e+02
2.869082949558704740e+02
2.867133587916924284e+02
2.868591850557207863e+02
2.869573826966697538e+02
2.868626477885043755e+02
2.869555654779657061e+02
2.869556479355619558e+02
2.869581736480044469e+02
2.869027629773373178e+02
2.867824455872382714e+02
2.866934275054354089e+02
2.866858089478390070e+02
2.869104417977661683e+02
2.869265873841721373e+02
2.867083150792362858e+02
2.867434023584747251e+02
2.869652034372826392e+02
2.870241114559048015e+02
2.868923195824284562e+02
2.868977940996880420e+02
2.868485233136353258e+02
2.867466658886960431e+02
2.869642441066595779e+02
2.868183559575838331e+02
2.868431623225967542e+02
2.869281070310801169e+02
2.868123740647521913e+02
2.868970990948741928e+02
2.869032621791326960e+02
2.868188747775902243e+02
2.869363147256840989e+02
2.869105127809946794e+02
2.868954843152984608e+02
2.866592913616984220e+02
2.868795811665657993e+02
2.868735081443059585e+02
2.868538214358057985e+02
2.868260016399092365e+02
2.869467701031495608e+02
2.868048761550001586e+02
2.870382641026370152e+02
2.870194593647763099e+02
2.868217659827761850e+02
2.867552238009369034e+02
2.866668289153215596e+02
2.867991731376350799e+02
2.867947547067028609e+02
2.868356668527026727e+02
2.869323698722797644e+02
2.868201402916322991e+02
2.868113336135018585e+02
2.869825396087852027e+02
2.867906069470769239e+02
2.866468543677725620e+02
2.867538166644042121e+02
2.868823116502048265e+02
2.866576220765325047e+02
2.867086564576401884e+02
2.867825007610410353e+02
2.867693307818997255e+02
2.866570097857211294e+02
2.865830655259081254e+02
2.867038794439905018e+02
2.866837652902040077e+02
2.867530972298300753e+02
2.867706991715081699e+02
2.867800535860982905e+02
2.869545243762091218e+02
2.868950275085978205e+02
2.868078641721167514e+02
2.869228067306956405e+02
2.869261999392362554e+02
2.867295942841030865e+02
2.869510818668317711e+02
2.867651260909387929e+02
2.868321731447782099e+02
2.867492594801595374e+02
2.869792039093858875e+02
2.869220839746008664e+02
2.871867432913643370e+02
2.871387152944741388e+02
2.868120256611846912e+02
2.870002977442537144e+02
2.867968351640438414e+02
2.868799684909803887e+02
2.871503385275879623e+02
2.869465407435951647e+02
2.869093965766299448e+02
2.869882766206028464e+02
2.871259837373078199e+02
2.869770337547374197e+02
2.870208000118473706e+02
2.872549644241732381e+02
2.872741362418861968e+02
2.871563622044864701e+02
2.873507344352803443e+02
2.873159003507817033e+02
2.874201665899710179e+02
2.875985084919841483e+02
2.874502870175132330e+02
2.875894278335098875e+02
2.877818233392591765e+02
2.873977684244929947e+02
2.872433454950398186e+02
