2.863780465693700421e+02
2.863499053203643712e+02
2.863156792286934547e+02
2.863557198471829111e+02
2.863409787060326721e+02
2.864131226851920360e+02
2.863923699144593797e+02
2.863995745642188808e+02
2.863925635856456893e+02
2.863795220262736052e+02
2.864077318680951407e+02
2.863548740002899535e+02
2.862998836671317804e+02
2.861804984776925949e+02
2.862708362833440674e+02
2.863426883456833707e+02
2.863442379382664740e+02
2.863319869428307243e+02
2.863423549299913589e+02
2.864121142898744097e+02
2.864147922016675807e+02
2.863179989259465970e+02
2.863664482653866799e+02
2.863467735886525247e+02
2.862368751240096003e+02
2.863058085359440383e+02
2.863257963225794924e+02
2.864945160204493391e+02
2.863727167472349606e+02
2.862072064744815520e+02
2.863312843325527979e+02
2.863267574687259298e+02
2.863676211992557796e+02
2.863702761294848074e+02
2.860306223594631660e+02
2.860175906163661352e+02
2.861726793519837315e+02
2.860625688992834057e+02
2.861927092040480716e+02
2.863467865465416367e+02
2.862321296916027222e+02
2.862416058470460598e+02
2.863746017803853192e+02
2.863852584141611146e+02
2.862951640273316798e+02
2.863204512479625805e+02
2.863256477631641133e+02
2.863401852962351199e+02
2.863975667982318782e+02
2.864230969866841292e+02
2.864435912449978332e+02
2.864682612798828245e+02
2.865010479454390975e+02
2.863357057072678913e+02
2.862254769325176085e+02
2.864417532715087873e+02
2.865012720502625143e+02
2.865159897303308867e+02
2.864807448175287732e+02
2.864116882718030297e+02
2.865076816121318188e+02
2.865624035486292769e+02
2.864730157306337333e+02
2.863869098222130560e+02
2.864290503223400606e+02
2.865358878918107735e+02
2.864290197481820996e+02
2.865831608672405650e+02
2.866189182272451603e+02
2.866874696507935028e+02
2.866861096467404764e+02
2.866756087566976134e+02
2.866383321800968247e+02
2.866123370887820556e+02
2.865763302871474139e+02
2.865986392380560801e+02
2.866346725422249051e+02
2.866233421326020903e+02
2.866907523467957617e+02
2.867548385482846243e+02
2.867241076343419763e+02
2.866009773089819532e+02
2.866057128099960210e+02
2.865341571420760260e+02
2.865742418513075904e+02
2.866520203408895782e+02
2.865841864165849984e+02
2.865758793063213830e+02
2.865507234042097480e+02
2.865647245689933129e+02
2.866226029987092829e+02
2.866424676868070378e+02
2.866939035319413165e+02
2.864947366354785458e+02
2.865075778510092164e+02
2.865916606089957099e+02
2.866823338133895618e+02
2.866690901763292914e+02
2.866548435984726666e+02
2.866547906172667126e+02
2.867225598124234693e+02
2.866603259462744973e+02
2.865710394720170484e+02
2.864753821249408929e+02
2.866260190618650654e+02
2.867625839651371962e+02
2.867709229983388468e+02
2.867334816380832763e+02
2.867601349744663821e+02
2.867491978761650557e+02
2.865887297172607759e+02
2.866685201979931890e+02
2.866901408877155859e+02
2.866938581668297843e+02
2.865660061578099089e+02
2.865958514349875372e+02
2.866258762780148004e+02
2.865709518594314886e+02
2.865461640027764361e+02
2.865183608072536003e+02
2.865404156292480025e+02
2.865236101134229898e+02
2.865461924443735029e+02
2.866220858244349188e+02
2.865672356145775552e+02
2.866296815472919093e+02
2.866444033144190939e+02
2.867470796701783797e+02
2.867716376737407700e+02
2.868001695091811030e+02
2.867984689893391987e+02
2.867138467328651927e+02
2.867364778711085478e+02
2.864204992117894903e+02
2.864729429728886885e+02
2.865928513454560402e+02
2.866614835279245312e+02
2.866161529515819097e+02
2.867390652818147601e+02
2.868569850390338729e+02
2.868527520149175984e+02
2.869896394464603873e+02
2.865999376813554136e+02
2.864923750891316558e+02
2.867064799636294765e+02
2.868043213133828999e+02
2.869256869964258954e+02
2.869591969137709953e+02
2.870193690965991777e+02
2.870446107215132088e+02
2.870659537530427201e+02
2.870858258653533994e+02
2.871853028541412982e+02
2.872235176585451768e+02
2.872030551084203012e+02
2.871999810957511841e+02
2.872209339411095925e+02
2.871987351921108029e+02
2.871725548592385167e+02
2.871912020840974833e+02
2.871398831451618321e+02
2.871042383700561800e+02
2.871456143855041887e+02
2.871785125398375271e+02
2.871933055627835643e+02
