2.873375370235340256e+02
2.874210890078438752e+02
2.870984810002893823e+02
2.871247486383154524e+02
2.874103237594446796e+02
2.875598122982271434e+02
2.873225245734628857e+02
2.871153266185373809e+02
2.870433618623314374e+02
2.870168430279689460e+02
2.872698447035941172e+02
2.874933579271187796e+02
2.872649913003019719e+02
2.871410366793734283e+02
2.872667010344419509e+02
2.874126557416239507e+02
2.875430565135948768e+02
2.873148430025579501e+02
2.871601753883231254e+02
2.871876764681130112e+02
2.872130349061530410e+02
2.874362259495410967e+02
2.874905019884420199e+02
2.874045728264021022e+02
2.871680690779223255e+02
2.870769987259043887e+02
2.871850730787044199e+02
2.873327605222827401e+02
2.872731775790258553e+02
2.873885913914835442e+02
2.875835800866953491e+02
2.874061152055332400e+02
2.871296457990220006e+02
2.870427864909539721e+02
2.869617602153609255e+02
2.872329314038620964e+02
2.874279226861197571e+02
2.871465337324524967e+02
2.871427550561897419e+02
2.873172563582535304e+02
2.875452029109929413e+02
2.874381171890142355e+02
2.872947280443307250e+02
2.871403774192432365e+02
2.871882366198310592e+02
2.871049520318616146e+02
2.872495515194709128e+02
2.876307451280545706e+02
2.875760003348520399e+02
2.871954603874269765e+02
2.870617422457653447e+02
2.872528454070416615e+02
2.874038023934197668e+02
2.875287136880064054e+02
2.874649451558922806e+02
2.871948915194857932e+02
2.872807420691034963e+02
2.871963224640254566e+02
2.873289775059469662e+02
2.874674985841126613e+02
2.871679449235971902e+02
2.871454766449078306e+02
2.872252780060430837e+02
2.873301834639328831e+02
2.873210574457572761e+02
2.872625442622881451e+02
2.871889559597063908e+02
2.873799746998090541e+02
2.875863350222278427e+02
2.876399963229638956e+02
2.872960256400835419e+02
2.871596636436333370e+02
2.872567810837553566e+02
2.875616062802899364e+02
2.876647765288543610e+02
2.873798686742791801e+02
2.872247499518828704e+02
2.874886522764504093e+02
2.876654198111643836e+02
2.873941381899525140e+02
2.873365442084016195e+02
2.874319396700736888e+02
2.877134185046232915e+02
2.875615491468751657e+02
2.873344170912376399e+02
2.871812394633242889e+02
2.873340619108617489e+02
2.874742434607517794e+02
2.874529899086619480e+02
2.876787447726745768e+02
2.876676847980863840e+02
2.872672375794602999e+02
2.874020766524127453e+02
2.875296360123286945e+02
2.873585137714067628e+02
2.872555246410557288e+02
2.874421096430428406e+02
2.877275757621173966e+02
2.875856648350687124e+02
2.872066010998617571e+02
2.874451364892635183e+02
2.877382698374995584e+02
2.876828138008001474e+02
2.872945908683231551e+02
2.872012662651202390e+02
2.873523581557841453e+02
2.876517476214090721e+02
2.875592968230944848e+02
2.874734673509817071e+02
2.875251242997522354e+02
2.876352174066600469e+02
2.876251697305672792e+02
2.874146888320403832e+02
2.873196574066597009e+02
2.873556487652328997e+02
2.875519163139757097e+02
2.873974032337846438e+02
2.872368128429808394e+02
2.874005991440435537e+02
2.876370770315060668e+02
2.877025928304504419e+02
2.873341193006607455e+02
2.871961071448664029e+02
2.873310943745187274e+02
2.874527140040526660e+02
2.875429565573919604e+02
2.876857189016222378e+02
2.876693848649325673e+02
2.876837669584205059e+02
2.877981886252766799e+02
2.876038623927758522e+02
2.875219069336849884e+02
2.878070564000847185e+02
2.878076048110359011e+02
2.876478277607241694e+02
2.874271120006753790e+02
2.876643234531168218e+02
2.879382579503541706e+02
2.878367240192347367e+02
2.878177135598838277e+02
2.878867828705033389e+02
2.878006752798606271e+02
2.876506003927129882e+02
2.878029345892039714e+02
2.875258476817404016e+02
2.876111096570212453e+02
2.878175422886881734e+02
2.881606104607716929e+02
2.882576015371988660e+02
2.878724094861609046e+02
2.878330910029181382e+02
2.879795485017573924e+02
2.882815335282628553e+02
2.883979228060454716e+02
2.881686510762733064e+02
2.879917433414068455e+02
2.882799580634539893e+02
2.885421347030867878e+02
2.882140180875947522e+02
2.880878785948944483e+02
2.880509482068486591e+02
2.884481380590401045e+02
2.886247684043657387e+02
2.883932128381161988e+02
2.882828030763856191e+02
