2.868221681955126314e+02
2.870878106268112901e+02
2.869020260707138164e+02
2.866992389775687116e+02
2.867762545034882464e+02
2.867212862729950871e+02
2.866336158037670998e+02
2.868872416811648804e+02
2.869524276573225734e+02
2.869685594041147851e+02
2.869981182908156256e+02
2.869315717306357669e+02
2.869857190112327316e+02
2.867731690796073849e+02
2.869202627796202023e+02
2.867604083366426835e+02
2.868519184737097589e+02
2.865885587166322921e+02
2.867334977805468839e+02
2.868456411093291081e+02
2.868945705400683437e+02
2.867436941600672071e+02
2.868759190521759592e+02
2.868108956326090606e+02
2.866963690461768692e+02
2.867372044563782651e+02
2.867184732306026831e+02
2.865835198820316805e+02
2.867292367611851205e+02
2.866553590893243495e+02
2.867021344613028191e+02
2.867687815849608910e+02
2.867307897742737168e+02
2.867944003484475957e+02
2.866708005312078171e+02
2.866100823843118519e+02
2.866752694595236903e+02
2.866585868857453647e+02
2.866842786883771055e+02
2.867254697341552401e+02
2.867796063456007118e+02
2.865609249621816161e+02
2.866072294846416639e+02
2.867264088967433509e+02
2.867319919276700944e+02
2.866925919833561807e+02
2.867057321790113633e+02
2.867412057229120137e+02
2.868013201743136165e+02
2.867948744447554077e+02
2.869203564093969590e+02
2.867480395118032561e+02
2.868566906816413962e+02
2.868230622303028099e+02
2.867669172242229365e+02
2.867650475771943093e+02
2.868390049966089919e+02
2.869060843954667348e+02
2.869057473400807794e+02
2.869323084683738898e+02
2.867280472612353606e+02
2.868709372745423138e+02
2.867555069681017699e+02
2.867469361580885447e+02
2.868893251533338571e+02
2.867693765992733574e+02
2.870219675403295128e+02
2.871618008477640274e+02
2.869381461928357453e+02
2.870232126094781506e+02
2.869359418861255335e+02
2.870124218504699343e+02
2.868955190145325673e+02
2.869490434932988592e+02
2.869362575191198061e+02
2.869030713925505438e+02
2.868114347029750775e+02
2.869105623588261551e+02
2.870326676303352542e+02
2.869986867092205216e+02
2.870291875895631506e+02
2.870677944039333624e+02
2.870877493077604754e+02
2.869357783856794981e+02
2.869037174254301021e+02
2.870625803712241577e+02
2.871112321961203975e+02
2.869458726138454381e+02
2.870933671819267943e+02
2.869962011891246334e+02
2.869591717383309515e+02
2.870071402018746198e+02
2.869327468261395211e+02
2.870669876919063199e+02
2.871819321214013598e+02
2.868955894003103708e+02
2.869240936219403579e+02
2.869545190891075777e+02
2.869995521292029821e+02
2.866276699602710778e+02
2.868236958888002164e+02
2.870401787281252268e+02
2.870242510572049355e+02
2.868210530331799077e+02
2.867964926723402073e+02
2.869693969581290389e+02
2.867602821832701352e+02
2.870104329602411894e+02
2.868636487854860206e+02
2.867249858702288634e+02
2.869387272518039254e+02
2.867854493694803182e+02
2.868919780941824911e+02
2.868311491605397237e+02
2.866369467455969584e+02
2.867372250137586320e+02
2.868765273382365990e+02
2.867929088051141093e+02
2.867510111500679955e+02
2.868995065430639215e+02
2.868734936377305758e+02
2.868174177986443851e+02
2.869843303279654378e+02
2.867271666638601459e+02
2.867627032662671809e+02
2.868594475324908331e+02
2.868347395832094548e+02
2.867098059251824793e+02
2.867300235801239978e+02
2.869466703591659211e+02
2.868833924343508102e+02
2.870174821119540525e+02
2.870010691946451402e+02
2.869146132872616022e+02
2.869027784217416297e+02
2.868726980976207983e+02
2.869044528941352041e+02
2.869729187538932251e+02
2.868375454832886930e+02
2.869511919795793915e+02
2.870674437512572581e+02
2.868261495984717158e+02
2.868674216624725091e+02
2.868995152125591517e+02
2.868296012955594847e+02
2.870533005846971832e+02
2.869533957869089704e+02
2.871912491639736800e+02
2.869003494096115219e+02
2.871647037315563011e+02
2.871935460650548180e+02
2.870124035441124306e+02
2.870388234004282140e+02
2.871130968557910705e+02
2.870410328648965219e+02
2.872361871760730878e+02
2.871622500827679119e+02
2.871446123613886812e+02
2.872746862109987092e+02
2.872686343829728344e+02
2.870869826256058559e+02
2.872100027015160322e+02
2.873227722579692340e+02
2.871771135363578082e+02
2.874106611933780755e+02
