2.856759164953149366e+02
2.855946000235671818e+02
2.856137401051238385e+02
2.857557287035729701e+02
2.856526054540541395e+02
2.855921295095407118e+02
2.856379088079646067e+02
2.856786793292867515e+02
2.857202024805594647e+02
2.856237895329603020e+02
2.856404960204118311e+02
2.855844603438649187e+02
2.854505376823369147e+02
2.854415115573179378e+02
2.855054112606324566e+02
2.855775268123973660e+02
2.857160124784754771e+02
2.857751362709179261e+02
2.857171243917075003e+02
2.855506318848007936e+02
2.857293675998903950e+02
2.856325990015218963e+02
2.856680818463892706e+02
2.855455133642403780e+02
2.855014546584203003e+02
2.854691507769459804e+02
2.854842513093975072e+02
2.854265605268086006e+02
2.854500069810599712e+02
2.855451906574906502e+02
2.856746046637063046e+02
2.855455904725951655e+02
2.854950661058863375e+02
2.855168419238930824e+02
2.853229606881124027e+02
2.853832287143750364e+02
2.854119457228798069e+02
2.854471176196481110e+02
2.853500220046593085e+02
2.855085240636531125e+02
2.853545781996321580e+02
2.854054937380826118e+02
2.855494300762562716e+02
2.855022850542167703e+02
2.857030386569863367e+02
2.856416711569232234e+02
2.855349970373520705e+02
2.854900677590131295e+02
2.855982799982564870e+02
2.855254486512454264e+02
2.855724425908757098e+02
2.855574689392780670e+02
2.856125854796298995e+02
2.854476413735246183e+02
2.855146108746289997e+02
2.855552652331069226e+02
2.856405463302268117e+02
2.856744622864016492e+02
2.855712407143312817e+02
2.855804565101976209e+02
2.857184231203253262e+02
2.855836112365713575e+02
2.854353275755921118e+02
2.855616788334789931e+02
2.855243051483366230e+02
2.855056408091814433e+02
2.856528423928969573e+02
2.856849630217427034e+02
2.856805043123899281e+02
2.855724531854194197e+02
2.857050196157538835e+02
2.857472628698686208e+02
2.856984769079387547e+02
2.854881744739187752e+02
2.854363485494973247e+02
2.855097315205476320e+02
2.856759621824703004e+02
2.855565696136887368e+02
2.856036306332842969e+02
2.858156788059775408e+02
2.856546823554620005e+02
2.855670279850007773e+02
2.856440643798245560e+02
2.857413539995024507e+02
2.858123327807813325e+02
2.857478531819521663e+02
2.856725347673092870e+02
2.857638845661822415e+02
2.858140427437135713e+02
2.855968276722463770e+02
2.855776183986340016e+02
2.857430903201938577e+02
2.856844346161989279e+02
2.856868961071336912e+02
2.858169391011117000e+02
2.857836536009118049e+02
2.856390268427981596e+02
2.857278609770135631e+02
2.857794434971455075e+02
2.857075421954968419e+02
2.857861923920949039e+02
2.856977757652440459e+02
2.857509651361679062e+02
2.857269413316923306e+02
2.857134513666001681e+02
2.857028535175040247e+02
2.857211692119552140e+02
2.858633252941791056e+02
2.857091555394688953e+02
2.857048985526555498e+02
2.856639432758867656e+02
2.858286937507046446e+02
2.859024663033202387e+02
2.856877427646827527e+02
2.855934269923113789e+02
2.856573626383103033e+02
2.856487566119865846e+02
2.856343874793417967e+02
2.856611562444562651e+02
2.856171314332106590e+02
2.858218801349131581e+02
2.857890647673874014e+02
2.857742866418037124e+02
2.857351620860147250e+02
2.857410813450262026e+02
2.856126135815908924e+02
2.856920009783003138e+02
2.856236081421740778e+02
2.858282824020101884e+02
2.858517605085282298e+02
2.859439784006152081e+02
2.859049400893876509e+02
2.857604626062416742e+02
2.857564993002604297e+02
2.858502971338318162e+02
2.859899064448371746e+02
2.860157222525498923e+02
2.858405298811514967e+02
2.858835642449933516e+02
2.860027506032458291e+02
2.861399168247339162e+02
2.861971868396407785e+02
2.860351353559385643e+02
2.861077381682428040e+02
2.861716695311876038e+02
2.860262807376181513e+02
2.860151463465142569e+02
2.861561454753286284e+02
2.859240890151070857e+02
2.860840149955364495e+02
2.860806702381469790e+02
2.861651945763657068e+02
2.861700622031591479e+02
2.863346137060922842e+02
2.863029260022769904e+02
2.864008112713125342e+02
2.863712886321964675e+02
2.862805311430748247e+02
2.862646635229498884e+02
2.863537378426614737e+02
2.863366414563934654e+02
2.865058129858330744e+02
2.864070807535723020e+02
2.865138221940538301e+02
2.865332966433086881e+02
