2.874774678524136675e+02
2.874878037563219664e+02
2.871529331153262774e+02
2.870363027821039168e+02
2.872118471761025376e+02
2.873771628643034433e+02
2.874597878240475097e+02
2.873427164897087209e+02
2.871706837803688472e+02
2.871424874550351092e+02
2.870814426402750996e+02
2.871307300096279960e+02
2.871742565021344262e+02
2.872063756081551560e+02
2.871916750754954819e+02
2.873937741410211970e+02
2.874349514759333601e+02
2.871839839650240833e+02
2.871074610620239582e+02
2.871155279350383012e+02
2.873338895055556463e+02
2.875277882136209087e+02
2.874655075612185442e+02
2.873310282504996849e+02
2.873821234417624737e+02
2.871758477842216735e+02
2.871615202590130025e+02
2.871698279295992506e+02
2.873509829633138679e+02
2.872835742049770147e+02
2.872992452586028094e+02
2.872532832553611115e+02
2.872773550971530199e+02
2.873449480431801817e+02
2.871700355279751307e+02
2.869480397023053797e+02
2.867596746692066745e+02
2.869916334437083947e+02
2.872131072506710439e+02
2.874581809209589665e+02
2.872050667635763830e+02
2.870770611468830680e+02
2.871190840691556900e+02
2.873644659769402665e+02
2.873528478569187428e+02
2.872877830399369827e+02
2.875666045526253924e+02
2.874391737170046213e+02
2.869477915475052328e+02
2.869702172423291131e+02
2.871883806258442178e+02
2.875196802543520107e+02
2.875529942475805001e+02
2.871529047647509856e+02
2.869960014501743331e+02
2.872944170939395576e+02
2.876862092677426972e+02
2.874499166873226272e+02
2.873167803205487303e+02
2.875033478630166428e+02
2.876509944010147706e+02
2.872747181702843022e+02
2.870824491197948873e+02
2.871034308531961869e+02
2.874540383667888932e+02
2.874743358167759766e+02
2.872473253023258621e+02
2.871999291288924496e+02
2.872759166894491045e+02
2.876336001152897097e+02
2.876426386303412528e+02
2.871966554519135570e+02
2.872151209780021759e+02
2.874684474035433368e+02
2.875104544903902024e+02
2.876821387229724110e+02
2.878308374876175435e+02
2.874195095157508604e+02
2.873109139880899079e+02
2.874381362570966871e+02
2.877175421204281065e+02
2.876779692002516526e+02
2.872867246911112034e+02
2.872314789142746463e+02
2.874354328950985291e+02
2.876766006007519536e+02
2.874632254373727278e+02
2.876021795460974317e+02
2.873762808639757509e+02
2.872608460159752326e+02
2.873465479131086227e+02
2.874677806749625120e+02
2.874348661939805538e+02
2.872598630478832433e+02
2.873323379643358635e+02
2.876335023758320517e+02
2.875833753155238810e+02
2.874702965397270873e+02
2.872905671586294716e+02
2.874253738499952533e+02
2.877990417606376923e+02
2.878056074735790730e+02
2.873298744435666663e+02
2.873625342101512956e+02
2.874230551316568381e+02
2.875639576672867292e+02
2.876339051906196005e+02
2.876544969504132609e+02
2.877501950871798613e+02
2.873555303788692186e+02
2.871954143407753577e+02
2.874288438557714471e+02
2.875522632569471284e+02
2.872369325295069871e+02
2.870614072487729231e+02
2.873610960811240034e+02
2.876452267180004014e+02
2.875285361383774330e+02
2.873196359942306799e+02
2.873280506886705439e+02
2.874305072589971246e+02
2.875292281143147761e+02
2.876329738318074192e+02
2.873804768828968577e+02
2.873656808997262146e+02
2.873436695034699255e+02
2.875443501413609511e+02
2.875296567882073759e+02
2.874000774339942836e+02
2.875253848365022691e+02
2.878629347186219434e+02
2.879390026667731490e+02
2.875571217481486315e+02
2.872561246549687439e+02
2.872325660537434828e+02
2.874388357726356276e+02
2.876767761085024517e+02
2.877723563516260015e+02
2.875026659401756888e+02
2.876010980638137084e+02
2.878250449073707387e+02
2.880481159786175454e+02
2.877930155744386411e+02
2.874711869916313844e+02
2.873795420981322764e+02
2.875261109387172951e+02
2.878043019441807360e+02
2.881208445337775288e+02
2.877823450405597328e+02
2.876740904727299721e+02
2.878146725204065319e+02
2.879721879069688271e+02
2.879454571083086876e+02
2.880588601972134484e+02
2.880690546100225333e+02
2.878921316995774191e+02
2.879731433368639841e+02
2.882640599772358314e+02
2.883425894245712584e+02
2.879912928670441943e+02
2.878825887575895877e+02
2.880667508890775821e+02
2.884460610471549558e+02
2.883271085660459789e+02
2.879374897022357800e+02
