2.869804677124586192e+02
2.869363421393159115e+02
2.869277454902647264e+02
2.871219058556479808e+02
2.869834421282407106e+02
2.870582166375203883e+02
2.872802894338296937e+02
2.872787626234734262e+02
2.871505780799753325e+02
2.870756238841080403e+02
2.871091505820676275e+02
2.871660431334364603e+02
2.870842961813775105e+02
2.870939753551020317e+02
2.871351880645823371e+02
2.869788992879578018e+02
2.869349059470369525e+02
2.870379112362498404e+02
2.870876784564886179e+02
2.869909004492103577e+02
2.870710700086407883e+02
2.870540514039519735e+02
2.870795561964308149e+02
2.871560732007539514e+02
2.872915104343216512e+02
2.871515862095436660e+02
2.871762410999737654e+02
2.871815006547217877e+02
2.873334835322913818e+02
2.872610277268790924e+02
2.871867841106174524e+02
2.872500926174620304e+02
2.872401734545265413e+02
2.872213220844210468e+02
2.868083025617143562e+02
2.869148723463133024e+02
2.869208838600246736e+02
2.871110615797145442e+02
2.871725636381349887e+02
2.873249749204651948e+02
2.871279282004389870e+02
2.870537471415121900e+02
2.870804502544029901e+02
2.870903948329411719e+02
2.870534937904612320e+02
2.870265352515633026e+02
2.871041372582375857e+02
2.869932961685868804e+02
2.870523691904667771e+02
2.871184382556862147e+02
2.871581672680583779e+02
2.872648763884417917e+02
2.872915924188637860e+02
2.869405194145909945e+02
2.872279841416848853e+02
2.870518196708097776e+02
2.870709800092748196e+02
2.872117984442579086e+02
2.871826508510450253e+02
2.871740564699434231e+02
2.872594941346785617e+02
2.873641020039538034e+02
2.871323252421352095e+02
2.870772241509922083e+02
2.872036685815332930e+02
2.872945997102702336e+02
2.872195014885773503e+02
2.873557931276122304e+02
2.874133203741848206e+02
2.873713468176268293e+02
2.873748857358982036e+02
2.874637409513595117e+02
2.873880092768568488e+02
2.873615647254089254e+02
2.873447572867946178e+02
2.874906457345968533e+02
2.874473232218273893e+02
2.875581625607662204e+02
2.875756112044900306e+02
2.873747503105858527e+02
2.873549257487957789e+02
2.873317147827672784e+02
2.873733528752841266e+02
2.872285304853929802e+02
2.872171720485085302e+02
2.874219426468687857e+02
2.874236391448483232e+02
2.873570136641947670e+02
2.874078808374486584e+02
2.875295311403249912e+02
2.874679946004708313e+02
2.874515961805298048e+02
2.874696743186842696e+02
2.874701969290827037e+02
2.873941789057809615e+02
2.874359569893040884e+02
2.875397976994747751e+02
2.876267765126799532e+02
2.875130853761194771e+02
2.873201488253214393e+02
2.874420080483812967e+02
2.874511150733230807e+02
2.873309446859240666e+02
2.873920811446031962e+02
2.873768368918397869e+02
2.872594528357009835e+02
2.874666420213649758e+02
2.873182486166271588e+02
2.873290833016084775e+02
2.874716749205697397e+02
2.874665283097729116e+02
2.873583699451412485e+02
2.872494889533546143e+02
2.872799121541971772e+02
2.872096034700621772e+02
2.872746002388690840e+02
2.874160526429217839e+02
2.874327834476674184e+02
2.875483920623801737e+02
2.873655558486684640e+02
2.873198913204654446e+02
2.871920539206602712e+02
2.871932693607669762e+02
2.874264766378244644e+02
2.873656858463670574e+02
2.873457369733726523e+02
2.873013342749420076e+02
2.872822055315495504e+02
2.873800065520018734e+02
2.874599057021676458e+02
2.873279162314635755e+02
2.873094955534401720e+02
2.874301819151859831e+02
2.871397676870931832e+02
2.872535127080935240e+02
2.872975593904944844e+02
2.874784787323588944e+02
2.875054710430521823e+02
2.875438998565395536e+02
2.876657259295189419e+02
2.877985620842477488e+02
2.876487141515584085e+02
2.872072579384746405e+02
2.873077336235558619e+02
2.875861960959645103e+02
2.876857592844625628e+02
2.876864001151810157e+02
2.877436699787027692e+02
2.878108474238297845e+02
2.879995731181822975e+02
2.881380193541943981e+02
2.880797721949643346e+02
2.878933261082348736e+02
2.878842279159862301e+02
2.879316827018328127e+02
2.879022780323402344e+02
2.878615027422280832e+02
2.879503154660820314e+02
2.879102503890513276e+02
2.881042184821654359e+02
2.881703153774136581e+02
2.881479669821331413e+02
2.882314583643843093e+02
2.883746214205329466e+02
2.883600396788522744e+02
