2.883524073014191345e+02
2.880692887583336983e+02
2.880377402671999221e+02
2.880608664992955141e+02
2.883018423205743375e+02
2.882807887567892635e+02
2.881483728165359821e+02
2.882351240458729649e+02
2.883607258257367789e+02
2.882592912383765338e+02
2.882127128233715325e+02
2.882417654819905692e+02
2.881990477911214725e+02
2.881939771396124570e+02
2.883876559456004429e+02
2.884740410609513788e+02
2.881918470506565768e+02
2.880284960343078069e+02
2.881334229383648449e+02
2.882175947035239005e+02
2.881154384393431656e+02
2.881979773362731976e+02
2.884568607945340659e+02
2.881163409022528867e+02
2.879240617010559049e+02
2.881169051323764734e+02
2.882491049879747607e+02
2.883790639726453833e+02
2.881776519812518700e+02
2.880123826891779686e+02
2.879401469806182945e+02
2.880484037875340277e+02
2.882687052934371650e+02
2.882025099969014263e+02
2.877453058209271717e+02
2.878411086626076099e+02
2.880736262995779953e+02
2.882795632068550162e+02
2.880290313746663173e+02
2.879387929874726524e+02
2.880144061603731416e+02
2.879853069690406073e+02
2.879665048486170349e+02
2.880943603050703246e+02
2.883870360363113718e+02
2.882253713147960070e+02
2.881399678588213646e+02
2.880827851334115053e+02
2.881673250525629442e+02
2.882665152023703854e+02
2.883426271970578796e+02
2.882236586717643831e+02
2.882080081588849794e+02
2.878975841972152239e+02
2.879565308951035263e+02
2.881405829574231916e+02
2.882464317588862173e+02
2.882484763504231182e+02
2.881828069541702462e+02
2.879940909140130429e+02
2.880552455147633850e+02
2.881236578292844683e+02
2.880732668013409352e+02
2.881530572246218185e+02
2.882844769635542548e+02
2.882761052450024408e+02
2.880408646969901838e+02
2.879845116276260342e+02
2.881976041691751789e+02
2.881927159024029947e+02
2.881246475798614597e+02
2.881844107484583901e+02
2.883741369189946226e+02
2.885521667989531807e+02
2.881991999897595065e+02
2.881450689972058967e+02
2.882520714407364153e+02
2.884667698238581579e+02
2.883119365847946369e+02
2.882000747840786516e+02
2.883020564398273677e+02
2.883819951963580479e+02
2.884435964458948547e+02
2.882831668078590042e+02
2.881259829417253400e+02
2.880289542458044139e+02
2.881998446369630642e+02
2.883902975735485938e+02
2.883137115665223860e+02
2.882979659333095697e+02
2.882793920383904265e+02
2.882748647133173563e+02
2.882441719238443625e+02
2.883789014415613110e+02
2.885144637521482878e+02
2.883553183783755003e+02
2.883260376763423096e+02
2.883789114852544913e+02
2.884904420588961216e+02
2.884384580899449588e+02
2.883701305816510967e+02
2.883977983996952048e+02
2.885170214397682571e+02
2.884352138890136530e+02
2.883857648112567063e+02
2.883345862656104259e+02
2.884930190135208363e+02
2.883967444622632570e+02
2.885123841239441731e+02
2.887579282394418101e+02
2.884903094585644681e+02
2.881341000387845384e+02
2.880602585814010013e+02
2.881933951573201398e+02
2.881549053831741958e+02
2.882219698486787252e+02
2.883066386186929435e+02
2.884304598767674861e+02
2.882221724905151063e+02
2.880636079868418733e+02
2.882633974552583140e+02
2.884038795231074914e+02
2.883280195140441151e+02
2.881655203375993892e+02
2.881577368782189410e+02
2.883687649060545937e+02
2.884871869101596644e+02
2.882662760749089443e+02
2.880859968044857169e+02
2.882373519074928936e+02
2.884765306634780586e+02
2.885377086311083303e+02
2.882076278361980144e+02
2.880762104656695328e+02
2.883954215425890766e+02
2.885801323915986245e+02
2.885011462554343780e+02
2.883698071261587188e+02
2.884281083022645475e+02
2.884791831322494886e+02
2.885712803730343126e+02
2.887295389023473717e+02
2.885385285220497167e+02
2.883028220151591654e+02
2.882475575920396409e+02
2.884504525899308760e+02
2.886577765930733790e+02
2.887938544477119081e+02
2.886541983684097090e+02
2.886408459009864487e+02
2.886242500611177206e+02
2.887604153841131733e+02
2.888332233796472224e+02
2.887113948383207003e+02
2.888846463168973173e+02
2.889624500522231756e+02
2.889043985179568494e+02
2.890783832504410498e+02
2.890704074677424273e+02
2.889187097427011395e+02
2.886961600279465756e+02
2.887861594363004087e+02
2.889063387298384100e+02
2.888559850919943415e+02
2.889666346129113776e+02
