2.864940866630178107e+02
2.864844131106459599e+02
2.863932471375622413e+02
2.863618499272907343e+02
2.864779181765621274e+02
2.865803649761649012e+02
2.866719380681404346e+02
2.865501992998632090e+02
2.866483985002022905e+02
2.865601171927474411e+02
2.866975519642597874e+02
2.867572452953368725e+02
2.866977122492215244e+02
2.865574005525868415e+02
2.866343212175988810e+02
2.866027474200007532e+02
2.866815287376359720e+02
2.865694220087329427e+02
2.865949270805718356e+02
2.866382488496780638e+02
2.866298408471684525e+02
2.865512548857893194e+02
2.865769643408369234e+02
2.865312567593308017e+02
2.866203536914416645e+02
2.867434326757079361e+02
2.865289956769129276e+02
2.865922804243194264e+02
2.865533132862474872e+02
2.864498305863073710e+02
2.865972354102823374e+02
2.865821569969094185e+02
2.864592426085264947e+02
2.865129116085443002e+02
2.862014651910480438e+02
2.862994053946503641e+02
2.863525456828653546e+02
2.863170733676379314e+02
2.863251016188891072e+02
2.864447068063233814e+02
2.864877011721205804e+02
2.863910057188144265e+02
2.862006843059164112e+02
2.864099299576009230e+02
2.863795574937716992e+02
2.864449701022695649e+02
2.864485961991316003e+02
2.862731551578037283e+02
2.863538316909489936e+02
2.863603810640603911e+02
2.863615218136791896e+02
2.863183085127865866e+02
2.863547531315181800e+02
2.862388752191480421e+02
2.861983279597933461e+02
2.862748314696059992e+02
2.864817936110895857e+02
2.863861182354765447e+02
2.862484428609848806e+02
2.862262667469902908e+02
2.865128653256603570e+02
2.865756129864099080e+02
2.864404591369181503e+02
2.865126360997850838e+02
2.863823775024225142e+02
2.863718597723128596e+02
2.864037842874707849e+02
2.864473840975257986e+02
2.866274161811976455e+02
2.867128309746813670e+02
2.866474221798229678e+02
2.864190008679676680e+02
2.864596559559362845e+02
2.866391616909056097e+02
2.866024815851129688e+02
2.865029259324176110e+02
2.864621650310256769e+02
2.865240656532317871e+02
2.864210338473375828e+02
2.864453902374069685e+02
2.866345840308079573e+02
2.866270103937108047e+02
2.865839381307489475e+02
2.864258243500311778e+02
2.864246784610826353e+02
2.864749117340642783e+02
2.866658345147519640e+02
2.866494709572884290e+02
2.866156581898208060e+02
2.866511544659335300e+02
2.865488172708008392e+02
2.864111938182190329e+02
2.864375414744660588e+02
2.864998739886501085e+02
2.864821833720091604e+02
2.866407396588127199e+02
2.867346524166984523e+02
2.864944383307002340e+02
2.865159645795783945e+02
2.865236624695516525e+02
2.865064409025304144e+02
2.865264834536398553e+02
2.864392418212941607e+02
2.864439804026009142e+02
2.865013984413666890e+02
2.865562730519804404e+02
2.863156604880093141e+02
2.864048169499322967e+02
2.864452312381229149e+02
2.864703868390082562e+02
2.864840201386778631e+02
2.863406396259454709e+02
2.863570830410456551e+02
2.862488724468597070e+02
2.864135484945784356e+02
2.865236784428631722e+02
2.863087524153670529e+02
2.863915636836455292e+02
2.863250575984230295e+02
2.862197702029525317e+02
2.863042104544489916e+02
2.864463965618194266e+02
2.864314620837370171e+02
2.862772999019705935e+02
2.864039945030331751e+02
2.864980453728467751e+02
2.864011710095253989e+02
2.864343394415676585e+02
2.864912898287072949e+02
2.865412061457420236e+02
2.864624978957063490e+02
2.865929297116411476e+02
2.867748968514019339e+02
2.864763345411072351e+02
2.865226346135773952e+02
2.864876813758475009e+02
2.866244318781726861e+02
2.866974857185649626e+02
2.865999051327788720e+02
2.866840725972928112e+02
2.865660756739037538e+02
2.866383309089773093e+02
2.864930298754267710e+02
2.863268001932219704e+02
2.863112141448212924e+02
2.864303697107379207e+02
2.868073237574045606e+02
2.868718613201773451e+02
2.869423055601528176e+02
2.870065194737593401e+02
2.871106338581525961e+02
2.871614407538941691e+02
2.871718932382294724e+02
2.871328051515527591e+02
2.870745712950425172e+02
2.872276377391692108e+02
2.874027520540938099e+02
2.872920265180464980e+02
2.874264811379109688e+02
2.874568515698558144e+02
2.876102941463410048e+02
2.874225596891787404e+02
2.874562465811847574e+02
2.876312459075916195e+02
2.877517358378519816e+02
