2.870208094962242171e+02
2.870030682559286106e+02
2.867793887720549151e+02
2.867143242533908847e+02
2.868849080570758474e+02
2.870690057693523727e+02
2.868334443629303792e+02
2.867286582858145607e+02
2.869660715535173381e+02
2.870771084314832819e+02
2.870895566620449699e+02
2.867625755300533115e+02
2.867775237862813356e+02
2.869331264094790299e+02
2.867227024681335479e+02
2.865791712879298530e+02
2.867481267611008207e+02
2.869907299752831591e+02
2.869934644465836868e+02
2.866209211916582831e+02
2.866121535161884708e+02
2.868434549311303385e+02
2.870691445085510054e+02
2.867284415639564372e+02
2.866678329163848957e+02
2.868963253255490145e+02
2.870613763137852743e+02
2.867768685326588525e+02
2.867265319524872211e+02
2.869104666794713125e+02
2.871378652058713783e+02
2.870941573316341646e+02
2.868018942528926800e+02
2.866674592610957575e+02
2.866264603726342557e+02
2.868874149395796280e+02
2.867508760377323824e+02
2.865381833407138288e+02
2.868112069263611943e+02
2.870056473478514931e+02
2.868676663092625745e+02
2.866331192263384651e+02
2.867069331728375232e+02
2.869515831282513432e+02
2.870563463009189604e+02
2.867842598150495519e+02
2.866831475767269239e+02
2.867873083106823628e+02
2.870309349022525680e+02
2.870330652582476318e+02
2.867472183949541886e+02
2.867057468746923519e+02
2.867667137564886843e+02
2.869439624863296103e+02
2.867687588373892709e+02
2.866091122107850993e+02
2.867386109298832366e+02
2.869560931911747161e+02
2.868853530516803971e+02
2.867422576101541267e+02
2.867020288742138519e+02
2.869854664731585103e+02
2.868764503747801200e+02
2.865484314552282399e+02
2.865515650898496460e+02
2.868594523421318740e+02
2.867947996437805500e+02
2.867120683020176557e+02
2.868492407454974114e+02
2.870631445578669627e+02
2.869355781519636253e+02
2.869643789468198634e+02
2.870051311029893100e+02
2.869717076186140616e+02
2.867336370704688875e+02
2.866372696255842243e+02
2.869025261436971164e+02
2.869768770120888348e+02
2.867913513293589745e+02
2.869261525387393021e+02
2.871260099081953285e+02
2.871503336406084941e+02
2.867538398401762834e+02
2.868317987978297765e+02
2.868755596970539159e+02
2.870426845852118163e+02
2.872280305495177686e+02
2.870032352197328578e+02
2.869505769777240403e+02
2.870230646701014052e+02
2.871019042832489276e+02
2.870577104745677843e+02
2.868979028806033966e+02
2.868907610548631624e+02
2.870873950302823232e+02
2.870320941648622579e+02
2.868467841966283913e+02
2.868686138990394170e+02
2.870203500720462557e+02
2.872606174219793047e+02
2.871246372476661577e+02
2.868917158446528219e+02
2.869458449404361886e+02
2.869901802913746565e+02
2.870095651496240521e+02
2.869029714515360752e+02
2.869763773050633517e+02
2.871624176875942567e+02
2.871117520107279688e+02
2.870156448471834665e+02
2.871818017116896158e+02
2.872096433054226168e+02
2.872558144143539494e+02
2.867948032926311157e+02
2.865970356545242339e+02
2.867043315170323581e+02
2.870237279108072812e+02
2.868259374813915201e+02
2.867722215215120514e+02
2.871195452485030728e+02
2.871965531920711214e+02
2.869800807723666480e+02
2.869377199751062903e+02
2.870655036206790669e+02
2.872421498010523919e+02
2.868858640218738287e+02
2.868466410009042420e+02
2.871238565078636498e+02
2.873230632400945979e+02
2.872920875932185822e+02
2.870787254039705090e+02
2.870282143646847430e+02
2.871850724404579864e+02
2.871505101121716166e+02
2.871617590674254075e+02
2.871504799335745020e+02
2.870491275818365580e+02
2.871596977149608279e+02
2.873036477334217693e+02
2.871995039589742191e+02
2.871396275066899193e+02
2.872690657223745916e+02
2.870850093883725549e+02
2.870610799941207461e+02
2.871027477146178057e+02
2.871705717241248408e+02
2.870813828364449023e+02
2.872595501913959879e+02
2.874926549009042560e+02
2.874050217553545394e+02
2.872642211815545465e+02
2.875526550380998287e+02
2.877105513957856715e+02
2.875450954147568154e+02
2.876543692225071140e+02
2.873440969948804309e+02
2.874171919177966856e+02
2.875367309161171647e+02
2.877054934445783374e+02
2.876696704100200463e+02
2.875851559947396368e+02
2.875190927096721794e+02
2.875364701225071258e+02
2.876485801422584245e+02
2.878675300243086781e+02
