2.861996856091728318e+02
2.862281880333418371e+02
2.862174279872944567e+02
2.863289941158547549e+02
2.863112024330666259e+02
2.862785678775792348e+02
2.862775245167002254e+02
2.862682656626338371e+02
2.863128612180212826e+02
2.863425657336748600e+02
2.862521038002113869e+02
2.862472099151778480e+02
2.861798625812965042e+02
2.861706368923419745e+02
2.862823397344165528e+02
2.862986716232621234e+02
2.862471590982459588e+02
2.861111999824203167e+02
2.861858757394097097e+02
2.863830430761301500e+02
2.863705133594045833e+02
2.863116938074422251e+02
2.863139324287508884e+02
2.862719305902534757e+02
2.863516171723712773e+02
2.863404951282337834e+02
2.863037849194076330e+02
2.862748673127275651e+02
2.863087976795549707e+02
2.864655096191560233e+02
2.863881613118944642e+02
2.863265324633044315e+02
2.863106038046881281e+02
2.863611077584728264e+02
2.859992437927469950e+02
2.860480797652682554e+02
2.861549671104130539e+02
2.861287156622623797e+02
2.860154489293657321e+02
2.862602494346295998e+02
2.863597965384608983e+02
2.860595550082280738e+02
2.860176454908120718e+02
2.861824755598697152e+02
2.862550923208555105e+02
2.862370905685876892e+02
2.863095059217204152e+02
2.862631896061647581e+02
2.863201454014166529e+02
2.863280446708510567e+02
2.862849481947091022e+02
2.862659644031514858e+02
2.863097576054459523e+02
2.860722376334612704e+02
2.861382122339013563e+02
2.861528102763224410e+02
2.861666709876905657e+02
2.862540015597137995e+02
2.863163260213627268e+02
2.862283826470512054e+02
2.861533322060646469e+02
2.862165557404250080e+02
2.861736694040445741e+02
2.861100613175497074e+02
2.861590539562055255e+02
2.862930684757884023e+02
2.864238692138783335e+02
2.862624888966993808e+02
2.863026096387777670e+02
2.864735552652406341e+02
2.864763091203413978e+02
2.865520381376993555e+02
2.866167408203279479e+02
2.865207315582132992e+02
2.864464870561803878e+02
2.864604453213373176e+02
2.864690474969015668e+02
2.865816222052595776e+02
2.865256754079508141e+02
2.865184472876305222e+02
2.864387952877848988e+02
2.864958844731588101e+02
2.864880327514349574e+02
2.866574893065600804e+02
2.866497517946098696e+02
2.866279431466893470e+02
2.865785442589823333e+02
2.865004780287151789e+02
2.865259217159895684e+02
2.865265114600043717e+02
2.865153192411153782e+02
2.866031755222838342e+02
2.866650306686989893e+02
2.866065946217927944e+02
2.865620048304074885e+02
2.865082952424374412e+02
2.865201114045471513e+02
2.867128266663975182e+02
2.866532578921865024e+02
2.866127408850778124e+02
2.865476914409481424e+02
2.865826495874520674e+02
2.866506991207610895e+02
2.866210975082898926e+02
2.864623386650671932e+02
2.864524577019557796e+02
2.863915917551447592e+02
2.863922434876536158e+02
2.865127735898662991e+02
2.865476145291693797e+02
2.865570512268060384e+02
2.866534780907459208e+02
2.866752247052953635e+02
2.866141185899140851e+02
2.864325614361465568e+02
2.864979482620597082e+02
2.866463194388832676e+02
2.866465962490150901e+02
2.867296677395180495e+02
2.866575763775703649e+02
2.867866728697199505e+02
2.866741927223687867e+02
2.865061024843935797e+02
2.865517976850368882e+02
2.865433492870492955e+02
2.865833400834416693e+02
2.866297202767323711e+02
2.867077239244902103e+02
2.867020576018841780e+02
2.867566803285022274e+02
2.867267396200459189e+02
2.867544857452900828e+02
2.866950255025152501e+02
2.863826198109971415e+02
2.865588058885217038e+02
2.867861685180732820e+02
2.867544476395549395e+02
2.866952669138235592e+02
2.866820774572108235e+02
2.867427976354736643e+02
2.868576313776339930e+02
2.867451919328775602e+02
2.865199868005050234e+02
2.865245865539122292e+02
2.866652593997519602e+02
2.868454486348914543e+02
2.868389945951112736e+02
2.868522267364057257e+02
2.868645157869042350e+02
2.868631562064695117e+02
2.869897081057939090e+02
2.870799128671562244e+02
2.869870173824198787e+02
2.869412207060184983e+02
2.869029397580632121e+02
2.868582192554991366e+02
2.869299878333334277e+02
2.869288096676528426e+02
2.869451877977845129e+02
2.870280928532442886e+02
2.870049228567195883e+02
2.869816036775394537e+02
2.871637531337296423e+02
2.872110245303188094e+02
2.871079198703183124e+02
