2.864236331970946026e+02
2.865394392078822534e+02
2.864235761696212421e+02
2.865248500970340046e+02
2.864191057973666830e+02
2.864990732489063134e+02
2.865455754921396760e+02
2.864817810303901524e+02
2.865355764819564115e+02
2.865800735825078505e+02
2.865580983968899886e+02
2.866654008617570639e+02
2.866920127511784244e+02
2.864405371358341768e+02
2.863534308085386897e+02
2.863796788020468966e+02
2.865251012052134456e+02
2.866079972890339036e+02
2.866011038262367379e+02
2.865222877642445383e+02
2.866072827465638397e+02
2.865654817476486755e+02
2.865268721289175460e+02
2.865299131899645886e+02
2.866517840680268705e+02
2.863845156660158864e+02
2.863590569152983676e+02
2.864512847295948177e+02
2.864101619355399748e+02
2.865013961234750468e+02
2.865282685350354654e+02
2.865438012204942311e+02
2.863941993764129279e+02
2.864990081933892156e+02
2.863589557978397693e+02
2.863780245432710103e+02
2.864553930963431299e+02
2.864433363453301808e+02
2.864081051988147806e+02
2.863734199198885335e+02
2.865003653736377487e+02
2.865322003417920200e+02
2.865708930365975675e+02
2.864787763721843135e+02
2.865180086662182362e+02
2.864702088557874617e+02
2.865703569692412884e+02
2.865642827633111551e+02
2.863939277629426670e+02
2.863979607500082807e+02
2.863134312661064200e+02
2.862259142102893179e+02
2.864631907461147762e+02
2.864143264236499249e+02
2.865444446727549916e+02
2.867033885020480852e+02
2.866169109953486327e+02
2.865982764457892245e+02
2.867338779384006102e+02
2.866129400758330235e+02
2.866971736513517612e+02
2.866221775654835255e+02
2.864516993323028942e+02
2.862853215683655321e+02
2.864814107520937227e+02
2.864868651809239850e+02
2.865496984635402100e+02
2.865964371582658146e+02
2.864830459954320077e+02
2.864619845006278069e+02
2.865576795839109536e+02
2.864515368877245010e+02
2.865838061650799204e+02
2.865645731093181325e+02
2.866437277335338081e+02
2.864661664950152158e+02
2.865115307500207109e+02
2.864308649764158758e+02
2.866150279191831487e+02
2.864823157866609336e+02
2.864620572965187080e+02
2.865796957414103758e+02
2.865686099960300908e+02
2.864265540125610983e+02
2.864424190602484828e+02
2.864831694106546252e+02
2.864052981422019570e+02
2.865516557321288360e+02
2.865730066984218638e+02
2.864787374055206328e+02
2.863489992654138518e+02
2.863344562010517507e+02
2.863369439786509361e+02
2.865192404029669433e+02
2.864437039414699484e+02
2.862576907880155090e+02
2.863799137961004249e+02
2.865003984922220184e+02
2.865708134555754896e+02
2.865363842238727443e+02
2.865642710205498247e+02
2.865447313690121405e+02
2.863953385054306295e+02
2.863918777506119113e+02
2.863583670998126536e+02
2.863379623734041957e+02
2.863001539883434816e+02
2.864623696773358574e+02
2.866382936908932493e+02
2.864836064088097487e+02
2.864862179184210618e+02
2.864159226092966151e+02
2.865093952481415158e+02
2.864141085046248349e+02
2.862348400725890656e+02
2.862744894654213113e+02
2.861812546738159426e+02
2.862974514210795292e+02
2.862315000373134239e+02
2.862309547145487727e+02
2.862603014795046761e+02
2.863671015955375765e+02
2.864903123807666248e+02
2.864782212104105952e+02
2.864606764381253470e+02
2.864904898248993277e+02
2.863174926366343129e+02
2.862663828968040889e+02
2.862764399359250547e+02
2.865039144981412846e+02
2.866296728099517281e+02
2.866678995096496578e+02
2.867293611062426635e+02
2.865799022299082139e+02
2.867352781604868710e+02
2.865975725638932659e+02
2.865513420260326143e+02
2.864382952311573831e+02
2.865205655984394184e+02
2.866547112960296886e+02
2.868333160676786520e+02
2.867523906847069384e+02
2.865094361451619420e+02
2.865705881097333645e+02
2.865604620117460968e+02
2.865763026514514991e+02
2.866335801721174334e+02
2.867619780156238676e+02
2.868711485881896692e+02
2.870345224618384350e+02
2.869002451739772255e+02
2.868036790284282347e+02
2.869550217182521124e+02
2.870981861829915829e+02
2.873238959256797784e+02
2.873195457920253375e+02
2.871928250330523156e+02
2.872985918576140421e+02
2.875781210581136520e+02
2.874961490561384494e+02
2.875673125299335311e+02
2.876785191405572846e+02
2.877119241578692481e+02
2.878085143548536848e+02
2.877204586965470412e+02
