2.872106637154367945e+02
2.872359600606851018e+02
2.872375383323830533e+02
2.873957100650944767e+02
2.875902150572926530e+02
2.872377906149193336e+02
2.872031130220831869e+02
2.872847513073644450e+02
2.871950279094640450e+02
2.874242579358516423e+02
2.871525831022211150e+02
2.872109873016007668e+02
2.872174784415725526e+02
2.871767064143107859e+02
2.873874579267343847e+02
2.870999612095268958e+02
2.871436160178998307e+02
2.873817176381686522e+02
2.872339926040507976e+02
2.872252641283000116e+02
2.874399887028991429e+02
2.872392682827830299e+02
2.872586549564845768e+02
2.873970212055228899e+02
2.874639060580923910e+02
2.872847113032042330e+02
2.872720552775322744e+02
2.872174683903392634e+02
2.872719890611807045e+02
2.871613262610167681e+02
2.871809461625880431e+02
2.873046541281218538e+02
2.873587070177196097e+02
2.871281654223818691e+02
2.868259732068184462e+02
2.871477348695391356e+02
2.872850620329231788e+02
2.872136542307827654e+02
2.871684626775619336e+02
2.872843093795904110e+02
2.872515311660127963e+02
2.873302804783783131e+02
2.873676978522389049e+02
2.874369362029900117e+02
2.874013706514729733e+02
2.873296415467835345e+02
2.874075481716170657e+02
2.873428769282235749e+02
2.872349320976870217e+02
2.874062458453932436e+02
2.873064686588153336e+02
2.871317203427590243e+02
2.872432842039629008e+02
2.872703665573875469e+02
2.871077040591600849e+02
2.872436460027305429e+02
2.874136356926629219e+02
2.872593103674816462e+02
2.872212361923544677e+02
2.873817966935334312e+02
2.873966085778180286e+02
2.872294637718104013e+02
2.872143242035202775e+02
2.873350415297119866e+02
2.875074915676061096e+02
2.873303731369924776e+02
2.874764091568752633e+02
2.875162608056542126e+02
2.874594498629093096e+02
2.873831810486639142e+02
2.873552049453872428e+02
2.874198490615436299e+02
2.873445051355771511e+02
2.873486819277678137e+02
2.873345425708760672e+02
2.873674541006471941e+02
2.873036585888218610e+02
2.873165975276048130e+02
2.872947147282094988e+02
2.874253803841482977e+02
2.875370593757545521e+02
2.877519699024101101e+02
2.874780586703705012e+02
2.874182566356886355e+02
2.874101786405589110e+02
2.874043267291401094e+02
2.875174993442660707e+02
2.876604521965458048e+02
2.874959046133461129e+02
2.875034410375455991e+02
2.874428317057503364e+02
2.875427266158549742e+02
2.875076752970566645e+02
2.875134718192085188e+02
2.875206517768762637e+02
2.875981248054574166e+02
2.875815484817048286e+02
2.875350516446620190e+02
2.875630276285709783e+02
2.874999635741776842e+02
2.875031889573703552e+02
2.876371100401688068e+02
2.877427729923547872e+02
2.876314753364763988e+02
2.876318669176536673e+02
2.878177525834524317e+02
2.874685618569770327e+02
2.874214271249111903e+02
2.875103103630522696e+02
2.875674246085214349e+02
2.874358323531685642e+02
2.875038884554629135e+02
2.874741134864314631e+02
2.873636370396821462e+02
2.871162265868169357e+02
2.871545044600834444e+02
2.874183836276174020e+02
2.876240154905834174e+02
2.875695695854191740e+02
2.874343658617335109e+02
2.873262850853544137e+02
2.875985713706825777e+02
2.876778527488091299e+02
2.874831541026281343e+02
2.874771876415744600e+02
2.874814506206785722e+02
2.876824764980702298e+02
2.874578795979929851e+02
2.875513033642482128e+02
2.877291600535345424e+02
2.879018186533663197e+02
2.877216680623341176e+02
2.875446094607260079e+02
2.877456272974588387e+02
2.878199613863774857e+02
2.877169039494884260e+02
2.877241178617537685e+02
2.877185255425025616e+02
2.877514479282334605e+02
2.879573723514692460e+02
2.880990169987549621e+02
2.876618574467389635e+02
2.874888973850297020e+02
2.878945896503006452e+02
2.878562460349228900e+02
2.878474952717094197e+02
2.879580674622607717e+02
2.880438718876280291e+02
2.880602121958623343e+02
2.879340364613945553e+02
2.878906510237623593e+02
2.879880480730142267e+02
2.880807322289776380e+02
2.882042126708687988e+02
2.881368199465516113e+02
2.879986787900547824e+02
2.881567583416610887e+02
2.883542301925474476e+02
2.884057927993359272e+02
2.884999157204089215e+02
2.883982824214211291e+02
2.882594735669789543e+02
2.881926486019327740e+02
2.883052680025405721e+02
2.883762387028015155e+02
