2.872956735160900621e+02
2.874254745104593098e+02
2.873821720315513062e+02
2.872949185522489302e+02
2.873563795802571690e+02
2.874555865351981652e+02
2.873457363660429564e+02
2.873881345800288045e+02
2.874285553736374936e+02
2.873692769164309198e+02
2.873936266996763038e+02
2.874580945753210131e+02
2.872471701596624598e+02
2.872135038435963565e+02
2.872539889396384183e+02
2.874120874881330678e+02
2.872129632480932173e+02
2.873395457688416172e+02
2.873812782993605310e+02
2.873462065050094338e+02
2.872333783760441293e+02
2.873827390435760663e+02
2.875832929569528460e+02
2.874014330435230136e+02
2.875023955421740425e+02
2.874149681774404144e+02
2.874169101441353291e+02
2.873182974197530370e+02
2.874679692890811680e+02
2.875069964555380579e+02
2.871887746779286203e+02
2.873607345180990364e+02
2.874723537546300349e+02
2.872555553884253641e+02
2.870206421360474565e+02
2.870666272710784597e+02
2.870964951544791006e+02
2.872015185790224905e+02
2.871342771560318283e+02
2.872341229571181884e+02
2.873446217537489247e+02
2.873184837628248829e+02
2.873967727503691094e+02
2.873797080834015674e+02
2.873121083979663695e+02
2.872833036969020100e+02
2.872695912086650765e+02
2.872420478855333954e+02
2.870978097990069386e+02
2.871914401314581937e+02
2.872832556726106645e+02
2.872952206963839785e+02
2.871293358289585171e+02
2.869396201703771681e+02
2.870899560585860399e+02
2.871749647835055725e+02
2.871295987515765660e+02
2.870422542815230713e+02
2.870571908199995619e+02
2.871328215154396162e+02
2.870485944314817743e+02
2.871074383086237276e+02
2.870155999569923893e+02
2.869698158441352689e+02
2.870865852086080849e+02
2.871238549885956672e+02
2.870680115765536016e+02
2.872923657049908570e+02
2.873324842859928481e+02
2.872165231763958104e+02
2.872927461036409795e+02
2.873397012072538814e+02
2.873940571401778357e+02
2.874154278206599997e+02
2.873115156691873722e+02
2.873216454695463540e+02
2.872662320592598348e+02
2.874278839418170719e+02
2.874255389062385575e+02
2.872956603401593725e+02
2.872691432837803518e+02
2.872872679368453532e+02
2.874451472586371779e+02
2.872059890209279729e+02
2.871367436864540537e+02
2.872484423842474257e+02
2.873096550924041139e+02
2.872386142496684442e+02
2.873652140510970980e+02
2.873327967123248072e+02
2.872498781402074997e+02
2.874440222033460373e+02
2.874104584661141644e+02
2.872633333526097772e+02
2.874189421601812455e+02
2.873105310570917936e+02
2.872230479270319279e+02
2.873014902008316653e+02
2.872368664794287838e+02
2.873873301132068150e+02
2.873116805908597939e+02
2.872177205412626222e+02
2.873633771020188874e+02
2.871694939751420748e+02
2.871302412391874554e+02
2.869262732411347656e+02
2.869948978152876293e+02
2.871691502094963084e+02
2.870213811562009028e+02
2.870192731947046809e+02
2.869786738138741384e+02
2.869546795392979561e+02
2.869255402692548955e+02
2.869585838546410628e+02
2.868434983637338291e+02
2.867526637027886522e+02
2.869062414758881800e+02
2.868262016716992093e+02
2.868606569899870919e+02
2.868156935489696480e+02
2.870105177519308768e+02
2.870073971151662704e+02
2.869807747795225055e+02
2.870197095139710086e+02
2.869768446782981641e+02
2.870061604140698250e+02
2.870672783059396238e+02
2.869765971544453009e+02
2.870562750145679161e+02
2.871027383392426486e+02
2.871131416020724032e+02
2.872017350335414108e+02
2.871658055738460575e+02
2.870439403428670744e+02
2.870964404560581329e+02
2.872566053920679110e+02
2.871096381517544387e+02
2.871733218426325607e+02
2.873937793575552746e+02
2.874042442091975431e+02
2.874455001571118373e+02
2.875498606125378842e+02
2.871703846045994055e+02
2.871490622093049296e+02
2.872384762353576093e+02
2.873943484645115518e+02
2.874960351363546920e+02
2.875959353771103792e+02
2.875342494306186154e+02
2.876555627513606055e+02
2.877307150619338358e+02
2.877949425620387842e+02
2.878363785392900240e+02
2.877698917941874583e+02
2.879945097182204563e+02
2.879624349519048678e+02
2.880929569997519479e+02
2.883531981845372911e+02
2.879841265256201837e+02
2.878899667488053069e+02
2.879731843246458425e+02
2.880299626574609420e+02
2.881315912506626660e+02
2.881471070961925420e+02
2.882189379954811557e+02
