2.857532406783628289e+02
2.859345398664798381e+02
2.859239001255747894e+02
2.859984688951359999e+02
2.860934664215835710e+02
2.860045153226064372e+02
2.861299997948240730e+02
2.860881574399757596e+02
2.860246358118854459e+02
2.861415205992269080e+02
2.859757007411470795e+02
2.861561366898886831e+02
2.857600743496087148e+02
2.858892545101315932e+02
2.859876674810452641e+02
2.860991067256689462e+02
2.862299917101113920e+02
2.860839453864453503e+02
2.859431051408009239e+02
2.858865382993739104e+02
2.860129128105411382e+02
2.860989032940368020e+02
2.862096894530802729e+02
2.862095379184826243e+02
2.861187509916113640e+02
2.860249178354827109e+02
2.861435237636970328e+02
2.861531393402396475e+02
2.860430986831880205e+02
2.859710085349574911e+02
2.860545734497656554e+02
2.859568389275440836e+02
2.858005753438336001e+02
2.857120195649127368e+02
2.855637838665097092e+02
2.856397987739703126e+02
2.857788490770827821e+02
2.857190124971185128e+02
2.857222141886995246e+02
2.857126745245528241e+02
2.859320137701228077e+02
2.857909902956183146e+02
2.860026181003937040e+02
2.858058621377527402e+02
2.859657809917127338e+02
2.860903650764113877e+02
2.858832974397388398e+02
2.859506169427208420e+02
2.859518400474453870e+02
2.860973828148135567e+02
2.861433174320503099e+02
2.859966112620050467e+02
2.859806122993812210e+02
2.859789320913882307e+02
2.859363199838043670e+02
2.858812554989266914e+02
2.858753795365649921e+02
2.858651194779000093e+02
2.860750898009129628e+02
2.860793270958614016e+02
2.860731266425287913e+02
2.861185847520425796e+02
2.860445490382631419e+02
2.858889736106106625e+02
2.859115917770042756e+02
2.860721213674858632e+02
2.862245426965769752e+02
2.860679367855909732e+02
2.860420049699361584e+02
2.859353686460611357e+02
2.860886772676673218e+02
2.862276255874058393e+02
2.858756696984494283e+02
2.858065200833602262e+02
2.860862973921414891e+02
2.860031111582600829e+02
2.861143704681830400e+02
2.860068086015169797e+02
2.860771749959097860e+02
2.862051385938312364e+02
2.860538761470706390e+02
2.859201627755914501e+02
2.861182191919764364e+02
2.862210125918226709e+02
2.862325532915264716e+02
2.861195280807100403e+02
2.862000957782623232e+02
2.863740022178062645e+02
2.863154705219112088e+02
2.861667838957650360e+02
2.861031027639866693e+02
2.862458981813626337e+02
2.865001701583551039e+02
2.864473556100341511e+02
2.863058628356530448e+02
2.863128240452822979e+02
2.862412858648203269e+02
2.863355870636787017e+02
2.864335620463991177e+02
2.863618682135215181e+02
2.862265832855399026e+02
2.863831514169148136e+02
2.865295756035108639e+02
2.864105277012228612e+02
2.862932552707624723e+02
2.864211337745611559e+02
2.864628927628035626e+02
2.865669122899610670e+02
2.865923459347341691e+02
2.863505973808054819e+02
2.864437334759986129e+02
2.864527264748588209e+02
2.866774112408417636e+02
2.864821600472711225e+02
2.863698671970731198e+02
2.864143994674850546e+02
2.864226067014869272e+02
2.864405239106772569e+02
2.864461330176045522e+02
2.865223560175281250e+02
2.863278400611848724e+02
2.863637066472562651e+02
2.865032068700451191e+02
2.866538554970929908e+02
2.863999361516603699e+02
2.863751880601362245e+02
2.865349453939014097e+02
2.865242911547492781e+02
2.864823064814765416e+02
2.865558283423960120e+02
2.867095285309955557e+02
2.866078115920477103e+02
2.863341126289241174e+02
2.861874359024046157e+02
2.863459413579236639e+02
2.862493830432255209e+02
2.865549130674112348e+02
2.867991248752063029e+02
2.870098975673455470e+02
2.871544119486277964e+02
2.867328398041223068e+02
2.866467580920735259e+02
2.865536787328317700e+02
2.865986132666621415e+02
2.866634817333086858e+02
2.868727800713250531e+02
2.869644520052183339e+02
2.868900185559721763e+02
2.867902332755692782e+02
2.868824520483806850e+02
2.869772727768252025e+02
2.868798374645651279e+02
2.867871734205833150e+02
2.868827735816146287e+02
2.868815063477223362e+02
2.871733334451762971e+02
2.871902755469436102e+02
2.869312564658886231e+02
2.870175767478979765e+02
2.874340940719827131e+02
2.874837071403344453e+02
2.871073551710302354e+02
2.873522627995706102e+02
2.873235981063924669e+02
2.871983878049437067e+02
