2.872853251902537295e+02
2.872966239919713303e+02
2.873774591380535526e+02
2.874346560688224486e+02
2.872811011134957084e+02
2.872549690205767661e+02
2.872632230096067474e+02
2.871522112481315503e+02
2.872480821882084570e+02
2.873370350611211848e+02
2.874421138033112584e+02
2.874053651733734114e+02
2.874667978949576650e+02
2.872990771578903946e+02
2.872330314410638721e+02
2.873262868518574464e+02
2.873015522174161447e+02
2.872357610652521203e+02
2.872005314385056067e+02
2.873219783785744994e+02
2.873886406967532707e+02
2.874583553382666992e+02
2.872977795306535427e+02
2.872658456464459391e+02
2.873847116891550968e+02
2.873429462073540890e+02
2.872965311934021315e+02
2.872521263258630029e+02
2.871993313590170942e+02
2.872333843524938288e+02
2.873949645661929821e+02
2.873469420656579132e+02
2.872354594459400801e+02
2.871431798314992534e+02
2.868259906928539635e+02
2.869999763840151559e+02
2.870037896980899745e+02
2.870249622895671564e+02
2.871644935714573990e+02
2.872311924752564209e+02
2.872674357616373868e+02
2.871006873504791201e+02
2.870795938880914377e+02
2.872533731236991912e+02
2.872198361569997473e+02
2.873781316629228400e+02
2.873137349285462960e+02
2.873803730775554754e+02
2.871680319596948152e+02
2.872677841017231231e+02
2.873700597863179382e+02
2.873980299429878755e+02
2.873832027238080968e+02
2.868762299874047130e+02
2.869454457451913640e+02
2.872321168218150547e+02
2.871720531186135759e+02
2.871682551063200322e+02
2.871843720770881987e+02
2.873022071306663747e+02
2.874489212777886564e+02
2.874969336568826179e+02
2.873982200366138500e+02
2.872966911558413017e+02
2.872843986892821704e+02
2.872430603973124903e+02
2.872777163220104626e+02
2.873703842849066064e+02
2.873257898019531353e+02
2.873682449191055639e+02
2.874455231824978796e+02
2.874586355628148340e+02
2.874578229434442278e+02
2.874684465554671533e+02
2.872824079133937971e+02
2.873210730235967389e+02
2.874074593531690311e+02
2.873691014329951940e+02
2.873934027732090044e+02
2.874427665287634568e+02
2.874032250726469329e+02
2.874948607087480354e+02
2.874705776711295471e+02
2.873220572041971081e+02
2.873585823878209453e+02
2.875145555262977837e+02
2.875488284291504328e+02
2.875033382894391139e+02
2.874233177266829671e+02
2.875303018159910948e+02
2.875415462079959639e+02
2.875025338786421685e+02
2.874500517736858001e+02
2.873798977740225951e+02
2.873575119621514204e+02
2.875821808115707654e+02
2.877302520498802778e+02
2.875824852324403196e+02
2.874283511754569531e+02
2.875372641615622342e+02
2.874873684924604618e+02
2.877250416036776528e+02
2.876589749271474830e+02
2.873725670326970203e+02
2.874238220126796364e+02
2.874656399312141843e+02
2.875248830252976404e+02
2.875322800148641136e+02
2.875625691005658950e+02
2.875679907198366436e+02
2.875432035532848545e+02
2.874246815190364828e+02
2.875237537192024320e+02
2.873890955568757022e+02
2.872819131305317910e+02
2.874160811142292005e+02
2.874355350062573393e+02
2.877044473320074189e+02
2.878222375784050655e+02
2.876367375828692161e+02
2.875082941042713287e+02
2.875976156289363530e+02
2.877478009623015964e+02
2.878656710481802179e+02
2.879187640025792803e+02
2.876738396320879474e+02
2.876607427103596137e+02
2.878952262979690317e+02
2.880224895510621650e+02
2.877281419837913745e+02
2.876719114447145103e+02
2.879212929437975959e+02
2.879012930835037878e+02
2.877038634019464780e+02
2.876974542274714963e+02
2.877842767618066659e+02
2.878211268874209168e+02
2.878735890791619454e+02
2.879983739778286349e+02
2.880841639201309476e+02
2.880167092733864251e+02
2.878318545973100413e+02
2.878419408072689407e+02
2.878922718532734848e+02
2.878420891353752609e+02
2.880286480930810740e+02
2.881435387239341139e+02
2.880786426708374393e+02
2.880221284695763302e+02
2.882349902387770726e+02
2.883839435849811252e+02
2.882604728317134573e+02
2.882460039836144006e+02
2.882634320066293867e+02
2.882529170005191759e+02
2.882223379976286992e+02
2.882370384694418703e+02
2.882361218524445690e+02
2.882876684068107238e+02
2.882505307117470466e+02
2.884647152630211622e+02
2.885098426120918589e+02
2.882083189383536705e+02
2.883566361873873802e+02
2.885200643777271239e+02
