2.867627322794215274e+02
2.869703068762984799e+02
2.871440593039466762e+02
2.870973199072116131e+02
2.868991374144912356e+02
2.867361248339220197e+02
2.868082530049377965e+02
2.870355391887081282e+02
2.868164275383489326e+02
2.867964343857794347e+02
2.868556286953894983e+02
2.869579192663559866e+02
2.868024643173324080e+02
2.869467035189965713e+02
2.870918669487089687e+02
2.870455318110826965e+02
2.868677247584795396e+02
2.866860524935312355e+02
2.866708297861853794e+02
2.867789284600716542e+02
2.869431161343098324e+02
2.869514818999346062e+02
2.869753345045550077e+02
2.870764435411145428e+02
2.867530427008253469e+02
2.868060400691884979e+02
2.871386188375165602e+02
2.870888561942834372e+02
2.867856407616387742e+02
2.868548666210103306e+02
2.870532110268305814e+02
2.871806644576773806e+02
2.870939463756697592e+02
2.869630906075493613e+02
2.869258725598422757e+02
2.867456167348271379e+02
2.864988277782394448e+02
2.866419048418575244e+02
2.869657514368463467e+02
2.870196079963339457e+02
2.867719977953707371e+02
2.868093381364790844e+02
2.870267593725291135e+02
2.871339209938578279e+02
2.868434313877502859e+02
2.867249113950728656e+02
2.869152624662057747e+02
2.870031575403847341e+02
2.869717458282291886e+02
2.868837273514777166e+02
2.868112635157530690e+02
2.869564810423470931e+02
2.871032602352194658e+02
2.867072176088391302e+02
2.866065061883244312e+02
2.870432678110062170e+02
2.870546630793999157e+02
2.866049417188694974e+02
2.867184023794326322e+02
2.869333851399837272e+02
2.871346526701935886e+02
2.871031151922323374e+02
2.869435917784940671e+02
2.869133697529009623e+02
2.867038590541766894e+02
2.868031940458131430e+02
2.870570167628246168e+02
2.868763148273868069e+02
2.866579214616173772e+02
2.869632884081516409e+02
2.870848737969568560e+02
2.868112628852273929e+02
2.867336700085199368e+02
2.868232766641951343e+02
2.870347623113603959e+02
2.870327597827487693e+02
2.867939307253982406e+02
2.868328911354126376e+02
2.868904740894936367e+02
2.869806239940690489e+02
2.870944645571020715e+02
2.869707231638018925e+02
2.868737424322828815e+02
2.868733891670522667e+02
2.869380798369134027e+02
2.869963896592781225e+02
2.868845585356004904e+02
2.868481839584354702e+02
2.868625405521161724e+02
2.870799174640454794e+02
2.871667556269290458e+02
2.868926706167802649e+02
2.867520188937135686e+02
2.870596452195800339e+02
2.871877656152755662e+02
2.870188461687306472e+02
2.870194644280909984e+02
2.870889749340264530e+02
2.869897502987218445e+02
2.871059550492544190e+02
2.872513847615221607e+02
2.870892245796418933e+02
2.866202745102505673e+02
2.867092614233726522e+02
2.869723430225819811e+02
2.871252802628825407e+02
2.867891827172226726e+02
2.867594066882122661e+02
2.870719998122313541e+02
2.870913742782590248e+02
2.867690740821001896e+02
2.869899470170977906e+02
2.871182017972163294e+02
2.870847056115769078e+02
2.867738077308823108e+02
2.869066878647182648e+02
2.870425812368268907e+02
2.868379163692600855e+02
2.867143994833774059e+02
2.868875295791921758e+02
2.869273337710662872e+02
2.868645111610271101e+02
2.869440330150646901e+02
2.870945064812437408e+02
2.870320469573568403e+02
2.868225843297382767e+02
2.872072740281289498e+02
2.872661840511822788e+02
2.870464594082907865e+02
2.869962727097155835e+02
2.873112244532898671e+02
2.873367050252538775e+02
2.868821823295444915e+02
2.867501151876143126e+02
2.870279222760882476e+02
2.872151777346839481e+02
2.873241821157367326e+02
2.870957505668225735e+02
2.869530599433545035e+02
2.872032516104031856e+02
2.874996892518781806e+02
2.873988125620814458e+02
2.868239320203662714e+02
2.869198276911099015e+02
2.872177273693519624e+02
2.872520225918403298e+02
2.871200700673213078e+02
2.873932587553918552e+02
2.873980721031112466e+02
2.874287373149140876e+02
2.873458599553693489e+02
2.873464541562796057e+02
2.876136233329348784e+02
2.875982841416883389e+02
2.873613531625123869e+02
2.872112783098689306e+02
2.874371853926155040e+02
2.876834877320168289e+02
2.876486254766963953e+02
2.873741960029558982e+02
2.873293860209390687e+02
2.875843679319047510e+02
2.878739777601958281e+02
2.878051521323150723e+02
2.876178350047513845e+02
