2.868079228012052226e+02
2.869619592408436688e+02
2.870406335473371655e+02
2.871205108991548514e+02
2.869176713343227334e+02
2.868434717601251691e+02
2.868967445336394917e+02
2.870826429731416738e+02
2.868892775717690711e+02
2.868261213950660817e+02
2.869626312927035201e+02
2.870790037888025381e+02
2.866588906307715092e+02
2.866314635284270480e+02
2.869157807334574954e+02
2.872226024888089455e+02
2.868177458481487179e+02
2.867750668759529731e+02
2.869326256181850567e+02
2.871758640890848824e+02
2.868846961256327290e+02
2.866361320249764049e+02
2.868642070837071856e+02
2.869559224981978218e+02
2.870435474882972926e+02
2.871538963983671806e+02
2.870601963326259920e+02
2.867232577143739718e+02
2.866989447657483652e+02
2.869285671225728152e+02
2.870177054115873716e+02
2.867134814332430892e+02
2.866961962472144592e+02
2.869019892982078659e+02
2.867553560920537166e+02
2.864108024958134706e+02
2.865624450420874609e+02
2.866857684116414475e+02
2.869178074647788321e+02
2.869730126276440387e+02
2.871025384991033320e+02
2.866655831378278094e+02
2.867503495488217027e+02
2.869891979735305654e+02
2.870809903488310511e+02
2.866460480425176343e+02
2.867573333861677725e+02
2.871036437103151684e+02
2.871052996955202730e+02
2.868343379533854431e+02
2.868141009303557780e+02
2.869825747508166387e+02
2.870464735141579240e+02
2.867076739948271893e+02
2.867150997196679896e+02
2.867587656258297670e+02
2.869587058674345030e+02
2.871121608496004569e+02
2.869360803959316968e+02
2.866592991045345684e+02
2.867138285621495015e+02
2.870203884490059068e+02
2.871033327995575632e+02
2.868778775676412920e+02
2.867997909476056293e+02
2.868680181473636708e+02
2.871798132137883499e+02
2.872314755337150132e+02
2.871407003156599558e+02
2.867823875214385225e+02
2.868278925585615866e+02
2.870344640294637202e+02
2.872096396319072937e+02
2.870527244537423712e+02
2.866941953778653556e+02
2.868567677617248250e+02
2.870967660227709644e+02
2.872230032404009989e+02
2.868584099372685046e+02
2.868822989110644812e+02
2.871826202121552569e+02
2.871492362780107328e+02
2.869325709298457809e+02
2.869188180328920339e+02
2.871334000750393898e+02
2.871090790801959542e+02
2.869265290412526497e+02
2.868488220709753591e+02
2.870729957895949269e+02
2.872540677724590523e+02
2.868742198605450540e+02
2.868028825148807641e+02
2.870243269118466856e+02
2.872965683051036763e+02
2.871213745081652746e+02
2.868410544884338265e+02
2.871166839247469511e+02
2.871425239479413563e+02
2.867375183061582788e+02
2.869145062867245883e+02
2.871342496939736861e+02
2.869622230660772857e+02
2.868046647160704765e+02
2.870246840944604969e+02
2.871598124321220666e+02
2.869209762390107130e+02
2.868686392474969011e+02
2.870692533323563680e+02
2.871308287256529184e+02
2.871454002677406265e+02
2.871451103449677476e+02
2.871918710093729032e+02
2.868642936305444096e+02
2.866697595560125364e+02
2.866667011328886474e+02
2.869509529900132634e+02
2.868762327322588703e+02
2.867002414547671947e+02
2.867874221409024926e+02
2.870696669446334113e+02
2.871133584908570242e+02
2.867784663534809511e+02
2.868228243956467622e+02
2.870322799503555302e+02
2.871766929274102154e+02
2.871419996729381978e+02
2.868398560103779573e+02
2.867360562810057445e+02
2.871547519514982127e+02
2.874101148441484384e+02
2.870414284947863166e+02
2.867828093795586142e+02
2.869476120148381142e+02
2.872496676778795859e+02
2.872304613934213648e+02
2.872810047329575696e+02
2.870928242636240384e+02
2.870914561865292853e+02
2.872758466783680547e+02
2.874413843579330319e+02
2.873364199523209095e+02
2.871065135296510107e+02
2.868788500026594193e+02
2.871110782499974334e+02
2.870193668492329380e+02
2.869827535448438880e+02
2.871447333625764600e+02
2.873764859603715536e+02
2.874751181041927452e+02
2.872340786965895632e+02
2.873056848180894463e+02
2.874103895686919827e+02
2.874859406465787970e+02
2.872875787428122294e+02
2.872346873213300569e+02
2.875146556012489896e+02
2.877344984963797856e+02
2.875371511324098606e+02
2.873082393581646556e+02
2.874950314390522408e+02
2.878871170476352290e+02
2.878166180621120702e+02
2.875040156708980135e+02
2.875287602963130098e+02
2.878508818222452419e+02
