2.856158516749212026e+02
2.857924325132868830e+02
2.859183002413638519e+02
2.857797709010249605e+02
2.856847230467141117e+02
2.858021722057135321e+02
2.858916828663124079e+02
2.859426940572145668e+02
2.859030847449323574e+02
2.859944098775273460e+02
2.859298255083329536e+02
2.856995010996841984e+02
2.857365654864707949e+02
2.858374757487895863e+02
2.858674819673092884e+02
2.858018137850915537e+02
2.858915663395860065e+02
2.855211438228516272e+02
2.857267657845613371e+02
2.859901496087365445e+02
2.858509565683905862e+02
2.857348123100630914e+02
2.858154142320055371e+02
2.857980734917220502e+02
2.858168400736159924e+02
2.856607499987106280e+02
2.855665063491908313e+02
2.857030336263998720e+02
2.857382560086550711e+02
2.858667686944923503e+02
2.856706837107986416e+02
2.857660937816470437e+02
2.858597520199445512e+02
2.858437443842996686e+02
2.855105881459394936e+02
2.856433076343373614e+02
2.854358516087125395e+02
2.854318713016867264e+02
2.858067508904630927e+02
2.858618398542317323e+02
2.857850339848289423e+02
2.857265365097159133e+02
2.856769798227174419e+02
2.858408084687974338e+02
2.857375661843080366e+02
2.858556555826003773e+02
2.859956471981976165e+02
2.858005716531348526e+02
2.857294498033511445e+02
2.860472795010501272e+02
2.860269120866948924e+02
2.859842405302052271e+02
2.861350923622717914e+02
2.858311449065817555e+02
2.859360378191436780e+02
2.859485556742576478e+02
2.858818219704988337e+02
2.857157590600534718e+02
2.858019088478222329e+02
2.859424176319872117e+02
2.858497390603540111e+02
2.860593795609276526e+02
2.859327710544231422e+02
2.857510863306751503e+02
2.858476511008849457e+02
2.857803104740500544e+02
2.859512664426774222e+02
2.861396407254027849e+02
2.862156534015461489e+02
2.860556728857832809e+02
2.859138877145080642e+02
2.861277082062969157e+02
2.859627206359460274e+02
2.859297806532354684e+02
2.859062252189364131e+02
2.862069369090178839e+02
2.862594561490271303e+02
2.860943469036991473e+02
2.861510915315672605e+02
2.860276555438821902e+02
2.861705028840546561e+02
2.862973414995919370e+02
2.861684551242365160e+02
2.861506460133849146e+02
2.861452996685923154e+02
2.862951961292664578e+02
2.863416404149327832e+02
2.861778712528025608e+02
2.862403695101591552e+02
2.863419398541280998e+02
2.862549918525583053e+02
2.863090360737535889e+02
2.864211359354541742e+02
2.864770624044365945e+02
2.864499857148861111e+02
2.861647479886946144e+02
2.862338400732327273e+02
2.862706267805722860e+02
2.861923592406069474e+02
2.865030675268072287e+02
2.862809726046400556e+02
2.862640296862569471e+02
2.863795904329098789e+02
2.863970153730902553e+02
2.862070317876354579e+02
2.860431307969950581e+02
2.862170241526637824e+02
2.864938559074651607e+02
2.863198389918958924e+02
2.861799292951986331e+02
2.862195499531559904e+02
2.864776385084850858e+02
2.864215808448536222e+02
2.865133157282472212e+02
2.860615780869098330e+02
2.860718759578310255e+02
2.862433951664095275e+02
2.864228907176577650e+02
2.865002030503011952e+02
2.862970533946253227e+02
2.864560629584814819e+02
2.863512768643140021e+02
2.864043573064707289e+02
2.862694435670920825e+02
2.862692205498243538e+02
2.862998088684299773e+02
2.863714558584927090e+02
2.864778714925603822e+02
2.864318575430466467e+02
2.866103885431610365e+02
2.866628866642155344e+02
2.865281449275980208e+02
2.865572545818409367e+02
2.863414780366153423e+02
2.864361298565471543e+02
2.865332776436108020e+02
2.866629224002538194e+02
2.865462656568537341e+02
2.866674962700861329e+02
2.868822096200750025e+02
2.867472655108642243e+02
2.865868879024794182e+02
2.864087331298150616e+02
2.865363024201316193e+02
2.866412466671926040e+02
2.865527883285180906e+02
2.866302187720826282e+02
2.866152701654896759e+02
2.865949006785763800e+02
2.867979787442519068e+02
2.868372974450560378e+02
2.869619942858928994e+02
2.868202504459788429e+02
2.871412251528847150e+02
2.869888794096050901e+02
2.870569614583784528e+02
2.871895677046776996e+02
2.869669770435174314e+02
2.870754444726299539e+02
2.869370652523015792e+02
2.870722592734560408e+02
2.870237723517424797e+02
2.872604454515235943e+02
2.872427789135076637e+02
2.873231223822485276e+02
