2.870405849660286890e+02
2.871049174264343833e+02
2.871604740693366580e+02
2.869864089831643810e+02
2.870505866052162673e+02
2.869413449399701790e+02
2.871125307420349486e+02
2.871957982362690700e+02
2.870554421703869821e+02
2.871261557947119059e+02
2.870358504580991621e+02
2.869355859190461615e+02
2.869124325864067373e+02
2.869204981394536844e+02
2.869949486688569777e+02
2.870337972452579152e+02
2.869675843196873757e+02
2.870921923261177540e+02
2.870648339052016240e+02
2.870122842241257786e+02
2.869350476511289685e+02
2.867414500145070519e+02
2.867517288364142587e+02
2.867828561675317474e+02
2.868040692317395042e+02
2.868973315709668555e+02
2.867705169108541554e+02
2.868230689519340899e+02
2.867481316658388550e+02
2.868653181712473383e+02
2.868681017740479433e+02
2.868895871938288451e+02
2.869162032091861079e+02
2.867791229539072333e+02
2.864924377395332158e+02
2.864980119886124044e+02
2.867990155877353686e+02
2.867904241540375097e+02
2.868450609207753814e+02
2.868559811198893499e+02
2.869894875568693351e+02
2.866596170454467938e+02
2.867839321667019590e+02
2.867502474835999351e+02
2.866806376650178549e+02
2.869717676520533018e+02
2.869415917593290146e+02
2.868749176413272153e+02
2.868257498518976831e+02
2.868537438667755737e+02
2.867545555711685665e+02
2.867500198286642785e+02
2.867068126194606066e+02
2.866905872960016950e+02
2.867472194218409527e+02
2.868056323969074128e+02
2.865712018585289229e+02
2.866240061429322736e+02
2.867233641599238467e+02
2.865669080954197057e+02
2.867037903715585685e+02
2.868864896987223005e+02
2.866309230863943185e+02
2.866290398010034437e+02
2.867105952304447669e+02
2.866228017956122471e+02
2.865299558360415517e+02
2.866336847214757313e+02
2.867285440360768121e+02
2.868496434078743960e+02
2.865928855059492548e+02
2.868079402411182173e+02
2.869647272134771470e+02
2.870550599507098468e+02
2.871021062707401938e+02
2.870002082245314341e+02
2.869268018873021902e+02
2.870145048239809853e+02
2.869438987866377602e+02
2.869084791535817089e+02
2.871079038339371436e+02
2.869601679305084190e+02
2.867712663558195345e+02
2.869145099358106563e+02
2.869924678245639598e+02
2.868790924294509637e+02
2.869790031694741970e+02
2.870574110193686579e+02
2.870866082768339993e+02
2.869798912257145389e+02
2.869389212234409570e+02
2.870455959598826325e+02
2.869688169296546221e+02
2.870914793314613576e+02
2.871482465328280114e+02
2.869004948657372438e+02
2.870242620609515711e+02
2.872442067777645320e+02
2.871115807400798303e+02
2.872083088927610106e+02
2.871979368959748058e+02
2.872095721769839543e+02
2.872379371287259460e+02
2.872115172550767284e+02
2.873377612279975324e+02
2.873378427072696581e+02
2.872934724106327167e+02
2.874033984186118573e+02
2.873684027534498568e+02
2.873828234284644054e+02
2.875526819333949788e+02
2.874564848730026370e+02
2.875488124029137111e+02
2.875305114331767413e+02
2.874186261488725904e+02
2.874230943495106771e+02
2.875942693586945325e+02
2.873547804200530891e+02
2.873814914480126959e+02
2.875728961673680146e+02
2.875318922125433687e+02
2.876951312220025443e+02
2.878058132695750828e+02
2.876277059282551249e+02
2.876585772205002058e+02
2.877197323331222947e+02
2.876698627423882613e+02
2.877205591130951916e+02
2.877248519370778013e+02
2.878468295997862469e+02
2.879872584376155942e+02
2.879157035393346860e+02
2.877719636043597689e+02
2.878259487314068679e+02
2.877776439371078823e+02
2.878446206333835562e+02
2.877515629341408498e+02
2.879082876211284088e+02
2.879826722079236561e+02
2.879157211931629377e+02
2.879872864758704054e+02
2.880972095201229308e+02
2.877799263181960328e+02
2.876615298646010501e+02
2.876754739204677662e+02
2.877491653435408239e+02
2.878200923086565126e+02
2.877898058087238269e+02
2.879410154037756797e+02
2.879123725650180177e+02
2.880625235481683717e+02
2.879464340553315083e+02
2.880321524880221773e+02
2.880826164117650023e+02
2.880730714512597501e+02
2.881711846560243089e+02
2.882297292063839791e+02
2.883819936602045004e+02
2.882473423070883314e+02
2.882453556576906522e+02
2.883647320783694568e+02
2.881893178112302962e+02
2.882487474540012045e+02
2.884597125518635607e+02
2.883443463017967474e+02
