2.869415819678997650e+02
2.870172498601754683e+02
2.870078335422841178e+02
2.869763420496143453e+02
2.870879052950991763e+02
2.871556463010919629e+02
2.872103848836564453e+02
2.871081048092758579e+02
2.871157581858680601e+02
2.872742056706418907e+02
2.872037865648877641e+02
2.871686284937426876e+02
2.872315526793069012e+02
2.870473342125188196e+02
2.870761136844566295e+02
2.870527913700573777e+02
2.871065381124380451e+02
2.870568748532440964e+02
2.869349857533734394e+02
2.869952952561095003e+02
2.870863684716152306e+02
2.871216928049648800e+02
2.872887871589653059e+02
2.872396243358370498e+02
2.871539814616292574e+02
2.870842038246446464e+02
2.870910972898543037e+02
2.871317125606084346e+02
2.871151828147836227e+02
2.872042032982540718e+02
2.871425847785419592e+02
2.870953629662220692e+02
2.870672575286306483e+02
2.870088931824455472e+02
2.867880913445749798e+02
2.869177075849909215e+02
2.869118437913019761e+02
2.869337268731090944e+02
2.870607842286502205e+02
2.871816909901170334e+02
2.870836436562012182e+02
2.870267168855197610e+02
2.870848940803747951e+02
2.872388199131191300e+02
2.872210222345022430e+02
2.871223152158235621e+02
2.873440788317160468e+02
2.875246904677288171e+02
2.873618822714670955e+02
2.872229364288882607e+02
2.873003413051998791e+02
2.874705764573834585e+02
2.872687484399947948e+02
2.869941770571317079e+02
2.869860948651868853e+02
2.871416032561692759e+02
2.872110409649732787e+02
2.872573281876105398e+02
2.873293575660908914e+02
2.873300054302624176e+02
2.873159439497971448e+02
2.873416500995730303e+02
2.872717366870182900e+02
2.872903464196489836e+02
2.872831828504604914e+02
2.873532575021455386e+02
2.873193917709696166e+02
2.874793897773710682e+02
2.874779973983607988e+02
2.874673001825941014e+02
2.874257159161311392e+02
2.872898242000173354e+02
2.873181422502296414e+02
2.873909230029810260e+02
2.873777518414737528e+02
2.873097811223734652e+02
2.874515199662826603e+02
2.874616760157601334e+02
2.875108378695804845e+02
2.873058571494033799e+02
2.873226190933270914e+02
2.874342543169206579e+02
2.875266705127900195e+02
2.875476305475241929e+02
2.874604401109505147e+02
2.875011682971608025e+02
2.876398696024155583e+02
2.877628160752468034e+02
2.875319635121252304e+02
2.874385438477736443e+02
2.874792058433363877e+02
2.874940431535300149e+02
2.873889186526639037e+02
2.875220619164192613e+02
2.875380253294713953e+02
2.874695881918949567e+02
2.876347672703687977e+02
2.874994666142040387e+02
2.874222245624515040e+02
2.872946126788766037e+02
2.874455863480638982e+02
2.875286327601180005e+02
2.874710300014827453e+02
2.873527818803307241e+02
2.875628802700973665e+02
2.875206937938667693e+02
2.876435831411765776e+02
2.876828487614232586e+02
2.877588604155950520e+02
2.877452757699780364e+02
2.876848953070697803e+02
2.876834192182548122e+02
2.876868227674896161e+02
2.875552488054925675e+02
2.873657883339624277e+02
2.873213773496087242e+02
2.875616793089943144e+02
2.874638795242821061e+02
2.875228795080055875e+02
2.875314288505905438e+02
2.877159363843051665e+02
2.875704678416238380e+02
2.876635005351935206e+02
2.876831163705984409e+02
2.877112793247160312e+02
2.875357606112433473e+02
2.876618537582413637e+02
2.878921720204517101e+02
2.877132406938626445e+02
2.878360160282206266e+02
2.878317216190106365e+02
2.875995840416420606e+02
2.875598063131301387e+02
2.874406922161398938e+02
2.876788236968179149e+02
2.874848987224785901e+02
2.874039731165721605e+02
2.875834022433165273e+02
2.876944821417957314e+02
2.878800789509078299e+02
2.879410350202509221e+02
2.877233004659040034e+02
2.873469746190857563e+02
2.873950854515100559e+02
2.874843417445098908e+02
2.878271320135554561e+02
2.876306564831490959e+02
2.876953693512336372e+02
2.877760987240118880e+02
2.879259517411304046e+02
2.880319494220681804e+02
2.880235116639988178e+02
2.880854241846232640e+02
2.880614761499816723e+02
2.880873099596284987e+02
2.884590977685961661e+02
2.883179773062138906e+02
2.881291874057416749e+02
2.880565282874312629e+02
2.881815641179956060e+02
2.883456751926424886e+02
2.881617423647822420e+02
2.882911879406483990e+02
2.883241886649588537e+02
2.884752104110082769e+02
