2.856752587878447684e+02
2.856241879371100936e+02
2.857139989919954814e+02
2.858326015675326630e+02
2.854447539704066799e+02
2.856480913107297397e+02
2.856187094241392401e+02
2.857678785641019772e+02
2.858484660402655209e+02
2.857704119671266767e+02
2.857456499802403869e+02
2.858183105666590791e+02
2.856121441729520143e+02
2.855476404770023464e+02
2.856333752898707985e+02
2.855704459927760013e+02
2.856078776474902838e+02
2.856288054726197174e+02
2.856606386383234053e+02
2.856717777103131652e+02
2.857283075241216466e+02
2.857152798477097235e+02
2.856254165630527382e+02
2.856069439313975522e+02
2.856861146381444314e+02
2.858300671308527399e+02
2.857711368151772717e+02
2.856388724265328278e+02
2.857688506921558087e+02
2.855755730013295874e+02
2.857400076551018628e+02
2.856671685809928363e+02
2.854750751396886130e+02
2.854625111952847192e+02
2.853804791713134819e+02
2.854360209781780213e+02
2.854048546205524985e+02
2.855139860735881143e+02
2.856056576234849445e+02
2.854880997238047939e+02
2.854924996985465100e+02
2.854561528913323514e+02
2.855710415334740446e+02
2.853889610061401640e+02
2.856777498611614305e+02
2.857978855077595313e+02
2.855739261608752031e+02
2.856180394768612132e+02
2.856333925624458629e+02
2.855478172761972928e+02
2.855056581582521744e+02
2.854508838292268820e+02
2.855866508183382848e+02
2.855253286588572337e+02
2.854795070663980709e+02
2.854871586530063610e+02
2.855261703429022759e+02
2.854523146372361566e+02
2.855172594171804690e+02
2.854823845702083531e+02
2.855971758264702203e+02
2.855291415708297791e+02
2.853838642111940658e+02
2.854022477445067238e+02
2.853328570230507353e+02
2.855837768939185253e+02
2.856709717376979256e+02
2.855614103725111477e+02
2.856812770510489941e+02
2.856680302585021423e+02
2.856084920484057079e+02
2.856306934550653978e+02
2.857267678691128481e+02
2.855494204026840066e+02
2.855763947500435620e+02
2.856073045497228122e+02
2.856625293017752369e+02
2.857760783435771259e+02
2.856523310484691365e+02
2.857228693841691438e+02
2.856214770155424389e+02
2.857684383318650703e+02
2.858211386451669682e+02
2.857284713995088055e+02
2.856538934475080964e+02
2.857114436575928949e+02
2.857190958384176156e+02
2.858295579605642160e+02
2.854905402086679942e+02
2.855857318004843819e+02
2.856154313534585185e+02
2.855797897957087912e+02
2.856259192584248581e+02
2.856490716052992411e+02
2.856938296486665081e+02
2.856390561578545544e+02
2.856605780567849706e+02
2.855759122540596877e+02
2.857034302820316611e+02
2.856650323706213044e+02
2.857057908673118050e+02
2.857824554759122861e+02
2.857111769170552407e+02
2.856680322818246509e+02
2.858862913037165754e+02
2.858838253716979239e+02
2.856438558217250261e+02
2.858118284470403978e+02
2.857739067891988043e+02
2.856410766736315168e+02
2.857692031051554409e+02
2.857804426944598504e+02
2.857575383236224980e+02
2.856819587732903187e+02
2.855657488067906797e+02
2.856263895644048603e+02
2.855903498792252435e+02
2.857396802939688882e+02
2.855968866796904990e+02
2.857082511965094795e+02
2.855892894402269917e+02
2.856774505323080007e+02
2.857518094615200539e+02
2.857934688166125738e+02
2.858011167109290795e+02
2.856140358377049324e+02
2.856486019971943620e+02
2.856769341495133290e+02
2.856147464427313594e+02
2.857551242802531419e+02
2.858783509969089778e+02
2.859502489227886031e+02
2.858277548466862186e+02
2.858059139559967434e+02
2.859063633686147909e+02
2.859882547436147888e+02
2.859633170851163300e+02
2.859274846240257375e+02
2.860043769236817752e+02
2.860286409890637742e+02
2.860601343026470431e+02
2.859994414724733929e+02
2.858653646585034380e+02
2.860424437080956181e+02
2.860282739997708745e+02
2.861025788503537797e+02
2.860066320000012752e+02
2.861709729717954360e+02
2.862617895469368250e+02
2.863682566757839254e+02
2.863032525662587773e+02
2.862865969180563752e+02
2.862806053894570937e+02
2.862620375076390360e+02
2.863868665344684246e+02
2.863563026979238657e+02
2.864377069977578572e+02
2.864903891215241742e+02
2.864154459161406407e+02
2.864290440772535362e+02
2.863589073105404736e+02
2.864149992577624175e+02
2.864531655628015301e+02
2.864560086078514587e+02
2.864065013377752962e+02
