2.856995199430289745e+02
2.857774049173768276e+02
2.857500678747425695e+02
2.858329554254428899e+02
2.859492901525789534e+02
2.859608161185220183e+02
2.859030799117865058e+02
2.859193018934185488e+02
2.860409417130886709e+02
2.858312698368851557e+02
2.859988969518821591e+02
2.858502679920843548e+02
2.858522309449368208e+02
2.858641092020283736e+02
2.858123119740563993e+02
2.860682408049294736e+02
2.861042891471689131e+02
2.859737844714795187e+02
2.859559290724952803e+02
2.859456690379424231e+02
2.859017296400017472e+02
2.859610832747584368e+02
2.858872679372659604e+02
2.858049037258585372e+02
2.858153891461093963e+02
2.858882426555342704e+02
2.859537126438684140e+02
2.859861096154774032e+02
2.858832705710894970e+02
2.860879346168463826e+02
2.860987606634502640e+02
2.860098929818041711e+02
2.859893610097628311e+02
2.860557634348168108e+02
2.861251271587737506e+02
2.857836171558688534e+02
2.857278329451966670e+02
2.857974255162968689e+02
2.858527107819119806e+02
2.857475886669787428e+02
2.858383868173944506e+02
2.858527979209416685e+02
2.858965760458896739e+02
2.860670850636144564e+02
2.860427790939393731e+02
2.859960409483899184e+02
2.858593312909339375e+02
2.858974475162161752e+02
2.861327730572111250e+02
2.861100718254963908e+02
2.861136153462945799e+02
2.861087718524522074e+02
2.859655378290991052e+02
2.859583227285725684e+02
2.859213625580654821e+02
2.861137349927790297e+02
2.861746123825089967e+02
2.860304222476475502e+02
2.861170635598878675e+02
2.858985810941228465e+02
2.859636105748665500e+02
2.860696259303130660e+02
2.861191091637670638e+02
2.858563168788376174e+02
2.859694905033476857e+02
2.858851947660838846e+02
2.859254507683073712e+02
2.861384707264015788e+02
2.860744730964873384e+02
2.861148781341759104e+02
2.861692524304247058e+02
2.863756363701467649e+02
2.864077260921464472e+02
2.862412813327005097e+02
2.863111866352813877e+02
2.864534839446904471e+02
2.862605507126023099e+02
2.862712199457311613e+02
2.863792099647772602e+02
2.862353535155330633e+02
2.861560500967507323e+02
2.862829568205571036e+02
2.863782365455713830e+02
2.862339461974369783e+02
2.862969382331513657e+02
2.862400341612126908e+02
2.863800568131670161e+02
2.863418500946785343e+02
2.863409472661998052e+02
2.862155084380801782e+02
2.862105046623995008e+02
2.865814842388925285e+02
2.862748735610814492e+02
2.863381710298373832e+02
2.862099751121716622e+02
2.863506064805598612e+02
2.865364855065388952e+02
2.864423163242207124e+02
2.866274886539000022e+02
2.863818557440665700e+02
2.863472996043783496e+02
2.863313556582163528e+02
2.864578395205906531e+02
2.864566814407365882e+02
2.865859419835330755e+02
2.867207448761622572e+02
2.864119507026680935e+02
2.863620577614944409e+02
2.865285637592698436e+02
2.864663996102260057e+02
2.864517201572959380e+02
2.865166998737544759e+02
2.862605525691639627e+02
2.861854824226389269e+02
2.863349361046036279e+02
2.865470465958198929e+02
2.864409227455785754e+02
2.864891576571495762e+02
2.867022831279880961e+02
2.866396148565270892e+02
2.866218954425591505e+02
2.867142047885801048e+02
2.864421458180492550e+02
2.864613691228818197e+02
2.863872082284195812e+02
2.863941744414527761e+02
2.864264352368555251e+02
2.862940912548885990e+02
2.864021440738311526e+02
2.865846583454264760e+02
2.864090666493618187e+02
2.862988526471449973e+02
2.864902801913855228e+02
2.863544770186997539e+02
2.863249115970061212e+02
2.866786385783714195e+02
2.868129623983854231e+02
2.866231606633530191e+02
2.866555096157955518e+02
2.865722320120566451e+02
2.866566150359885796e+02
2.867105676904107554e+02
2.863290047994210568e+02
2.865114897757772496e+02
2.865832151102146668e+02
2.864020905460766357e+02
2.866468281386899548e+02
2.868358849153484584e+02
2.868279604306741817e+02
2.868470930054289738e+02
2.868831518705505346e+02
2.867620665979442265e+02
2.868194286662352965e+02
2.868047814783580520e+02
2.868987147706749283e+02
2.870981109435533085e+02
2.871756377539515483e+02
2.871599994639984175e+02
2.871754352722132921e+02
2.872146448909391552e+02
2.869539752672378086e+02
2.870290363635278368e+02
2.873077811694897150e+02
2.872008468294067711e+02
2.872577169508465431e+02
