2.873983141399899068e+02
2.873201553836167363e+02
2.874220384636848848e+02
2.874346222234653965e+02
2.874524890623334841e+02
2.874445550850192603e+02
2.875964958264719371e+02
2.874506005848159589e+02
2.873976748988522445e+02
2.872833205326277835e+02
2.874665715419180856e+02
2.873651880724826242e+02
2.872484083186834027e+02
2.872962123250846389e+02
2.873853559007740728e+02
2.874215475221089378e+02
2.873708009070357434e+02
2.873704818597208828e+02
2.873593915112035688e+02
2.874366843985253581e+02
2.875093745015520312e+02
2.875514949530491435e+02
2.874943788113545793e+02
2.875728658086515566e+02
2.876097564086296074e+02
2.877040072683961967e+02
2.877958507644354427e+02
2.875657936461550435e+02
2.876769925953811367e+02
2.876148234299014348e+02
2.876519547254204667e+02
2.876838587641377103e+02
2.877459086027634498e+02
2.877209999496777186e+02
2.872611398926533184e+02
2.874124651258436529e+02
2.875367616382521305e+02
2.876231843352554733e+02
2.875457642301467445e+02
2.876069786161676234e+02
2.875944627740815918e+02
2.875630516883651921e+02
2.874299828757464752e+02
2.876325881737853365e+02
2.875451509297769803e+02
2.874734925269328869e+02
2.875860500468319856e+02
2.874912823827416446e+02
2.873415893905865346e+02
2.874040352168626100e+02
2.873856337848758358e+02
2.873967802492875308e+02
2.872502641702093342e+02
2.870905429751213092e+02
2.873004026097368069e+02
2.873536556895366516e+02
2.873416081302601128e+02
2.873244047863078663e+02
2.873698852304113416e+02
2.873781053221331945e+02
2.874322843267597705e+02
2.874237899975623236e+02
2.872870902417622574e+02
2.871152538957999241e+02
2.873843506697688213e+02
2.873772319565681528e+02
2.874416093737939377e+02
2.875702725964696356e+02
2.875339257838524532e+02
2.875167391336758556e+02
2.875164085929187081e+02
2.876738361382538187e+02
2.876989452634757072e+02
2.876896476038123751e+02
2.876473707589123592e+02
2.876508839943874136e+02
2.876458899718627436e+02
2.876520820774735512e+02
2.877781008597973482e+02
2.876877119787905599e+02
2.876326013527151986e+02
2.876461209611448453e+02
2.877690707063675859e+02
2.876487642038565582e+02
2.877080904144556257e+02
2.877219195353241616e+02
2.874982748745007370e+02
2.876592652293246033e+02
2.876422352692816844e+02
2.875935431671749143e+02
2.874864055273880012e+02
2.875292069391404652e+02
2.876815733011964653e+02
2.876658117569738806e+02
2.877023432208937379e+02
2.876673015176220929e+02
2.876732906997735881e+02
2.875696819494622218e+02
2.875725790430892630e+02
2.877134534648999420e+02
2.875935854118395696e+02
2.876678246380390647e+02
2.875917969152164915e+02
2.875969889548363767e+02
2.876012852371356416e+02
2.875670439750182368e+02
2.875560035310975877e+02
2.875819386399229529e+02
2.876033516458001031e+02
2.876244522534432235e+02
2.875533987606910387e+02
2.876956677966521170e+02
2.877080156970450275e+02
2.875814325139316452e+02
2.875206477167065486e+02
2.873092047600397905e+02
2.875351787765275162e+02
2.875824851765387393e+02
2.874788921727018192e+02
2.875845265157627182e+02
2.875170481184102869e+02
2.875714014139099959e+02
2.875432741710362734e+02
2.875952991441038193e+02
2.878048792870553712e+02
2.877494477981209684e+02
2.878012413468888440e+02
2.878934320413162595e+02
2.878905059821249210e+02
2.879915737212251088e+02
2.879704595728243817e+02
2.881175131350520360e+02
2.880249006092888067e+02
2.879443455148534099e+02
2.879870227948217121e+02
2.879699084532438178e+02
2.880429758084016498e+02
2.881039884781145588e+02
2.879469116875050645e+02
2.881362039190215114e+02
2.882261283614510035e+02
2.881559453221582316e+02
2.879077115256354205e+02
2.880177958191621883e+02
2.881593587019547726e+02
2.882739592307296448e+02
2.882936851196816974e+02
2.882954208049852127e+02
2.883083436165265994e+02
2.883702779192139474e+02
2.884689671939726736e+02
2.884941216721149431e+02
2.884973264346870678e+02
2.885621117751485940e+02
2.884831668212740965e+02
2.884782147317351928e+02
2.884884524034229685e+02
2.885012059197007375e+02
2.886451659185680683e+02
2.886312612112182023e+02
2.885768928995353804e+02
2.886276731371365258e+02
2.887372962412363790e+02
2.887945980584830181e+02
2.888750465614756990e+02
