2.869609663532507398e+02
2.867871568100503623e+02
2.868922869916937088e+02
2.870938407870250444e+02
2.868659482721824361e+02
2.867590918257523640e+02
2.867113564925020341e+02
2.867622485982723219e+02
2.868225921748601195e+02
2.868742554715502138e+02
2.867016334990969426e+02
2.866063181349431375e+02
2.865331947271869808e+02
2.866207629819470526e+02
2.867155178814523993e+02
2.867048580456021796e+02
2.865696728574794179e+02
2.865357012304522186e+02
2.866052652093391089e+02
2.866624471863574399e+02
2.868251054776523574e+02
2.868831484233297715e+02
2.869093402552391012e+02
2.868512218152765740e+02
2.867468379727849879e+02
2.866361684470608111e+02
2.865889299404851158e+02
2.866979974725924194e+02
2.866563363161889697e+02
2.866571445852782176e+02
2.867529875950208407e+02
2.867137055358275575e+02
2.866908402614566853e+02
2.865039725738935203e+02
2.864047130483095884e+02
2.866529902820573739e+02
2.866223816716799320e+02
2.866403767698406000e+02
2.866262059986101463e+02
2.866747340220777573e+02
2.867005392148825536e+02
2.864288390495889871e+02
2.866464806215641374e+02
2.866198257544254488e+02
2.864999678949435520e+02
2.864837145813940538e+02
2.865909707038080683e+02
2.865392812927535715e+02
2.867454402703554592e+02
2.867164044933496712e+02
2.866021064971318424e+02
2.867079229425236235e+02
2.868706594871751463e+02
2.866250005325767347e+02
2.865485224176864563e+02
2.866672417742866514e+02
2.866634652173602262e+02
2.865979252610099479e+02
2.865773059791634410e+02
2.866186640656739542e+02
2.866309096329535464e+02
2.865650183528333059e+02
2.864534090802018227e+02
2.863812534336777276e+02
2.862890711548652121e+02
2.865249874010253279e+02
2.867248453490956308e+02
2.865483475707159187e+02
2.866035653102935044e+02
2.867119062040571293e+02
2.866194144407655244e+02
2.865316072114727604e+02
2.866196323588372366e+02
2.866008371898728342e+02
2.865131531643577318e+02
2.866778396157192788e+02
2.867843352593053510e+02
2.865118500023075967e+02
2.865182937126591582e+02
2.866539108081311156e+02
2.866654155211570583e+02
2.864619927855304127e+02
2.865381771040951548e+02
2.866012834577323929e+02
2.866718594221410967e+02
2.867462069707968908e+02
2.867296523471849810e+02
2.868036703656737814e+02
2.867773864274039965e+02
2.867445678410293226e+02
2.867621850258139489e+02
2.867205304396039764e+02
2.867251071583006592e+02
2.867950162176361459e+02
2.869237620180753652e+02
2.867707084298650102e+02
2.866534215207084344e+02
2.867038967398673890e+02
2.867961707821982031e+02
2.868110172785829377e+02
2.868262727179334775e+02
2.869660031198101819e+02
2.868791027329469330e+02
2.866368972991556348e+02
2.867687046870601648e+02
2.866945332212004587e+02
2.867123956733602768e+02
2.867916352639535376e+02
2.869372726198011492e+02
2.867648739006542087e+02
2.866596377779551972e+02
2.867077349628264074e+02
2.868424936460137360e+02
2.867985603880180747e+02
2.863605231005714131e+02
2.864545531114201253e+02
2.863565291026904447e+02
2.863622507482976971e+02
2.865360184360348512e+02
2.863691178091409597e+02
2.863231874502777714e+02
2.864100681572267035e+02
2.864278269435422430e+02
2.864536272741883636e+02
2.863470971904761768e+02
2.864650015547711064e+02
2.864877997534617293e+02
2.864202230389047941e+02
2.864890879232956422e+02
2.864717120385521980e+02
2.865161583105180512e+02
2.865838335610728222e+02
2.865509771140266935e+02
2.864823634604354083e+02
2.865303594582279629e+02
2.865554479243139667e+02
2.865745897642801765e+02
2.865337796487773971e+02
2.866845694709065242e+02
2.868358784868295857e+02
2.866080809342013822e+02
2.866160020676266527e+02
2.865999730075397451e+02
2.866277077260627379e+02
2.865887420104699004e+02
2.867239975801570608e+02
2.869375583783449315e+02
2.869031821008166503e+02
2.869528640880702710e+02
2.869648704200645852e+02
2.871483338529988600e+02
2.872739431498400791e+02
2.872712100030532838e+02
2.874420746243571330e+02
2.874646242479873308e+02
2.874617149280369972e+02
2.875402034981795509e+02
2.875624799461879775e+02
2.873513434611250545e+02
2.872348487942569477e+02
2.872336007911269462e+02
2.873806795180344693e+02
2.876150056355340325e+02
2.874102851541605901e+02
2.874898095114329521e+02
