2.874217698970708739e+02
2.875082012556356972e+02
2.874757708872928674e+02
2.876030859914927760e+02
2.875539972283547741e+02
2.876465226112878213e+02
2.876321263578220737e+02
2.875965953400955755e+02
2.875738875407168393e+02
2.875176226766155310e+02
2.876126668541970162e+02
2.876169728079819947e+02
2.875417789267889930e+02
2.876972056692885644e+02
2.878967851817932910e+02
2.875351759836552787e+02
2.873942156564450556e+02
2.875172802797417830e+02
2.875257327830192366e+02
2.876817398138459794e+02
2.876392345002806792e+02
2.876804391942342249e+02
2.876315061288525499e+02
2.875484955325344458e+02
2.875774296542408024e+02
2.875656945227044048e+02
2.877501499399211866e+02
2.878209823771502442e+02
2.875468836293365484e+02
2.874876375486362008e+02
2.876639195624711078e+02
2.878294195144188166e+02
2.876308681894074084e+02
2.877090313006723932e+02
2.874695495749234055e+02
2.873753465437945920e+02
2.874147454458217226e+02
2.875038122029458236e+02
2.875603932141955852e+02
2.876193430771571116e+02
2.876301578301148538e+02
2.876762693486373905e+02
2.875225810018190487e+02
2.876459061709686580e+02
2.876984260532746021e+02
2.876892804880704944e+02
2.876400792066469876e+02
2.875531248928942318e+02
2.875124501494661331e+02
2.875801698624247820e+02
2.876414506123794013e+02
2.876076787452229269e+02
2.874313965355771643e+02
2.873329417044269007e+02
2.875651313474979247e+02
2.875091561155435897e+02
2.875330416972001899e+02
2.876197875987346038e+02
2.876359645635017728e+02
2.876079271206410226e+02
2.876515915508674084e+02
2.875992671122547222e+02
2.876164252524818608e+02
2.875691969549933447e+02
2.876021510100523528e+02
2.877701965889277744e+02
2.877245955747742983e+02
2.875815149310407719e+02
2.874934085921771043e+02
2.875222204058002831e+02
2.875331846620045440e+02
2.876182469699047601e+02
2.876981380203390586e+02
2.876590653379249147e+02
2.876572979421056857e+02
2.876995518492948918e+02
2.877357947482749410e+02
2.878117628611814212e+02
2.877154405491425564e+02
2.876455780334634937e+02
2.875720350564741352e+02
2.877824186076612705e+02
2.878944038963775824e+02
2.878069155451028678e+02
2.876881049853151353e+02
2.877704064802289281e+02
2.878192249949248094e+02
2.879182004987233654e+02
2.878361640692540959e+02
2.879676439230902929e+02
2.878925375043929762e+02
2.876919076537699880e+02
2.876918038101835009e+02
2.876805781142352885e+02
2.877876132294820195e+02
2.878308141140182101e+02
2.878101204844255676e+02
2.878980394633310880e+02
2.878325718553306274e+02
2.877682143757631934e+02
2.878770100177284803e+02
2.878929770723761408e+02
2.879519168161560287e+02
2.880133927237768603e+02
2.880922379101819502e+02
2.878990174107627809e+02
2.877594945430869871e+02
2.879073039228442781e+02
2.879698330328430416e+02
2.878821151729279677e+02
2.878549801794183622e+02
2.877405125359269391e+02
2.876785705420241470e+02
2.876885489615997926e+02
2.877935265322335567e+02
2.878923845107888724e+02
2.877879922192005893e+02
2.876696636396142708e+02
2.876459787932869858e+02
2.877513586955842015e+02
2.881002309288782612e+02
2.881444224280934918e+02
2.878370016269280427e+02
2.877583762275060622e+02
2.878637726172246403e+02
2.880296197114143979e+02
2.877005116702635519e+02
2.876241879716283165e+02
2.878920166584432536e+02
2.881597276674726231e+02
2.877474150733890497e+02
2.877571683426216396e+02
2.878491545778011869e+02
2.878584490206216060e+02
2.878739757757864481e+02
2.881344322320381934e+02
2.878699892810553251e+02
2.880264994698952705e+02
2.881361620626470312e+02
2.881690980369743329e+02
2.883621718100663998e+02
2.884242607138396579e+02
2.882678354068730755e+02
2.880742383821530552e+02
2.881162805460740515e+02
2.884065588294537861e+02
2.884764791706396068e+02
2.884467812709067402e+02
2.884390935968058329e+02
2.884103600558739231e+02
2.885079523055511004e+02
2.887450451270780150e+02
2.885940297574592819e+02
2.884745047649521439e+02
2.885953610128495939e+02
2.885493776737615121e+02
2.885343476158897715e+02
2.887166055499791923e+02
2.887415684759006922e+02
2.887619543754765346e+02
2.888207011452977326e+02
2.889117510404589098e+02
2.886066176472288021e+02
2.886094332062671697e+02
2.888325683383793034e+02
