2.877227271187061319e+02
2.873150631835775926e+02
2.870123390858768175e+02
2.872862626764475635e+02
2.873943295470621706e+02
2.874254577449667636e+02
2.872701335322537943e+02
2.871490400927964970e+02
2.872880797950697342e+02
2.875542586495681689e+02
2.875147171158918127e+02
2.871920886762627561e+02
2.870685775296606721e+02
2.871628043017582854e+02
2.873873198051002760e+02
2.873584847615029503e+02
2.873574384858135886e+02
2.871844415980658596e+02
2.873456897229800120e+02
2.875584523737575751e+02
2.875649080506145197e+02
2.874597372416948815e+02
2.874262579501326513e+02
2.874698874337563552e+02
2.873328491113659879e+02
2.871870242991643067e+02
2.874212917118991300e+02
2.875190377898963447e+02
2.875343131416702249e+02
2.872314109149593833e+02
2.870551091156595476e+02
2.872355518610130503e+02
2.873237043484825222e+02
2.875002503700439433e+02
2.869819627590127880e+02
2.870333832243446182e+02
2.874276654143474161e+02
2.872167327985910106e+02
2.869633758987995407e+02
2.870780147626110193e+02
2.873576118462428894e+02
2.874307857698387352e+02
2.875026512662261098e+02
2.874015306317746195e+02
2.873523907214877795e+02
2.874665346379927655e+02
2.874949051892596117e+02
2.873820236983447671e+02
2.873160540472363209e+02
2.874295947446526611e+02
2.874355690597727744e+02
2.875618584083954374e+02
2.874959837480398051e+02
2.871353832200592251e+02
2.871530373069973052e+02
2.871326329494692686e+02
2.871592046577571864e+02
2.875724627213280087e+02
2.876326542550164618e+02
2.873161577844616090e+02
2.873253891223413916e+02
2.874966763995410020e+02
2.872458626063670408e+02
2.871567582508903911e+02
2.874144345542123915e+02
2.873182208168736338e+02
2.873062996479714570e+02
2.873319184832254791e+02
2.873900128298497521e+02
2.875870559386663103e+02
2.873005691030961657e+02
2.871095374364143140e+02
2.874921052667620529e+02
2.875318797902033907e+02
2.876022389327849282e+02
2.871490761875971316e+02
2.870768855791449710e+02
2.872395662237283318e+02
2.875960715667535510e+02
2.876939602547585082e+02
2.875796870713559770e+02
2.874598179917281300e+02
2.872702018902057830e+02
2.874408787916489132e+02
2.876167626278959801e+02
2.876607174030073111e+02
2.874401217609504897e+02
2.874302011670659454e+02
2.875443248167821935e+02
2.877267717104444387e+02
2.873306436642974404e+02
2.872124849911360229e+02
2.873120050733753601e+02
2.876146413511679043e+02
2.876839531851697416e+02
2.874849141166001232e+02
2.874073003553687045e+02
2.874947710363764486e+02
2.877530342857386927e+02
2.878024806425242446e+02
2.873474102153998615e+02
2.873442952768072018e+02
2.875471473875930428e+02
2.876801363898779869e+02
2.875970873885458445e+02
2.873436316786255134e+02
2.874081792969104185e+02
2.875903533617724861e+02
2.877866948418378001e+02
2.875476955992724584e+02
2.873452546039443405e+02
2.874552119127711762e+02
2.877122076339485943e+02
2.873935820654219242e+02
2.871771071309758554e+02
2.872229491937059720e+02
2.874584685675458218e+02
2.873892422166442202e+02
2.873232022354502533e+02
2.874319476964669775e+02
2.876268525165961023e+02
2.877279553930540601e+02
2.874047316788656872e+02
2.874106124696136817e+02
2.876943568436025203e+02
2.876780600890629103e+02
2.874169485241068287e+02
2.873998968881503515e+02
2.877054566915178384e+02
2.878878738800985388e+02
2.875995259526952736e+02
2.874344731442047305e+02
2.874941078413054925e+02
2.875675767086960377e+02
2.877046080669557000e+02
2.874462175545256173e+02
2.874327141700246671e+02
2.873956658719545771e+02
2.877918207719081920e+02
2.879132639040863637e+02
2.877013081695678807e+02
2.875669264940841572e+02
2.875851747366208997e+02
2.877562465535497154e+02
2.877559849298290260e+02
2.876269856307376358e+02
2.876763496195482048e+02
2.879084363101406439e+02
2.881229416241301919e+02
2.881260716112283831e+02
2.877159588693903629e+02
2.877147321306524077e+02
2.880037565368375567e+02
2.882748960527979420e+02
2.878888772324621641e+02
2.878466352084542450e+02
2.880461712242145040e+02
2.882826406031996953e+02
2.882828940410669816e+02
2.879299977480871462e+02
2.877925481622352208e+02
2.881705578269579178e+02
2.884027326185490097e+02
2.881472272200342104e+02
2.880672693852192197e+02
