2.864946079741420704e+02
2.864476089762570723e+02
2.864885015585612678e+02
2.866077115723849715e+02
2.867076111507869882e+02
2.864405718332859010e+02
2.864108662008124497e+02
2.865409814325281559e+02
2.866132757617002085e+02
2.867503769851517745e+02
2.866636335582903143e+02
2.864638701063328767e+02
2.864899687337683645e+02
2.865890116370658802e+02
2.863834380247567424e+02
2.863539056100921130e+02
2.865186587854809659e+02
2.866324139646489471e+02
2.865096725246134497e+02
2.865403823180863014e+02
2.866497150995870129e+02
2.867443812388207789e+02
2.868445427167223443e+02
2.865299423718842036e+02
2.865751895502125421e+02
2.866248076228159221e+02
2.867511477882797521e+02
2.867683911476391927e+02
2.866649299853632442e+02
2.867177305354423424e+02
2.866950802646219358e+02
2.866873494767140755e+02
2.866447129677306975e+02
2.866839438935149929e+02
2.862241741335146230e+02
2.862997708648389903e+02
2.863093305174748480e+02
2.863895830576519188e+02
2.865135772364808986e+02
2.866937061359279255e+02
2.866727489260109110e+02
2.865457837246120221e+02
2.865750553893338406e+02
2.867066122290605676e+02
2.867519858511398638e+02
2.866655895403990257e+02
2.866068907217130004e+02
2.865952291100351772e+02
2.866326530479336157e+02
2.866894905168308583e+02
2.866198877158686287e+02
2.866647999426024285e+02
2.867239031255545569e+02
2.863718344560250557e+02
2.864631974391820677e+02
2.865278586452168952e+02
2.865652504507012850e+02
2.865460602322826276e+02
2.866478886194896063e+02
2.867979307575610051e+02
2.867344040319368332e+02
2.865433169879552224e+02
2.864742803896075998e+02
2.865815345648823609e+02
2.866919401646168239e+02
2.865811146704335215e+02
2.867034613003699519e+02
2.868204398029467370e+02
2.867535010298672091e+02
2.868428672159029702e+02
2.867251783566021572e+02
2.865879568057587221e+02
2.867170804912510107e+02
2.868877240067104708e+02
2.868726110378991052e+02
2.866493931638703430e+02
2.865853618168262642e+02
2.867584472420006136e+02
2.868421857626840961e+02
2.867386176121402173e+02
2.867570525475006775e+02
2.866884448781876813e+02
2.868874319667307304e+02
2.868806447201407650e+02
2.866585330144001773e+02
2.867674794209782476e+02
2.867640809872683008e+02
2.867419045020535577e+02
2.867294218442468150e+02
2.867231483841136992e+02
2.868965934643812830e+02
2.868986602871926266e+02
2.866694039077185039e+02
2.867193120310182053e+02
2.868387517813182512e+02
2.869813122267739800e+02
2.868212948803432027e+02
2.867823218658420501e+02
2.868142589508024116e+02
2.869105960842105674e+02
2.870042076415821839e+02
2.867054810568397443e+02
2.867369421245624039e+02
2.867965871672780622e+02
2.867666113847874954e+02
2.868951756728069995e+02
2.868563182992649558e+02
2.866227804107559223e+02
2.866878067518962325e+02
2.868858213647281445e+02
2.867862269859322737e+02
2.867026444815300579e+02
2.866835399888220195e+02
2.865760401936903463e+02
2.863684080037779722e+02
2.864486972600150239e+02
2.866416128431908987e+02
2.865933192290072498e+02
2.863608035445158180e+02
2.864688126835853268e+02
2.867833357012884790e+02
2.868663428912471431e+02
2.866219850521455896e+02
2.868229105634449638e+02
2.869870731956369241e+02
2.866204808335999701e+02
2.866744908403537124e+02
2.866453075870283556e+02
2.868201931266445968e+02
2.869304133589220100e+02
2.870192292626953190e+02
2.868265301594705079e+02
2.868499727286310872e+02
2.868345752987152082e+02
2.867398598544993433e+02
2.867471206416886957e+02
2.868808412908809373e+02
2.870679207042162489e+02
2.870214317869317142e+02
2.869125619319306111e+02
2.869660009775627145e+02
2.870326021984531621e+02
2.868486255920651047e+02
2.869288233400905597e+02
2.867832763021255573e+02
2.870304067449990839e+02
2.872337957225503260e+02
2.871379788730714040e+02
2.870563918363846483e+02
2.873677636578371448e+02
2.873455050570127582e+02
2.872201031158105593e+02
2.874245804539532401e+02
2.875847047518669228e+02
2.874060544682183718e+02
2.874933252714112086e+02
2.876352173816192703e+02
2.875721361572459500e+02
2.875181044245538828e+02
2.875386021603637232e+02
2.876109713130293244e+02
2.875412775244105887e+02
2.875931788660762436e+02
2.876712549036334394e+02
2.877227418607869254e+02
