2.870182754312994575e+02
2.871361656150477302e+02
2.870456288810513570e+02
2.869656866072243133e+02
2.868890845201373736e+02
2.869777321776616645e+02
2.870515353544043933e+02
2.871070077659459798e+02
2.870293827475661033e+02
2.870918035767133460e+02
2.869557290997447581e+02
2.870215192947378569e+02
2.869885726056446060e+02
2.870149106732893074e+02
2.868909534529064445e+02
2.869295199819475215e+02
2.870250510367070547e+02
2.871562193461542734e+02
2.871557583870469443e+02
2.871374424564078822e+02
2.870893070884181384e+02
2.870602373746363583e+02
2.869299434514303471e+02
2.869176082840672848e+02
2.869229394648857010e+02
2.869910731958818815e+02
2.869379697039825601e+02
2.869209519646634021e+02
2.869765611797357110e+02
2.869893172472927745e+02
2.869285432356942351e+02
2.870810945143650201e+02
2.870577158727596725e+02
2.869820846756132369e+02
2.866557636476498487e+02
2.868022273253587855e+02
2.869238935644693242e+02
2.869680201971886504e+02
2.868714545750767115e+02
2.870066054289445674e+02
2.869375003647480753e+02
2.869253623172907623e+02
2.870523243176296546e+02
2.870452378407757124e+02
2.870222469544833643e+02
2.869994947806529808e+02
2.870170351079902957e+02
2.869859806723094948e+02
2.870131238558442988e+02
2.871154396134617741e+02
2.870703368941918256e+02
2.870196098974160464e+02
2.870606907707519326e+02
2.868183152951360171e+02
2.869808826316528894e+02
2.870708353288106878e+02
2.870997665631914515e+02
2.871853638387255501e+02
2.872098906517121577e+02
2.873153501941476407e+02
2.872252386222198766e+02
2.870573047838224738e+02
2.869679219453485643e+02
2.870085289090405354e+02
2.870892735560573783e+02
2.871652526519786193e+02
2.871091477074978116e+02
2.871203979808329336e+02
2.871266800518244509e+02
2.872013267746921201e+02
2.871945241827698396e+02
2.873175142284136996e+02
2.872509073734439653e+02
2.872686148044122660e+02
2.873109267198094017e+02
2.874358136730390356e+02
2.873665778241600606e+02
2.871826206066230611e+02
2.872705354729633314e+02
2.872040827158711522e+02
2.870627790904777044e+02
2.871826288248059313e+02
2.872618011788482022e+02
2.872644937201612265e+02
2.873752031975441810e+02
2.874232361269786793e+02
2.871823289357493536e+02
2.872428391636660763e+02
2.872504579950945640e+02
2.872687497829165295e+02
2.872717331847651963e+02
2.873963848757385335e+02
2.874354310217108264e+02
2.873613793897631581e+02
2.873048405916529191e+02
2.872338103833765217e+02
2.874556444543363227e+02
2.873762086804545675e+02
2.873964838400057715e+02
2.874776479794336979e+02
2.874387656172554557e+02
2.873863111859419632e+02
2.872703298317256895e+02
2.873533394061507806e+02
2.873995866652355744e+02
2.874411296561296467e+02
2.873840136824522347e+02
2.874785446216363312e+02
2.874889366494846286e+02
2.874146128888953626e+02
2.874868899776674311e+02
2.874772594385008802e+02
2.875013755102884829e+02
2.872933002136131790e+02
2.871375853137835179e+02
2.870191945699679650e+02
2.873463433745511679e+02
2.876162480454735260e+02
2.874776684132326068e+02
2.872771782384791095e+02
2.873940937095921413e+02
2.875730046555987087e+02
2.876169352335443818e+02
2.874924642639691115e+02
2.874083324147799772e+02
2.873786632229636098e+02
2.874091046487231438e+02
2.875884173816950806e+02
2.876379009426631796e+02
2.875672425382551864e+02
2.874893490150906814e+02
2.876153420589510006e+02
2.877076918856496945e+02
2.876613810256972101e+02
2.875811893234726426e+02
2.875274042956468179e+02
2.876964052564295002e+02
2.876049056069676908e+02
2.877157511944784574e+02
2.878306263132163849e+02
2.877600520689607606e+02
2.876536639190707660e+02
2.873976058475057584e+02
2.873751154787386213e+02
2.876525600901990174e+02
2.878840945158451632e+02
2.878575184185659737e+02
2.878282291288660417e+02
2.880243082966246106e+02
2.879489683815123158e+02
2.880021596811025120e+02
2.879488255126340732e+02
2.879953732010521321e+02
2.879150641850868624e+02
2.879784999277982251e+02
2.879533975550471041e+02
2.880551975257899926e+02
2.880802388982060052e+02
2.880859172559880221e+02
2.879867162670902871e+02
2.881725329756409337e+02
2.880290724146694288e+02
2.881278571200275564e+02
2.880899099588318677e+02
2.881121538644586053e+02
