2.862602784737546813e+02
2.863538599399640248e+02
2.863580575253750453e+02
2.862759625470274614e+02
2.864588095387243811e+02
2.864128848659893833e+02
2.862461026562114057e+02
2.861215982798154300e+02
2.864019970108961957e+02
2.865640980724049314e+02
2.866885671694541884e+02
2.863691030379380322e+02
2.862222939488886482e+02
2.863008545066497277e+02
2.864569960158889899e+02
2.864599617367526889e+02
2.862945567941192735e+02
2.862406425402679702e+02
2.863993453218558329e+02
2.864991829012690232e+02
2.863925752086747138e+02
2.864820478498484704e+02
2.863673158860231069e+02
2.865511938368607048e+02
2.865294003702246641e+02
2.864233779128060746e+02
2.864332926904378951e+02
2.863443565079078894e+02
2.863322629356023299e+02
2.863173047090262457e+02
2.863071977240706474e+02
2.863354534558067712e+02
2.863868203512911919e+02
2.862268112921923944e+02
2.859563163407265165e+02
2.861575453538053466e+02
2.863459686769087966e+02
2.863814267826815012e+02
2.862694241428839064e+02
2.863596107968348861e+02
2.862923601512609935e+02
2.862418964147298652e+02
2.863154992788823847e+02
2.863267348046700249e+02
2.863849341866613827e+02
2.865278087826374644e+02
2.864591911580398005e+02
2.863155229460912210e+02
2.865162784462244758e+02
2.865094251642856875e+02
2.864473818694657439e+02
2.864817192082027191e+02
2.865561081205134428e+02
2.861953423480458127e+02
2.861619565554137239e+02
2.863860991822169808e+02
2.864226509894207879e+02
2.862508585306354121e+02
2.862593203418447843e+02
2.863742503902234944e+02
2.862788383709731193e+02
2.864479905684520418e+02
2.865051763089765586e+02
2.864212607113179843e+02
2.863857031546554026e+02
2.863398184226662693e+02
2.864513065258048528e+02
2.864812068133012986e+02
2.867548495428500246e+02
2.865418793955220167e+02
2.865699019731275143e+02
2.866083421670280131e+02
2.866171867462035721e+02
2.864454335128253319e+02
2.864912014102782791e+02
2.865810935698418689e+02
2.864466649031042493e+02
2.865999437205288700e+02
2.866299822774927293e+02
2.862863637332007443e+02
2.864870430812929953e+02
2.867610090705511539e+02
2.866920546418533604e+02
2.865148987080087295e+02
2.864988989596819238e+02
2.865232504704679855e+02
2.866387024730495341e+02
2.866522853897095047e+02
2.865574125572690036e+02
2.865780552339583096e+02
2.864068797828134052e+02
2.862987618040434654e+02
2.862370483662584775e+02
2.864320992233442098e+02
2.864566079515410024e+02
2.863173382896513317e+02
2.863480320869768434e+02
2.863858399722284389e+02
2.864528539242821807e+02
2.864010762491344622e+02
2.864361593770567538e+02
2.865016528925618218e+02
2.864699776337396315e+02
2.862995555192544543e+02
2.864690630136346954e+02
2.863981154311464365e+02
2.863423495331966819e+02
2.862813778093462815e+02
2.863228591088044936e+02
2.863584612657163575e+02
2.864426668253395860e+02
2.862856294286199841e+02
2.862156115246459649e+02
2.862030513976921497e+02
2.861173814825778550e+02
2.862202549175005970e+02
2.864102983715869755e+02
2.861663990934150092e+02
2.862151189583674409e+02
2.863141744065331409e+02
2.863569191182344866e+02
2.863928250387166372e+02
2.862810539759819335e+02
2.862912054057694036e+02
2.862873463562689835e+02
2.861789429377012084e+02
2.864575568053991788e+02
2.865062992569951916e+02
2.862961680479994584e+02
2.863423433261827427e+02
2.864072159894221272e+02
2.864730227623118139e+02
2.865294482672272807e+02
2.864605048640500513e+02
2.864838503942527836e+02
2.864046778005014176e+02
2.864326973033208219e+02
2.865527353345158303e+02
2.865108684053292905e+02
2.865827763342253434e+02
2.867174398580687011e+02
2.866191028756230139e+02
2.862934017413920742e+02
2.863724947783862262e+02
2.864969570320295702e+02
2.866309924792576567e+02
2.868062859930950594e+02
2.867980062333138562e+02
2.867884320664531401e+02
2.867465385984538102e+02
2.868274515143675671e+02
2.869654830829141474e+02
2.869052894789932111e+02
2.869621794857362715e+02
2.868505967569855670e+02
2.868725583311306195e+02
2.870056812363430936e+02
2.871681881307954995e+02
2.870915544387914338e+02
2.870151189900495865e+02
2.872277840718326729e+02
2.872460700520953765e+02
2.870688209522854777e+02
2.871574223365229841e+02
2.872817585344016607e+02
