2.856442068746552536e+02
2.856376074056518632e+02
2.855885171173921435e+02
2.856994133924134758e+02
2.855783863479250613e+02
2.855932121368322214e+02
2.856115466203268056e+02
2.857435431706747977e+02
2.855654285800043795e+02
2.855505644167050150e+02
2.857029229064907554e+02
2.857258477877055043e+02
2.857100579219913357e+02
2.857395178282337724e+02
2.856658120497921232e+02
2.856016176608928276e+02
2.856122183808188311e+02
2.856932243081565730e+02
2.855692219552224174e+02
2.856451578491784744e+02
2.856043027811822981e+02
2.854996110049152662e+02
2.854713371414001699e+02
2.855800769352594557e+02
2.857557324589009227e+02
2.856745967847552379e+02
2.854734919007710801e+02
2.855032878753855243e+02
2.855133947837326218e+02
2.855758446032437519e+02
2.856043338613612264e+02
2.856011693544790546e+02
2.858150524581851641e+02
2.856282708317712036e+02
2.853702923680728532e+02
2.852911267744452175e+02
2.854765363324930263e+02
2.855247870729004944e+02
2.855388586391275680e+02
2.856096112023284377e+02
2.856736954076784514e+02
2.854035085479272311e+02
2.855324813368308128e+02
2.855948102320942326e+02
2.854741031858154088e+02
2.855043316148189660e+02
2.855206611650712034e+02
2.856831169807312563e+02
2.855674671561576474e+02
2.854398920211005475e+02
2.855376089219623736e+02
2.855526301647935838e+02
2.855877600197043193e+02
2.853824693913300621e+02
2.856016166262391494e+02
2.855544026957774690e+02
2.855132386259681994e+02
2.855703472023624840e+02
2.854110534059087172e+02
2.854796046156474745e+02
2.857749260516765162e+02
2.858007969099942898e+02
2.855447918078661473e+02
2.854386105070753956e+02
2.855554932940224262e+02
2.855209025459477061e+02
2.854136592796369314e+02
2.855865184760087345e+02
2.856094550118985467e+02
2.855889165034454322e+02
2.857272529264252512e+02
2.857446731995964342e+02
2.855880197988859095e+02
2.855476770989004649e+02
2.857103354886242528e+02
2.857955329561839903e+02
2.856402825678385966e+02
2.856532634799550010e+02
2.856278280497047604e+02
2.855184773919847885e+02
2.856571921227046573e+02
2.857719763116351146e+02
2.856876709657380502e+02
2.855296213752905032e+02
2.856050723702712730e+02
2.856849933754816107e+02
2.857337759264476631e+02
2.857522202053129377e+02
2.856607034609682501e+02
2.856210330437656353e+02
2.855233534945697329e+02
2.856182115303751630e+02
2.856357133300265900e+02
2.857097934903191003e+02
2.857166909412612199e+02
2.856631902782999646e+02
2.857125013468224779e+02
2.857824274913650697e+02
2.859445896127604669e+02
2.855402298430292944e+02
2.856772305037447381e+02
2.857471180101361483e+02
2.855984670875548659e+02
2.857100719820520567e+02
2.856501156682252258e+02
2.857504765186787949e+02
2.857165781808409974e+02
2.857500566331700043e+02
2.856643040843018184e+02
2.856951452125772448e+02
2.858117860352294315e+02
2.858798398509577510e+02
2.859173377926084072e+02
2.857092528358683126e+02
2.856933424460751212e+02
2.856204129921730441e+02
2.855917636386044478e+02
2.857212142302482789e+02
2.858251414618812305e+02
2.857801304275321854e+02
2.858850871310773414e+02
2.859439583775287019e+02
2.856718115758181398e+02
2.857525773687102628e+02
2.857349352964903346e+02
2.858946083396580775e+02
2.857009638007954777e+02
2.857079179737967820e+02
2.858462582361966042e+02
2.858688319599474994e+02
2.859185608767125473e+02
2.858815223916128616e+02
2.858722127905071488e+02
2.856562169469845003e+02
2.857310122324636268e+02
2.858768274773622693e+02
2.861287828654872669e+02
2.861081373532236398e+02
2.859963583679225394e+02
2.860008932235309089e+02
2.860430063845597601e+02
2.860397004292207725e+02
2.859326832204795323e+02
2.858284897171992611e+02
2.859911738443233276e+02
2.862076731652527428e+02
2.861618436689111036e+02
2.863664472415852629e+02
2.862868735764166104e+02
2.861652652116127342e+02
2.862202066579705502e+02
2.861300124209237765e+02
2.863873290544112820e+02
2.861876814544823446e+02
2.862317626638024990e+02
2.861974841126062188e+02
2.862123825523972869e+02
2.861992820601096810e+02
2.862218647941129461e+02
2.863243440851220498e+02
2.863919934756336261e+02
2.863847919034830625e+02
2.863763017164250755e+02
2.863826040482476287e+02
2.863387389411104209e+02
