2.867781495048428155e+02
2.868595931886738413e+02
2.869961245065739490e+02
2.869651114855267338e+02
2.866279483975077369e+02
2.867419336058435420e+02
2.867876844596653427e+02
2.867251281008253727e+02
2.867209036777900337e+02
2.868748523367179359e+02
2.870358759998848086e+02
2.867683432696857722e+02
2.865166943545720528e+02
2.866465302909443835e+02
2.868278258593631449e+02
2.867384378694412135e+02
2.867527754253524108e+02
2.869189354253059605e+02
2.867703100371392111e+02
2.867121958109874527e+02
2.869278574122121768e+02
2.871406700530881722e+02
2.869365066867488281e+02
2.867108276338015003e+02
2.868072425131438195e+02
2.869642355372948259e+02
2.867049548113417927e+02
2.866343019104579071e+02
2.869655050563386567e+02
2.868700878407972255e+02
2.867955254213420062e+02
2.867148286492819693e+02
2.866980652867785579e+02
2.866777936262245703e+02
2.864181771937499548e+02
2.865685270285980550e+02
2.865714518811240055e+02
2.865521591830486159e+02
2.868594470389005551e+02
2.868476929210349340e+02
2.868474303565205332e+02
2.868817772799689578e+02
2.868834397794785787e+02
2.866434305389897759e+02
2.865098990612532930e+02
2.866728403373170408e+02
2.868928878031829868e+02
2.867267874616988479e+02
2.867327542294118530e+02
2.869564568072040061e+02
2.868800442656130940e+02
2.867283227648505317e+02
2.868857304575035982e+02
2.867795940544074256e+02
2.866442992375170320e+02
2.865115531465141316e+02
2.867077148528812245e+02
2.868545456293321081e+02
2.868485353158067710e+02
2.867278764956669761e+02
2.867466331857667683e+02
2.869756552377831440e+02
2.868418094112744257e+02
2.864065132398214928e+02
2.865345774558538210e+02
2.867439697335442474e+02
2.868723246607419810e+02
2.871235323379147530e+02
2.867911885258629354e+02
2.866772448621186982e+02
2.867300033977780345e+02
2.870123851644580100e+02
2.870396971563487227e+02
2.867186731753031381e+02
2.866267208298638138e+02
2.866791281421801614e+02
2.869098768223472575e+02
2.871050860824062170e+02
2.870624236683381696e+02
2.869322744075744254e+02
2.868618383012307618e+02
2.869666815863629949e+02
2.870447139684381455e+02
2.870014496353172717e+02
2.867702514036672596e+02
2.868678337279164339e+02
2.867517191233737321e+02
2.867885232350398041e+02
2.870058834655430928e+02
2.871486222990306487e+02
2.869225457013989740e+02
2.867177940229732940e+02
2.868426970258323649e+02
2.871144855089624457e+02
2.868593952573303909e+02
2.867573945965974076e+02
2.868573445847572998e+02
2.870210936340384364e+02
2.872553377670676014e+02
2.869573551784737333e+02
2.868859454522610690e+02
2.869368260510980804e+02
2.872616056781769203e+02
2.869965744681892943e+02
2.869374760479963129e+02
2.870751347736313051e+02
2.872186601423288153e+02
2.869794583260984382e+02
2.867419038043329351e+02
2.870831509736212297e+02
2.871674060179425965e+02
2.869689079402238008e+02
2.867002900400225940e+02
2.868181292955009098e+02
2.870236330779495120e+02
2.867749002362072588e+02
2.868434746657325718e+02
2.869434196975994951e+02
2.868040423927388929e+02
2.869778057037340204e+02
2.872210530883263004e+02
2.869130049251019727e+02
2.867012338011545012e+02
2.867007055080150053e+02
2.870146491830134323e+02
2.870221636043768854e+02
2.867408608368400564e+02
2.869978457574298432e+02
2.871723916059629573e+02
2.868970255124262962e+02
2.868714751576173398e+02
2.871408938535808488e+02
2.872457558733585756e+02
2.871038328318290382e+02
2.867914081682845904e+02
2.868730561931345733e+02
2.872077820308137461e+02
2.870771667336987321e+02
2.869467391225228994e+02
2.870314904506928428e+02
2.872576947909153091e+02
2.873743043949775711e+02
2.869170624060506611e+02
2.869141722273766959e+02
2.870120481619640032e+02
2.871988733351182077e+02
2.871026133056236063e+02
2.874714920196277603e+02
2.874202268637921520e+02
2.871104045229004100e+02
2.872255445784784911e+02
2.876094136129910339e+02
2.876635047896666038e+02
2.874853887960131260e+02
2.873353976992278263e+02
2.874438648094072732e+02
2.876957808724179131e+02
2.877412245047661941e+02
2.874305182710909321e+02
2.874872096879685728e+02
2.876315812378153396e+02
2.877445997911661948e+02
2.877267469288693178e+02
2.876029708265614317e+02
2.876472241702179531e+02
