2.873200936554403597e+02
2.873476272905875817e+02
2.873199913801516345e+02
2.872906880907970049e+02
2.872238403212955973e+02
2.872924649815156499e+02
2.874557440386771532e+02
2.875284442578159769e+02
2.871060712949068261e+02
2.871332085594481782e+02
2.873442581068087520e+02
2.872852589732071351e+02
2.872397998456719392e+02
2.873901186364249156e+02
2.873640617339912637e+02
2.875544070201983118e+02
2.875792798277890938e+02
2.872953061770630825e+02
2.873801924282768141e+02
2.876615439876375717e+02
2.874341262244058157e+02
2.872376687531092898e+02
2.872275191166903028e+02
2.872664348332743884e+02
2.872913831615565527e+02
2.873283637899033351e+02
2.873717041732512030e+02
2.873865683262677635e+02
2.873176202199727527e+02
2.872711161128418667e+02
2.873123607366017040e+02
2.872731933420874952e+02
2.871579106307231086e+02
2.872431743675745679e+02
2.871743778593930756e+02
2.871707102546544661e+02
2.871582314143071812e+02
2.871153731592299323e+02
2.872316643479710478e+02
2.873625210460854191e+02
2.873065547182437172e+02
2.873390481554185385e+02
2.874303388527173979e+02
2.873596712095688872e+02
2.872527132867652426e+02
2.871583775076499023e+02
2.871935949029359563e+02
2.873736432099344711e+02
2.873457306824131479e+02
2.873327171052883386e+02
2.874168979770290093e+02
2.873481847405433314e+02
2.868460769642863966e+02
2.868472469261140532e+02
2.871036156663955694e+02
2.873798723115479561e+02
2.871493582912762577e+02
2.871451543289193182e+02
2.872884350308868875e+02
2.874236166449326788e+02
2.872520554963670634e+02
2.872033870853946951e+02
2.872337859556080844e+02
2.872246704013188605e+02
2.871611937009310509e+02
2.872682184844543372e+02
2.873480749711573594e+02
2.873661879689687453e+02
2.872944903866305708e+02
2.874425732873825723e+02
2.873613091333405123e+02
2.873487031533496179e+02
2.873887346628968089e+02
2.874547222859075077e+02
2.873745995283305206e+02
2.874445621827233026e+02
2.873582844536903735e+02
2.872648513973875311e+02
2.874579837821669912e+02
2.876460300077686725e+02
2.874772815213937065e+02
2.872751726803016368e+02
2.873119207444833023e+02
2.874512077706401101e+02
2.874546538276783281e+02
2.874982581642682931e+02
2.874537659269203118e+02
2.875038801738053280e+02
2.875222206601922039e+02
2.874439386168102715e+02
2.875164841101573643e+02
2.874624536149468668e+02
2.874260459873575542e+02
2.873771487985307544e+02
2.874805869357674624e+02
2.875748919400423915e+02
2.875145758252782571e+02
2.879058621821034762e+02
2.878642601780672408e+02
2.874296104399241472e+02
2.874079752498174685e+02
2.876022103659350933e+02
2.876438279769260475e+02
2.877142745192705320e+02
2.876960157349289489e+02
2.874964168539057141e+02
2.874965176929939048e+02
2.874509922777207862e+02
2.874779379785930473e+02
2.875667913400906173e+02
2.875102806724837023e+02
2.873369893050359565e+02
2.874596105365196195e+02
2.874353423960388909e+02
2.874027192620289952e+02
2.873716151787069180e+02
2.876168570597123448e+02
2.873994353622104541e+02
2.872979629097151815e+02
2.873378406191645809e+02
2.874355225945896564e+02
2.876389667803411498e+02
2.877511773931521475e+02
2.876878553641581107e+02
2.873833063521563531e+02
2.873027187818651669e+02
2.873326197595234248e+02
2.874855911723922759e+02
2.875916553993753269e+02
2.876293234350250714e+02
2.876325852084879102e+02
2.876943870830750143e+02
2.877902394974589129e+02
2.874289833544540897e+02
2.876208692871609856e+02
2.879239027492827177e+02
2.879846214043666919e+02
2.877042761944562130e+02
2.878091131268723188e+02
2.880284000983215265e+02
2.879384105327842462e+02
2.877845525526104780e+02
2.876632806244239191e+02
2.878451081741828261e+02
2.879836073469700182e+02
2.880463712226185748e+02
2.880323402495976097e+02
2.880162794739428023e+02
2.880098727576773285e+02
2.880382883002665153e+02
2.878793624398671795e+02
2.878926357382683250e+02
2.879774600481790685e+02
2.880302364259657111e+02
2.882399548938079192e+02
2.884365411791071097e+02
2.881443073341957302e+02
2.881972653449179234e+02
2.884147403795382161e+02
2.883914940062510937e+02
2.883175584585073352e+02
2.882867543531967272e+02
2.883772801658706726e+02
2.885418093688188037e+02
2.883501979427688298e+02
