2.856015088099109107e+02
2.856264662711992059e+02
2.856087685370102349e+02
2.856557904718358714e+02
2.855692047255955117e+02
2.855755295259322679e+02
2.855976969892894317e+02
2.855444554101609924e+02
2.857081898848185233e+02
2.856815236459568723e+02
2.856735843274532840e+02
2.856485384032205275e+02
2.856267763276876508e+02
2.855450573850542924e+02
2.855379717934594055e+02
2.856088493126720778e+02
2.855740610271963646e+02
2.856081223883883240e+02
2.856570566726186939e+02
2.856189228649603251e+02
2.857035186393421213e+02
2.856485550015025296e+02
2.856551207940732411e+02
2.856494429273570290e+02
2.855880293199374478e+02
2.855837232113278219e+02
2.856566263516194226e+02
2.856280580024784967e+02
2.856133084398526876e+02
2.855194613999258308e+02
2.856177350136674136e+02
2.855680995849244823e+02
2.854820966353971130e+02
2.855768731782802661e+02
2.854618699738829832e+02
2.853975868837936218e+02
2.855876923376494574e+02
2.856374244619186697e+02
2.855329031314053623e+02
2.855543390512936526e+02
2.854975541230280101e+02
2.852744453028118983e+02
2.854442712218466909e+02
2.855373701812342802e+02
2.855146868358694974e+02
2.855347268627796780e+02
2.855420400907150338e+02
2.855461301773707419e+02
2.856134312997438087e+02
2.856804801107477374e+02
2.856810517634636994e+02
2.856824942632814555e+02
2.855456323337284061e+02
2.855725827470550371e+02
2.854955056380343308e+02
2.855266131544544237e+02
2.856674010250267770e+02
2.857508176343876585e+02
2.856167214934105800e+02
2.855876275805151749e+02
2.855726630318478669e+02
2.855516834766046941e+02
2.853773401973164709e+02
2.854403597229483580e+02
2.854879511578185998e+02
2.855031385067849783e+02
2.854921815644735830e+02
2.855014761331031536e+02
2.857646427960301025e+02
2.856804781539868827e+02
2.855207198965340467e+02
2.854344929026948421e+02
2.854525499018494656e+02
2.855208319763994496e+02
2.854987594069075953e+02
2.855195059447232211e+02
2.855462788000527325e+02
2.855384448184804000e+02
2.855388390201152333e+02
2.855861237109803596e+02
2.854594883306028237e+02
2.854555216200683958e+02
2.856252697245298009e+02
2.857946668162339279e+02
2.857571993245175577e+02
2.855919818583466281e+02
2.856539188219395555e+02
2.857724028750743059e+02
2.856893165334420246e+02
2.856229536880727551e+02
2.856783774878650775e+02
2.858064562481023358e+02
2.856309703962381832e+02
2.855280557930850023e+02
2.856040397120789294e+02
2.856612976545099514e+02
2.855982532976080961e+02
2.857177709046746372e+02
2.856956907077476444e+02
2.856073330351822506e+02
2.857111075274067957e+02
2.857347260734809993e+02
2.856242641495248904e+02
2.857732156752586548e+02
2.857302421248915039e+02
2.856314190532745556e+02
2.856111011892029410e+02
2.857862464914024940e+02
2.857225895810159955e+02
2.857336149072521607e+02
2.859582623666056520e+02
2.857584044713216826e+02
2.856381129262960599e+02
2.855424659086662018e+02
2.854740790904011192e+02
2.855304832046630281e+02
2.856827578837653050e+02
2.858215023690410703e+02
2.858353488872941170e+02
2.858107549793197677e+02
2.857607217330583467e+02
2.858118935462279069e+02
2.859380958844573684e+02
2.857648866646650845e+02
2.857352844625974626e+02
2.857218104134211103e+02
2.856802504621527419e+02
2.856757228525891037e+02
2.858994580365227876e+02
2.858536234907429048e+02
2.859469547141342218e+02
2.860210873996939540e+02
2.859533129971970880e+02
2.859538476889315461e+02
2.858020512071024086e+02
2.859684114067848668e+02
2.858361412750616637e+02
2.857535823315427592e+02
2.859602608409168170e+02
2.860429975279323571e+02
2.859685470573188013e+02
2.860351951046897625e+02
2.857887719523805004e+02
2.859891837753614823e+02
2.859768164783138786e+02
2.859335150970903214e+02
2.860303770697941559e+02
2.861249453901791071e+02
2.860869718811339908e+02
2.860434967993883788e+02
2.861037984476860743e+02
2.861844407829171928e+02
2.861914091887231848e+02
2.862049887920517222e+02
2.862203976774915191e+02
2.862119737516447344e+02
2.863565649059802354e+02
2.864889247106598873e+02
2.862978803095511466e+02
2.862912500310617361e+02
2.864126117597120356e+02
2.865651635585301733e+02
2.866782693658405492e+02
2.866566461384545050e+02
2.864469557550539207e+02
