2.856448212592082996e+02
2.855635208277695938e+02
2.855680821228784225e+02
2.855620804948052296e+02
2.854390145363165061e+02
2.857010910258054537e+02
2.857210533086834516e+02
2.856646046536509402e+02
2.856200223501708138e+02
2.856640882362552816e+02
2.855889653552910659e+02
2.855708070299289147e+02
2.855462608837973448e+02
2.856512570749015936e+02
2.857441904334600054e+02
2.855837636186151940e+02
2.855653248821279817e+02
2.854907465467338739e+02
2.854768774213042093e+02
2.855009546786725991e+02
2.854896266006464316e+02
2.855549002440005211e+02
2.855554748973583514e+02
2.855920544985934839e+02
2.857684912091681895e+02
2.856642121231748774e+02
2.856058117649404835e+02
2.855814411443466838e+02
2.855324017118523443e+02
2.856320890654508844e+02
2.856728697269223858e+02
2.857442310022316292e+02
2.856498304890615145e+02
2.855821765494648616e+02
2.853923062943085824e+02
2.854744226519086965e+02
2.854751130524102223e+02
2.854531119048273808e+02
2.856379631927957803e+02
2.856518486244007136e+02
2.855854850075747891e+02
2.855663968849514163e+02
2.856058081792219241e+02
2.855768689349457077e+02
2.855231170417454223e+02
2.855384542293347181e+02
2.855435409063987322e+02
2.855532619588299781e+02
2.855541973739283890e+02
2.854794123802305990e+02
2.856192357289408505e+02
2.857422230486641865e+02
2.855970703330055471e+02
2.854907312016183027e+02
2.855906365274085488e+02
2.855037827590153938e+02
2.855611057027148831e+02
2.854781247780931039e+02
2.855499913079083285e+02
2.855779099705155772e+02
2.855346367997088350e+02
2.856380725382798005e+02
2.855344325304155859e+02
2.854589666888894612e+02
2.855098942055273596e+02
2.855933755870910886e+02
2.856136000756308135e+02
2.857013033265655508e+02
2.856329341195429379e+02
2.856680755723836000e+02
2.857788443455784773e+02
2.856675570021398585e+02
2.856155772193720281e+02
2.855536009330007232e+02
2.855426012399563547e+02
2.856446801460610345e+02
2.856512829330883960e+02
2.857055151284237695e+02
2.856901335821923453e+02
2.856224954609579072e+02
2.855993873645082886e+02
2.855372011592955346e+02
2.856357348933843809e+02
2.856796968529382070e+02
2.856644496843446177e+02
2.855062885539526292e+02
2.855500236858830476e+02
2.856213631519057685e+02
2.858474940851061206e+02
2.857908625978604391e+02
2.858719397892488701e+02
2.858160279414396427e+02
2.857534053162301575e+02
2.857178382946512443e+02
2.857162250593133876e+02
2.857443603849126816e+02
2.857728263957956187e+02
2.859436113768857126e+02
2.858746562942604328e+02
2.858408711759238372e+02
2.856789569011489789e+02
2.856437862288797191e+02
2.857144502873428564e+02
2.857666572549343869e+02
2.855876235479875049e+02
2.855925801991490403e+02
2.856478614861425172e+02
2.857425790486235542e+02
2.858126352060448880e+02
2.858272305966520435e+02
2.856690022210187863e+02
2.856312632027587597e+02
2.858238513821106608e+02
2.856458151736287618e+02
2.855162909686693524e+02
2.856157113414625996e+02
2.855834364132810492e+02
2.854622262089506535e+02
2.855174268956133687e+02
2.856289685248784735e+02
2.855377755234545134e+02
2.857819046521244672e+02
2.857130635675944745e+02
2.855998110591836507e+02
2.856765520998718557e+02
2.857353856261085525e+02
2.856508757593349515e+02
2.855707666943043819e+02
2.857045206291768977e+02
2.858126208681279081e+02
2.857309590017574124e+02
2.857340567131445823e+02
2.858274991821877506e+02
2.858417739104070279e+02
2.858512297238751785e+02
2.858618629308459731e+02
2.859423582637319896e+02
2.859620001665623477e+02
2.858962727291181523e+02
2.860316994803692410e+02
2.860773000366195902e+02
2.859596146227309532e+02
2.859209904140380445e+02
2.859584796759497749e+02
2.860806310650007163e+02
2.860465932488297653e+02
2.860890942851514751e+02
2.862406682739678558e+02
2.860155592197534133e+02
2.860208027728866114e+02
2.862162244379637173e+02
2.862308875420028471e+02
2.863420219415971815e+02
2.865517331598935584e+02
2.863917798175368148e+02
2.864476002884398440e+02
2.864820060312941337e+02
2.864322895963505857e+02
2.864201315193884625e+02
2.865488549046735329e+02
2.864075744040517861e+02
2.865113511516692029e+02
2.865386907879430964e+02
2.866092206331126704e+02
2.866261770256429031e+02
