2.867800217387961084e+02
2.867678273177216965e+02
2.869211447606915613e+02
2.867245563643702440e+02
2.867231969700920331e+02
2.865885037628709711e+02
2.867557107803028202e+02
2.868959517126220931e+02
2.867168863273780630e+02
2.866698735383229746e+02
2.868747532616269496e+02
2.868440477244116664e+02
2.866359270075939776e+02
2.867446455240586261e+02
2.867793491135817590e+02
2.867660123859121200e+02
2.867330176892650684e+02
2.866964706903443698e+02
2.868006785954573274e+02
2.868025936028379306e+02
2.868013681003550346e+02
2.868418146058859861e+02
2.867326931025305043e+02
2.868478904849484366e+02
2.867240703691597332e+02
2.868431855358689404e+02
2.868927478374285442e+02
2.868524367271921278e+02
2.868680676745519236e+02
2.869236218421871172e+02
2.868591517420196055e+02
2.868087745671758171e+02
2.868764637596963780e+02
2.867221326098101031e+02
2.866995915954625502e+02
2.868204668736921690e+02
2.867469019312441105e+02
2.868488426788367178e+02
2.867970294458451121e+02
2.869234038623591800e+02
2.867925052109882813e+02
2.868828228616830529e+02
2.867102376369959416e+02
2.870077876602823608e+02
2.871015240175326539e+02
2.868838412578272141e+02
2.869464036338499113e+02
2.869850858935280371e+02
2.870843023072615665e+02
2.868633275020958422e+02
2.870423934101231680e+02
2.869930272676614891e+02
2.868287242157908850e+02
2.867471284060382004e+02
2.866850801970007865e+02
2.867319532322051714e+02
2.868499013482141891e+02
2.869399715220374105e+02
2.866872116074038672e+02
2.868910435675665553e+02
2.869139961635501663e+02
2.869380391607366505e+02
2.867453840715822935e+02
2.868358902018402432e+02
2.868086403247136786e+02
2.868764420646540430e+02
2.868523213337247739e+02
2.868344432392659655e+02
2.869213322593654993e+02
2.868573658259838339e+02
2.868013101749309044e+02
2.869558015159521460e+02
2.869840976733143521e+02
2.869440202007882021e+02
2.869995151896551988e+02
2.868951955334085255e+02
2.868897510358093541e+02
2.868952102455497197e+02
2.870164265788232001e+02
2.867960322069428685e+02
2.865693975080112068e+02
2.868374053616408332e+02
2.867824140857029533e+02
2.867974643147160236e+02
2.867712916686945732e+02
2.866649480428457650e+02
2.868242799876208551e+02
2.866106356802691266e+02
2.866390436718793922e+02
2.867123905169619889e+02
2.866029514499999209e+02
2.867390385107683528e+02
2.868459983456926352e+02
2.867721765822618636e+02
2.867908028103046831e+02
2.866246068370171542e+02
2.867105454665353363e+02
2.866141892157096436e+02
2.867768591479214138e+02
2.866938523040790301e+02
2.866387742121621045e+02
2.866260293147375933e+02
2.866906862247271874e+02
2.865164263757812364e+02
2.866551899897413023e+02
2.866972361701173782e+02
2.865118642831246802e+02
2.866527030074373670e+02
2.867762282659917901e+02
2.866327841859742307e+02
2.865572647992377711e+02
2.867334724157995538e+02
2.865584682588223018e+02
2.866404660604040942e+02
2.866619294408224619e+02
2.865391332894704419e+02
2.865332828526678099e+02
2.866183626935122675e+02
2.865640191772029652e+02
2.867329980722653886e+02
2.865661219406454734e+02
2.866248701325397974e+02
2.866708367131181490e+02
2.868331520131463890e+02
2.867995539220955834e+02
2.865817681235142800e+02
2.868193952367884663e+02
2.869313984028519258e+02
2.868248941300042247e+02
2.869890723346647974e+02
2.869271753368523719e+02
2.868166887490129398e+02
2.868931327682374217e+02
2.868837861086861380e+02
2.868093006558124785e+02
2.869440946273874147e+02
2.870855283789844066e+02
2.870006182102678736e+02
2.870371079772789358e+02
2.869938155124971217e+02
2.870494751773110238e+02
2.871487429828121662e+02
2.870036813192247109e+02
2.868589917941349086e+02
2.872286492794477795e+02
2.870671703353515340e+02
2.871708717526581154e+02
2.872501965776481825e+02
2.870520491814235697e+02
2.872653317976777885e+02
2.871999743914064425e+02
2.872344688410068443e+02
2.872061515725953882e+02
2.873368351401171026e+02
2.872192727373518437e+02
2.873913464052430413e+02
2.873446957395152026e+02
2.876287453960702578e+02
2.874890514493975502e+02
2.873522469713286682e+02
2.875496872954915943e+02
2.876443061119279037e+02
2.875240531270677593e+02
2.876503868769698897e+02
2.875982618302972469e+02
