2.867865488489064205e+02
2.867114173381390287e+02
2.866397122886399416e+02
2.868086958546492156e+02
2.866140145888332427e+02
2.864671720963675625e+02
2.866711076608790449e+02
2.867961053150495445e+02
2.866598399925483704e+02
2.866510075776321855e+02
2.867554496812393836e+02
2.866735769944068579e+02
2.865867770443130667e+02
2.865939645858051676e+02
2.865833407384155294e+02
2.865699038968198806e+02
2.865585788935942446e+02
2.865838424400925533e+02
2.867079909187651765e+02
2.868648340262416809e+02
2.867556570881873199e+02
2.866933163608488826e+02
2.867443462027605960e+02
2.867067458389888657e+02
2.867906880608356346e+02
2.867289268318441486e+02
2.867317443322185113e+02
2.866364391336568929e+02
2.868216249906009239e+02
2.869073102085101254e+02
2.868034148704538779e+02
2.866682414288767973e+02
2.867142930735344635e+02
2.867888234353445114e+02
2.863558583904099351e+02
2.863329785901215701e+02
2.863956511411093970e+02
2.865194684398905451e+02
2.866458745935938168e+02
2.864646600206787070e+02
2.865101993912284684e+02
2.866749018176928416e+02
2.867127577501508426e+02
2.866159503855432149e+02
2.864369722687299600e+02
2.865728576487674673e+02
2.865749906179816549e+02
2.865635493027693883e+02
2.867240829763500756e+02
2.867319815987616494e+02
2.864717869401289931e+02
2.866127622997434514e+02
2.868826128588981419e+02
2.867725538179275304e+02
2.866827831628208401e+02
2.866818018116013604e+02
2.867943810286787425e+02
2.867396823660978384e+02
2.866727252208770551e+02
2.866600011749563350e+02
2.866545594153540719e+02
2.865398792725509338e+02
2.864918161874426801e+02
2.865925389993149111e+02
2.866277900794165134e+02
2.866891469751512318e+02
2.867788867272001880e+02
2.867631958453561651e+02
2.866696796715988285e+02
2.864955498286816464e+02
2.867336791998203012e+02
2.868928030213239708e+02
2.867137664582202774e+02
2.866082582621263555e+02
2.866689622441081156e+02
2.867976076365118274e+02
2.867960405253325007e+02
2.868328461195167733e+02
2.867907188024846619e+02
2.869551504752835172e+02
2.870158610772721204e+02
2.868457083229685054e+02
2.869046872291700652e+02
2.869137858877076042e+02
2.866885893673249370e+02
2.866773725964458208e+02
2.867465599923410196e+02
2.868265124295516557e+02
2.870736426483512673e+02
2.869751037837147578e+02
2.866097999468020134e+02
2.867875068822775120e+02
2.867666729133517833e+02
2.868356040613688265e+02
2.868868718812760790e+02
2.868707229390734028e+02
2.867351543193074690e+02
2.868785778235059070e+02
2.869845882181068077e+02
2.869272070679409126e+02
2.868346053465879208e+02
2.869273243732400829e+02
2.868656673258408318e+02
2.869218532179361318e+02
2.870270596082110615e+02
2.869871368689129554e+02
2.869471591504824914e+02
2.867892541644250173e+02
2.869159186309177016e+02
2.870051073278108902e+02
2.869846771720708034e+02
2.871302851854433129e+02
2.872280123826752174e+02
2.867599209386224288e+02
2.867748511431609018e+02
2.867861500155657382e+02
2.869066610763141512e+02
2.869263695660402504e+02
2.871335312801967348e+02
2.870641967303518527e+02
2.869949738027145258e+02
2.870534722273966395e+02
2.869395091156184776e+02
2.868714797048850755e+02
2.870626738919108334e+02
2.871738731208603781e+02
2.871620846244371137e+02
2.869419319581725745e+02
2.870328423800956443e+02
2.872323068849322567e+02
2.873754633124306110e+02
2.871801032707953141e+02
2.870148212441480950e+02
2.869826417535231258e+02
2.871647184376493556e+02
2.871225024807320096e+02
2.871026601304535575e+02
2.873207792884650758e+02
2.873619490799163145e+02
2.872060588581178422e+02
2.872245926834105489e+02
2.873525661138157261e+02
2.873049534366486455e+02
2.874065891485316229e+02
2.873884371262859077e+02
2.871781827775828333e+02
2.873402188918656179e+02
2.873951075330428466e+02
2.875568831416397302e+02
2.876391105650503732e+02
2.877631519477939719e+02
2.876248390507221302e+02
2.873454821807155781e+02
2.875637449042131948e+02
2.877701093658378682e+02
2.877546432044448466e+02
2.875526717258950953e+02
2.873636948303062013e+02
2.875132982443611240e+02
2.876864704889035806e+02
2.878235813099181541e+02
2.877806009773845517e+02
2.874792092361111031e+02
2.876707046902250227e+02
2.877549342517611421e+02
