2.870787665474517780e+02
2.871328037645261588e+02
2.870885564601075544e+02
2.870312423775822595e+02
2.869240570133558208e+02
2.870807579501625355e+02
2.871202767683700472e+02
2.871429888932399308e+02
2.870351213793063607e+02
2.870155647693888454e+02
2.870008072785514628e+02
2.868234064162283516e+02
2.867426202431150273e+02
2.867357067414821472e+02
2.868403712696535877e+02
2.869360401702265904e+02
2.870623955432018874e+02
2.868482014141788454e+02
2.868979727128879063e+02
2.871106561980769811e+02
2.871629889277349434e+02
2.871696617781969394e+02
2.871137151532516896e+02
2.872598507671224866e+02
2.872836596920780607e+02
2.870243524545840046e+02
2.871380919611427771e+02
2.871356753395888290e+02
2.870088350898930116e+02
2.870845059183897092e+02
2.871395848081859867e+02
2.870822752702307525e+02
2.871047214862387023e+02
2.872031130902417999e+02
2.868103282409051644e+02
2.867624428540650570e+02
2.868931111246634487e+02
2.868993971028772307e+02
2.870382157216328665e+02
2.871540792735333980e+02
2.870831898337602865e+02
2.868935291546588928e+02
2.871602413044448667e+02
2.871927303380740568e+02
2.871507416347301955e+02
2.869921845866610397e+02
2.869393709240909516e+02
2.870886838813290751e+02
2.872506086534135648e+02
2.872310182738686422e+02
2.872820618482668920e+02
2.872444433672895343e+02
2.872023510917267117e+02
2.869907182243419470e+02
2.871506227351338225e+02
2.872515544175536775e+02
2.872541221444340636e+02
2.871517911462045163e+02
2.870569436372236964e+02
2.871730718379572522e+02
2.872695895973315601e+02
2.872360721284451301e+02
2.869472112581032093e+02
2.870691301637222637e+02
2.871734568288964624e+02
2.873289817670328716e+02
2.872280498672257067e+02
2.870926463459960587e+02
2.873172617546900369e+02
2.872871136649105210e+02
2.872792557511702967e+02
2.873145611615304347e+02
2.874061150379866945e+02
2.872925401512851522e+02
2.872584604163448034e+02
2.872570185875463835e+02
2.871171335171730448e+02
2.871706941512542244e+02
2.873075493305795476e+02
2.872593019483122703e+02
2.873268161105384024e+02
2.872675412015229313e+02
2.871549736963889359e+02
2.872995727827592987e+02
2.871845249847595483e+02
2.871222015933497573e+02
2.871585328036365468e+02
2.871728589926406698e+02
2.870624650339336199e+02
2.870721129589196607e+02
2.871909199323511643e+02
2.871979487497572450e+02
2.873006393192535484e+02
2.872260094248258611e+02
2.872735764903738982e+02
2.871140314166249823e+02
2.871981226686636433e+02
2.872935688339452440e+02
2.872998723355813695e+02
2.873141993457895751e+02
2.873766670032793513e+02
2.873903648477236743e+02
2.873388205153294734e+02
2.872438603464821654e+02
2.872189303874060329e+02
2.870745606634440605e+02
2.871383442883114299e+02
2.871987138038650755e+02
2.873821186041882925e+02
2.874253055560032521e+02
2.874876377726821488e+02
2.873284686153209009e+02
2.873755422115547162e+02
2.873262132980624983e+02
2.873304055935174688e+02
2.873028619249504914e+02
2.872971489138321317e+02
2.872260385098752522e+02
2.871850714116904442e+02
2.872369984870635449e+02
2.872836933609531229e+02
2.872724585404509412e+02
2.872599457151131332e+02
2.873485881565032400e+02
2.874916944457600607e+02
2.874610413949450844e+02
2.873517917292634252e+02
2.873358340471995689e+02
2.874775503781019097e+02
2.873911501141934650e+02
2.875113099459045998e+02
2.875987023077540243e+02
2.875702448152518400e+02
2.875725279242729471e+02
2.875308345928684730e+02
2.876071539388272527e+02
2.877134542563093760e+02
2.877458674169872097e+02
2.878615150181105378e+02
2.878740297029556814e+02
2.878222085923860618e+02
2.875392825920064297e+02
2.874739615954052283e+02
2.874502919189104659e+02
2.876704416332985943e+02
2.876761890004630118e+02
2.877884430595053686e+02
2.877405372301867033e+02
2.877599022213254898e+02
2.877833260721283182e+02
2.877084723181193340e+02
2.876760903878175668e+02
2.877812436950576398e+02
2.879006532069990385e+02
2.878787639271511125e+02
2.879611273570242247e+02
2.879538920645650819e+02
2.879313096849473936e+02
2.879634394866727121e+02
2.878505491916462802e+02
2.879438677519139560e+02
2.878247377586030211e+02
2.879912214705718156e+02
2.880963618315981307e+02
2.881068819466668174e+02
