2.867206774897999821e+02
2.867676389141858522e+02
2.869805935353535915e+02
2.871644537902525371e+02
2.870356388195734780e+02
2.869021490272601795e+02
2.867409262564879668e+02
2.869820849727485097e+02
2.871102087488483789e+02
2.867429645104537599e+02
2.865467189107194486e+02
2.867045380956553231e+02
2.867544650455866986e+02
2.869066635686659197e+02
2.869722606161554381e+02
2.867901799710821251e+02
2.866585066399210859e+02
2.866900167635796493e+02
2.869082425339930751e+02
2.869822678083885990e+02
2.867852875921612963e+02
2.867882349335562253e+02
2.871476104504777140e+02
2.872464319769015901e+02
2.869908468111714797e+02
2.866834324447759172e+02
2.868020135436069609e+02
2.869123455419708648e+02
2.871725935321425141e+02
2.868256906761981782e+02
2.867794282177219998e+02
2.868825709497872936e+02
2.869671203614419142e+02
2.869655322592221296e+02
2.865783166752957527e+02
2.867333330857254623e+02
2.868988504124069436e+02
2.868560088400677728e+02
2.868813439811552826e+02
2.868580225245601127e+02
2.869539663633934765e+02
2.870505661976681040e+02
2.865972488990947227e+02
2.865268873955777167e+02
2.867407038573584828e+02
2.869118172394950079e+02
2.869876356695453410e+02
2.869781717451903660e+02
2.871063731747724432e+02
2.870111128539009542e+02
2.866834660758162840e+02
2.867094585053906144e+02
2.869872952819824263e+02
2.869176805957219472e+02
2.864588211780247207e+02
2.864337066623120904e+02
2.868963724458764659e+02
2.869647076314781771e+02
2.866175666215349906e+02
2.866923147584232652e+02
2.868642959075070280e+02
2.870242373959726478e+02
2.867677068624885806e+02
2.865896821177762490e+02
2.867519266050275633e+02
2.870974883411991527e+02
2.868105732762695652e+02
2.865665804935810570e+02
2.866893666695017373e+02
2.869222650137311916e+02
2.870457425855679503e+02
2.871517330624045030e+02
2.869934160254467770e+02
2.869028852745551035e+02
2.868694407643761792e+02
2.869338246738860789e+02
2.870280556369370970e+02
2.867868075023879442e+02
2.868621825786680688e+02
2.870178462405470441e+02
2.870076102703258130e+02
2.868702763808474856e+02
2.869489880616722530e+02
2.872557555052271709e+02
2.873394042769239718e+02
2.869277558970348991e+02
2.868386458545732580e+02
2.869720966834093474e+02
2.871091950274250166e+02
2.870013304155722267e+02
2.869280968352128980e+02
2.870453772997668125e+02
2.872102727572151366e+02
2.869314850046260403e+02
2.869105758223333282e+02
2.870834797162705740e+02
2.871951854347271933e+02
2.868832537813211161e+02
2.868528922752707899e+02
2.869946180401131528e+02
2.872436360321798361e+02
2.868501896992713114e+02
2.868915305060408514e+02
2.870341230672825645e+02
2.867491074563199049e+02
2.869372448072678594e+02
2.871568755803322688e+02
2.869287522512299233e+02
2.867319615409106746e+02
2.869046025702007796e+02
2.871196270917191669e+02
2.871568525913202734e+02
2.868937507941924991e+02
2.867803358542564069e+02
2.867533946673732430e+02
2.869396882604455072e+02
2.870507997543782608e+02
2.869272330237348001e+02
2.868439427889505282e+02
2.870909625461845849e+02
2.870364368381956410e+02
2.868452090819853311e+02
2.868538769134119093e+02
2.870090081607779098e+02
2.870035964809327993e+02
2.865892612881817172e+02
2.866438772803873576e+02
2.869880184951547335e+02
2.872379581737212106e+02
2.870227752062780269e+02
2.870382759907954551e+02
2.871850775271522593e+02
2.872910533467876917e+02
2.871758085955352158e+02
2.872640641698283162e+02
2.869066841298401300e+02
2.870635789426156066e+02
2.874084248603631977e+02
2.873746089448011389e+02
2.871400848305534623e+02
2.871983338088786013e+02
2.873820433513827197e+02
2.869518564413587569e+02
2.870354518619639634e+02
2.870350594377948141e+02
2.871342203339304433e+02
2.873130590365768740e+02
2.874725680297860890e+02
2.871064697147401716e+02
2.870868538562861545e+02
2.872539453237539533e+02
2.875787324031329604e+02
2.874750836579564179e+02
2.871164682380900217e+02
2.872537424871456437e+02
2.876103518630808367e+02
2.876548750972855828e+02
2.874758697234628357e+02
2.874226989897410363e+02
2.874880298637557985e+02
2.875952650152804040e+02
2.879081948555940471e+02
2.877733313797994015e+02
2.876149297676736296e+02
2.878036371482369304e+02
