2.872095029822639844e+02
2.872640857646135260e+02
2.871306387471958601e+02
2.874121779003859842e+02
2.873653737852293375e+02
2.873653842631886732e+02
2.874563188896279939e+02
2.874833039497653431e+02
2.874344730025093213e+02
2.873532813655212408e+02
2.873135329565835150e+02
2.873187838632518947e+02
2.873350949803569279e+02
2.871485263854801815e+02
2.870584256880139833e+02
2.871211112665437781e+02
2.870057441829672484e+02
2.871866938448702626e+02
2.872696382412088951e+02
2.874860063390640335e+02
2.874100435256016794e+02
2.872876154874550707e+02
2.873288810874949490e+02
2.873263406593155764e+02
2.873091305019562469e+02
2.872540113227966572e+02
2.871642062642656583e+02
2.871685628722309502e+02
2.872575589009828718e+02
2.872140797533418777e+02
2.871385402723843754e+02
2.872446969465050302e+02
2.872223369321834525e+02
2.869916359601800764e+02
2.867493356145975554e+02
2.870204990214854774e+02
2.870715028783713478e+02
2.869200888081221024e+02
2.869238417347241352e+02
2.869830662132110319e+02
2.869240173525273008e+02
2.869499616172698211e+02
2.870981976852086177e+02
2.872748483764741536e+02
2.873952321915097059e+02
2.870867596670684634e+02
2.869487014565626737e+02
2.870891537849603878e+02
2.871155025025491341e+02
2.872649115590009501e+02
2.873300610517610494e+02
2.874364960728705114e+02
2.873280604702604251e+02
2.869937761799662326e+02
2.870267938678030646e+02
2.870082934575784748e+02
2.870910271112465466e+02
2.871600633762198527e+02
2.871256539163575781e+02
2.874081145982311796e+02
2.874771010423036728e+02
2.872592859628115889e+02
2.871396705702675831e+02
2.870377223920669962e+02
2.871489212864609613e+02
2.871856775671679429e+02
2.873981167783599062e+02
2.873700333435598964e+02
2.873358360517885899e+02
2.873490792982776725e+02
2.873601843612947278e+02
2.875704793168006290e+02
2.875638823866790972e+02
2.873339738181338134e+02
2.872065246000173033e+02
2.872706186267852786e+02
2.873076043941316016e+02
2.874149738483933447e+02
2.874740341343197088e+02
2.875018368368326378e+02
2.874312099882969846e+02
2.872831950074815950e+02
2.873113469148590298e+02
2.872784719736350212e+02
2.873153945515730925e+02
2.874099937779987499e+02
2.874623575166506271e+02
2.874077554133209560e+02
2.872197560830429666e+02
2.872538170733532183e+02
2.871824062000119397e+02
2.873857835247744674e+02
2.872812555815850715e+02
2.871412516737637475e+02
2.872919182179597897e+02
2.874380846799945743e+02
2.873225246044532355e+02
2.874336344921973136e+02
2.877107114710824476e+02
2.874788969916320980e+02
2.873965398185678737e+02
2.875686675154543650e+02
2.876260111180882859e+02
2.875787436657077478e+02
2.873255212143258177e+02
2.875452825092592661e+02
2.877171420087710203e+02
2.875541357501443827e+02
2.873588337195977260e+02
2.874194141948299830e+02
2.873130870908694874e+02
2.873629417859475552e+02
2.874972047330710438e+02
2.875704336094002542e+02
2.875781887509332932e+02
2.876905863831183865e+02
2.875105457072695003e+02
2.872838879764690887e+02
2.875168528967640782e+02
2.875943260998521964e+02
2.876817242874812450e+02
2.878222407588762053e+02
2.876619665698712538e+02
2.875155845397231928e+02
2.873958912846995304e+02
2.874292185249146883e+02
2.876118355473261659e+02
2.877483754126783424e+02
2.877283783137651199e+02
2.878765793547001408e+02
2.879259875434897822e+02
2.879419477939387662e+02
2.878586397989126908e+02
2.878866119280198177e+02
2.878594835773599243e+02
2.877886635263881203e+02
2.877437323091797339e+02
2.879546420192178289e+02
2.879984660602244730e+02
2.879765156595809117e+02
2.879798042128034012e+02
2.881782139561341864e+02
2.877189247463035713e+02
2.876146476902050040e+02
2.876177471982144311e+02
2.877394799926916562e+02
2.877642784943832908e+02
2.879487679019416646e+02
2.879314707093306538e+02
2.879969308665678227e+02
2.879931091128235607e+02
2.882365241103842095e+02
2.884929679773043176e+02
2.884385851136570977e+02
2.882788418648605671e+02
2.883051700192664271e+02
2.884227395973714465e+02
2.885809466385904329e+02
2.886523159204459148e+02
2.885906838203688380e+02
2.884427378935262709e+02
2.885373376171912128e+02
2.886670789378307518e+02
2.886175192793515976e+02
2.885421683650750424e+02
