2.868868764895171353e+02
2.870159753582993858e+02
2.870234084247271085e+02
2.870432963543998994e+02
2.870512539851833367e+02
2.869595657304803353e+02
2.871254896427678318e+02
2.871043479560078708e+02
2.871924102429051686e+02
2.871466608378770502e+02
2.873123897730337717e+02
2.874016296640789960e+02
2.870951025837330803e+02
2.870731210104459024e+02
2.871954267313369087e+02
2.872170138932138457e+02
2.872050156294080807e+02
2.871289644208919185e+02
2.871434399826657113e+02
2.870500252972311728e+02
2.871591031520700312e+02
2.872380239240408741e+02
2.872478684133574234e+02
2.872041900376547687e+02
2.870227506520752172e+02
2.871683383792083646e+02
2.872822549691126142e+02
2.872438742039195745e+02
2.872787962930786989e+02
2.872191873679868763e+02
2.871217780971243769e+02
2.871482883667735564e+02
2.872918236880419158e+02
2.870244332460753753e+02
2.868756587070683395e+02
2.868304856863025520e+02
2.867699870872439192e+02
2.869168663508673944e+02
2.871220530384042036e+02
2.868584753621408368e+02
2.869489332666310588e+02
2.870143387211415416e+02
2.868814058808608252e+02
2.869422053225939635e+02
2.869611783012033470e+02
2.870696149733723814e+02
2.869493527985539458e+02
2.868684369531720222e+02
2.870213299414795074e+02
2.869186961399008737e+02
2.869998060395496964e+02
2.870140059364933336e+02
2.868693366180183943e+02
2.867702778780393942e+02
2.869474176923613982e+02
2.868171467535509578e+02
2.869163004266401344e+02
2.868243550801466881e+02
2.867722675170713842e+02
2.867438351684734812e+02
2.869304881960098896e+02
2.869996682951617117e+02
2.867835372863426642e+02
2.867979718528261515e+02
2.869622183992888154e+02
2.869774392891413299e+02
2.871485977929494879e+02
2.871348759979151737e+02
2.869632142139234361e+02
2.870166497186398260e+02
2.869965006762052440e+02
2.869739251007227381e+02
2.871622940446484904e+02
2.872047349756294921e+02
2.872428978537528224e+02
2.870372580893501322e+02
2.869937945487979505e+02
2.871385824926447299e+02
2.871930854758184637e+02
2.870298605098500957e+02
2.870926697987442253e+02
2.871574558789420166e+02
2.870209516432982468e+02
2.871086823155488332e+02
2.873293038756131068e+02
2.871542374345667099e+02
2.872136772688678548e+02
2.872687085088842309e+02
2.871436658881140715e+02
2.870995423722764031e+02
2.872353610220488918e+02
2.870975218691981468e+02
2.871124782000561595e+02
2.872711826562756414e+02
2.871476446427494125e+02
2.870232583526702683e+02
2.870631403485546684e+02
2.872314720405816502e+02
2.871299403486124788e+02
2.870998465825369408e+02
2.869798671057846491e+02
2.871383768934775844e+02
2.872203016641338422e+02
2.871091215161426931e+02
2.870621278202372082e+02
2.871735035440408979e+02
2.870766919168552818e+02
2.869650263715560072e+02
2.869690525434259030e+02
2.870578429386507082e+02
2.870684502829886355e+02
2.870829821231225765e+02
2.870728852302249265e+02
2.869350131180681274e+02
2.868351168030011991e+02
2.868508020431872865e+02
2.868320308060198727e+02
2.869683243038735441e+02
2.870635148180598435e+02
2.869438943403939106e+02
2.870255194654411639e+02
2.869992794414915238e+02
2.868833452463062486e+02
2.869016023790759391e+02
2.869633403606979414e+02
2.870100565811648039e+02
2.868618419257141454e+02
2.867078717171150970e+02
2.867809215477863631e+02
2.870209795286606891e+02
2.871151631658025281e+02
2.869793369196774506e+02
2.868773911842542930e+02
2.869737473912474570e+02
2.870208022433675410e+02
2.868872574894195964e+02
2.868877740537723753e+02
2.870356046839380610e+02
2.871635556514423229e+02
2.872160379967870654e+02
2.872499978796973892e+02
2.871449124746636130e+02
2.868887399316880646e+02
2.870473956454695212e+02
2.871506752312109825e+02
2.871496681923480878e+02
2.872025190787344968e+02
2.873579858915128398e+02
2.873281864553121068e+02
2.873512204577173748e+02
2.873385089806569681e+02
2.873186804113567518e+02
2.873548850805876214e+02
2.873955222884598015e+02
2.875239086001609508e+02
2.876433085132593419e+02
2.875298252748094114e+02
2.876276868994589222e+02
2.876606102476782780e+02
2.877093822571380315e+02
2.879262979180221009e+02
2.879911795766186060e+02
2.878751609480305547e+02
2.878327600259254382e+02
2.878712122296861367e+02
