2.865145924743650880e+02
2.865171276655889869e+02
2.865547243680312590e+02
2.865564176801710232e+02
2.864724250709853663e+02
2.865039277841442527e+02
2.865778097064752501e+02
2.867252761399481074e+02
2.867398355433392680e+02
2.866817434547947414e+02
2.867752441018952254e+02
2.866391703841327967e+02
2.865840835763670498e+02
2.865466663357328798e+02
2.866808686626969234e+02
2.866461879054533597e+02
2.865941099325387995e+02
2.864607814637505498e+02
2.864975377611243061e+02
2.866839541946013128e+02
2.868774853020635760e+02
2.865291697995750724e+02
2.863680928846893607e+02
2.864959774782846011e+02
2.865834934422579181e+02
2.866327024037655065e+02
2.867557184686359051e+02
2.866895468127154913e+02
2.869039384898818525e+02
2.868835747443611126e+02
2.867206354349051480e+02
2.866946194912321175e+02
2.867085791514519428e+02
2.867041309400275964e+02
2.864931632742920442e+02
2.865742981123187860e+02
2.865516617684980361e+02
2.868103183690512310e+02
2.867698802964376341e+02
2.867436262850574167e+02
2.865592009718112081e+02
2.866631410959442974e+02
2.867995014738698387e+02
2.868186260193616590e+02
2.868856581964735710e+02
2.869444289434480311e+02
2.867547418697346870e+02
2.866899214258710344e+02
2.866281615835292200e+02
2.866119990933589747e+02
2.867710325153361737e+02
2.868452826701424669e+02
2.869672804442100187e+02
2.867606792733536736e+02
2.867237429867176957e+02
2.864678935194185101e+02
2.865803281084867535e+02
2.864109677373216982e+02
2.866111918474621234e+02
2.867180921159060176e+02
2.868217003315732541e+02
2.868503876355115949e+02
2.867192839900441754e+02
2.865807369104341547e+02
2.865512081317502293e+02
2.866805718261645666e+02
2.867863823252546922e+02
2.869259823229715494e+02
2.868633323016866257e+02
2.868657847513160846e+02
2.869681488511832299e+02
2.868913670937400298e+02
2.868505487519846611e+02
2.870045115725397977e+02
2.870848170269070465e+02
2.869828526802562578e+02
2.868851378597163944e+02
2.867338259467868511e+02
2.867537378270376962e+02
2.868446829919181482e+02
2.868942691084068315e+02
2.867943353367602981e+02
2.868091168943381604e+02
2.869046610337020411e+02
2.870464615265967154e+02
2.868253293588452948e+02
2.867622185113780802e+02
2.868116934259684854e+02
2.869538975572789354e+02
2.868171784296667965e+02
2.868152647556936472e+02
2.868493718888594799e+02
2.870841601799448881e+02
2.870229436834414969e+02
2.869964818541396880e+02
2.868947481086544826e+02
2.868379869318760598e+02
2.868305413350648791e+02
2.868960029554219204e+02
2.869044880309484711e+02
2.868867671444182292e+02
2.870365718920034510e+02
2.870528051938170506e+02
2.870003234195628465e+02
2.869051828613359021e+02
2.870046343184949933e+02
2.867551297308221478e+02
2.866853546192344879e+02
2.868690834325825563e+02
2.871025580065253280e+02
2.870241563963441536e+02
2.869201752193904440e+02
2.869046826427700694e+02
2.868841732092720349e+02
2.869832621579950001e+02
2.871517736887246315e+02
2.869966860274814735e+02
2.867351940224574491e+02
2.867782781989299679e+02
2.868319787548682029e+02
2.869733053747826830e+02
2.870961736917432177e+02
2.870819484913236010e+02
2.871585475804488965e+02
2.871812700193503360e+02
2.870300717159364012e+02
2.868472259503080863e+02
2.869051503839032193e+02
2.870249179383882279e+02
2.871516698737221986e+02
2.872440678806106007e+02
2.870663244029476004e+02
2.868775827152633155e+02
2.868118546594093345e+02
2.870468522170939991e+02
2.871949723285699179e+02
2.873087535237257271e+02
2.873768571751712670e+02
2.873384921698452672e+02
2.870690446113878238e+02
2.871004200705218636e+02
2.871653845297009298e+02
2.869285640707059315e+02
2.870765516007073188e+02
2.872152827354360625e+02
2.872926387316592240e+02
2.874126637937063151e+02
2.874154588665920187e+02
2.872501741738903434e+02
2.872953942556409856e+02
2.873810421367718959e+02
2.876161393026455357e+02
2.875711067387749154e+02
2.874122581897482291e+02
2.874463437586451846e+02
2.875250981081365467e+02
2.876781998548248680e+02
2.876111535397850503e+02
2.875843601027920045e+02
2.876603147227427826e+02
2.876032283322499552e+02
2.875631765375198370e+02
2.877778502854619660e+02
2.878403866734626604e+02
2.877052300507157838e+02
