2.859474456539353469e+02
2.862177090596154017e+02
2.863606205642893201e+02
2.860248729669124259e+02
2.859998521683818922e+02
2.860607683600291580e+02
2.858643413827478525e+02
2.859683380211235431e+02
2.859609937995795690e+02
2.859643879273278344e+02
2.859940567750674631e+02
2.860811259228481163e+02
2.858902029884195031e+02
2.859313937258928604e+02
2.860687806737012693e+02
2.859175299764222586e+02
2.858508649980538507e+02
2.858004412530340801e+02
2.858590328665947595e+02
2.858695688455199502e+02
2.859740947523835644e+02
2.857792904555703331e+02
2.858111978703935279e+02
2.859775957610530668e+02
2.859486247487948276e+02
2.859727276998463594e+02
2.860222277526016228e+02
2.859305215969789060e+02
2.859125047311578101e+02
2.860142928492041392e+02
2.861423469917428406e+02
2.859738220510694191e+02
2.859241612907463264e+02
2.859977160089879362e+02
2.857255887085477752e+02
2.858905522988579264e+02
2.859249956538362198e+02
2.857946771645329704e+02
2.857503723843054217e+02
2.859106798117559265e+02
2.858467930955357588e+02
2.855061522870393560e+02
2.855678288843844825e+02
2.859329247401714156e+02
2.859092477650820570e+02
2.859182678673229816e+02
2.858253534174448305e+02
2.858550802084534439e+02
2.857036839914662778e+02
2.859250300266870113e+02
2.859665516007419797e+02
2.859627120684450574e+02
2.859173224708034695e+02
2.856398952047648550e+02
2.858188448575517668e+02
2.859956957507463358e+02
2.859378920374560380e+02
2.858920413028013172e+02
2.859333782879843966e+02
2.857713943336875104e+02
2.859598821690056525e+02
2.859750218955273908e+02
2.859836929114941881e+02
2.860605979314075284e+02
2.858110507733715053e+02
2.858783965763494166e+02
2.859326630043914292e+02
2.859904161761813270e+02
2.859342211573865029e+02
2.860700799523728506e+02
2.861759859664255714e+02
2.860520870332264280e+02
2.860428466939706027e+02
2.859685386831212099e+02
2.862046894771435177e+02
2.859555360673475661e+02
2.858512130894530401e+02
2.861253426112417060e+02
2.861393286081633960e+02
2.861103854223001122e+02
2.861859800262895419e+02
2.861749021434957854e+02
2.861570503760396491e+02
2.861446502807259549e+02
2.861357092190850722e+02
2.861467574511343059e+02
2.864455139458999611e+02
2.862326836191429038e+02
2.861612144628804231e+02
2.860215971363315361e+02
2.862487941667381506e+02
2.862933148930328571e+02
2.862555202407557431e+02
2.863172869038981503e+02
2.863749034829971265e+02
2.862475943868867603e+02
2.861637205934541157e+02
2.862879966371702380e+02
2.864543353217845834e+02
2.862234841126766582e+02
2.863319186197911108e+02
2.863182282274501063e+02
2.864627966260939047e+02
2.864072661021102704e+02
2.862394651988215060e+02
2.862787398736014097e+02
2.863658449917900839e+02
2.865181711902867505e+02
2.865979778207695858e+02
2.864118236031480933e+02
2.863667862786964520e+02
2.863620327244843224e+02
2.865330402680252178e+02
2.863760252467646978e+02
2.861257337730883705e+02
2.861597975299748100e+02
2.862274998520542226e+02
2.863986226065270557e+02
2.863598050930752947e+02
2.861822742296319575e+02
2.862102368351621635e+02
2.863224800917964217e+02
2.864461583752541287e+02
2.863546420304642197e+02
2.866405682012141938e+02
2.864691112607377477e+02
2.864147398181185622e+02
2.863678734297999426e+02
2.864506521653866571e+02
2.865670970400736337e+02
2.868175875524370326e+02
2.867848369571599392e+02
2.865352794083101458e+02
2.866968491623969157e+02
2.865137407437757133e+02
2.866565864243113992e+02
2.865966708187141307e+02
2.865333634800426239e+02
2.867807078609911855e+02
2.866796393994634968e+02
2.868300335825379648e+02
2.866838341048558618e+02
2.866452631139547407e+02
2.867729683392198012e+02
2.864433930241100938e+02
2.865755257832040002e+02
2.866435710672927257e+02
2.867565068354022628e+02
2.868640533499851131e+02
2.869387184923389782e+02
2.870979838282846117e+02
2.871668436914144991e+02
2.870915763604053268e+02
2.871594328666806746e+02
2.870334089013638277e+02
2.870680296352211940e+02
2.872697375457680664e+02
2.870706804457803969e+02
2.869358308259289743e+02
2.871921489134049352e+02
2.871698802233492529e+02
2.873095985766802301e+02
2.872957503859752819e+02
2.872952308593749535e+02
2.872835964023399242e+02
