2.870376997820271185e+02
2.870646877446959024e+02
2.872593978009168154e+02
2.872731514592509257e+02
2.872057866644901765e+02
2.872328884349785199e+02
2.872258902127082365e+02
2.871558127079103429e+02
2.873278846829530835e+02
2.872892286280273311e+02
2.873084380659877866e+02
2.872760417307865168e+02
2.872521155912759241e+02
2.871280278654576250e+02
2.873619791289023055e+02
2.872071107794308205e+02
2.873686761621529513e+02
2.872612635905743446e+02
2.872589105996146941e+02
2.873214606855328270e+02
2.872192265574324210e+02
2.871953730704928489e+02
2.872967646121981034e+02
2.872472848196826476e+02
2.871147297581517250e+02
2.871772204595186508e+02
2.872607579537771016e+02
2.871965751120657728e+02
2.871427170691349033e+02
2.871380357467200497e+02
2.871728321105472901e+02
2.872397464989878699e+02
2.871289601241034006e+02
2.870744193011768743e+02
2.867551115029507400e+02
2.869608757550341238e+02
2.869664043866109182e+02
2.869957566487210556e+02
2.871797480381451919e+02
2.871193366101241509e+02
2.871809877061194243e+02
2.871552795974894821e+02
2.872008574442465374e+02
2.872866966187972935e+02
2.872233846815698257e+02
2.871742614066374131e+02
2.870634323529899916e+02
2.870549218285692064e+02
2.871799116524094302e+02
2.872627004962668593e+02
2.872184744296035319e+02
2.871628271276219948e+02
2.873228010978584166e+02
2.872381884343215575e+02
2.871456565271445243e+02
2.871929765952786511e+02
2.871410721274514231e+02
2.872114029287908465e+02
2.872735391990656240e+02
2.872954992351926649e+02
2.873284892510866371e+02
2.873438732119337828e+02
2.872622415768886981e+02
2.870649259671010327e+02
2.870868556619944343e+02
2.871461921146856753e+02
2.871047815821049198e+02
2.871127809656949808e+02
2.872249283117262735e+02
2.873080570002312584e+02
2.873962843443941892e+02
2.873948218842949132e+02
2.873871545212110163e+02
2.872337271897360438e+02
2.872463643397712190e+02
2.871360822467068488e+02
2.871881089929859741e+02
2.872523892585140288e+02
2.872710769645357232e+02
2.872808056876702949e+02
2.872906156921861225e+02
2.872488365978485376e+02
2.872531868784506628e+02
2.871618350782610491e+02
2.872143944927210555e+02
2.873375177815743200e+02
2.874157338467124987e+02
2.874297269381383444e+02
2.873244271570592332e+02
2.873609340885669212e+02
2.873726021704746358e+02
2.873723236354286996e+02
2.873475532332117268e+02
2.873634809243341692e+02
2.873333881361701856e+02
2.874498512849394842e+02
2.874275318379706619e+02
2.874225653419306354e+02
2.874631188545762939e+02
2.875295113115365098e+02
2.875040531945291491e+02
2.875015691816674916e+02
2.873806361195469208e+02
2.875967593027822318e+02
2.875127762150081594e+02
2.875825441234389359e+02
2.874787278817146898e+02
2.872299912976389464e+02
2.873704151107112352e+02
2.874566835065828627e+02
2.875259014992269613e+02
2.875567594371282780e+02
2.873823575144652409e+02
2.871943060938659755e+02
2.872017552345797071e+02
2.873757813842344717e+02
2.872939630585549935e+02
2.872528324077293860e+02
2.872395096258839544e+02
2.873185495454770830e+02
2.873505223744371619e+02
2.873730012062699188e+02
2.872216288987740995e+02
2.873446465306519713e+02
2.871821121505129781e+02
2.871887219509665101e+02
2.871345792841692059e+02
2.872392789824445458e+02
2.873755204132717154e+02
2.873322024773688668e+02
2.872301391407267488e+02
2.874107181243849141e+02
2.873373208773296597e+02
2.870283644538122871e+02
2.872360613979107598e+02
2.873400691781288288e+02
2.871679714165953214e+02
2.873164711638980293e+02
2.875277606479646693e+02
2.876947091883080816e+02
2.876119778557237510e+02
2.875687360694628865e+02
2.872406260373539340e+02
2.872567211857657981e+02
2.873536594211931288e+02
2.874824870686184681e+02
2.875529522548975478e+02
2.876638773703497804e+02
2.878671662094192811e+02
2.878558982805013216e+02
2.878656595613415448e+02
2.878277215145646437e+02
2.879157173668008340e+02
2.878953006150044303e+02
2.879754657235423565e+02
2.880881447045864547e+02
2.880070683116726400e+02
2.880770704141459078e+02
2.880495542750804248e+02
2.880554200500464503e+02
2.881503846113285476e+02
2.881831657222940635e+02
2.883640868639529913e+02
2.885928103561136027e+02
2.883531326003559911e+02
