2.869375584020244787e+02
2.870665513200308396e+02
2.871372651661773148e+02
2.870318417463647052e+02
2.868656505673127981e+02
2.869087751126728563e+02
2.870383129577406294e+02
2.869970514106080941e+02
2.871109496040620002e+02
2.871593914031991517e+02
2.871970338230981383e+02
2.870310051705630485e+02
2.869226127224943070e+02
2.868667143083991391e+02
2.869321428875029483e+02
2.871647916966153957e+02
2.870585340385555924e+02
2.869572086894393692e+02
2.872299664007254023e+02
2.871239702209077791e+02
2.871532273284836378e+02
2.871701591532926727e+02
2.871836273195977469e+02
2.871610525254761797e+02
2.872620456835667824e+02
2.872268101662586446e+02
2.871544871307444851e+02
2.872055289925132229e+02
2.871898879969089080e+02
2.870018914251693900e+02
2.871241982848034127e+02
2.871074205507822512e+02
2.870215209994284464e+02
2.869864949861640753e+02
2.867688002484848084e+02
2.869427190600744666e+02
2.867618898335362587e+02
2.867326322003345922e+02
2.868719859591512318e+02
2.869954560155542822e+02
2.872334140180998929e+02
2.871248853396230629e+02
2.871665919949251702e+02
2.872115463273722185e+02
2.872721908451820809e+02
2.872376279495204585e+02
2.872702940975339629e+02
2.872551301945730984e+02
2.871970184214169421e+02
2.871868659860680850e+02
2.871690367106131703e+02
2.872464103409913605e+02
2.871232065757665168e+02
2.869605616454110191e+02
2.870696790915779388e+02
2.870879137242114894e+02
2.870765201570846443e+02
2.871322340178512604e+02
2.871488408880977090e+02
2.871303662701206463e+02
2.870871685755727754e+02
2.872132233375727992e+02
2.870560008507466705e+02
2.869220702101023903e+02
2.871390895463632091e+02
2.871067544688071962e+02
2.871417862039911029e+02
2.871966499833266084e+02
2.872452751353796430e+02
2.873068055456507750e+02
2.871353143068078566e+02
2.871796638672668109e+02
2.872111542505643342e+02
2.873378654218104771e+02
2.873683652806482769e+02
2.873332090311860725e+02
2.872243897740623879e+02
2.872189300998754220e+02
2.873985388807412846e+02
2.872826583707764598e+02
2.873732933718139293e+02
2.873267235859943867e+02
2.874634351825429235e+02
2.874005997728527859e+02
2.874505366167652483e+02
2.874093779436497584e+02
2.873649561480602870e+02
2.874450400615436934e+02
2.875144718589977515e+02
2.874130592219888740e+02
2.875419189322840339e+02
2.875072535641437526e+02
2.873558426712316418e+02
2.875251324777544255e+02
2.875595106376985086e+02
2.874240293019761907e+02
2.874097158307237692e+02
2.874872845106976342e+02
2.875226377322335338e+02
2.876214281137909552e+02
2.874995736616800173e+02
2.875864158215180169e+02
2.875885228074293991e+02
2.875256472944869302e+02
2.875478135020462105e+02
2.873020214603436102e+02
2.873058824835528071e+02
2.871636801642062551e+02
2.871638114473270775e+02
2.873187108805921071e+02
2.872209930437162484e+02
2.869525778304669643e+02
2.869132662433317478e+02
2.870079794473506354e+02
2.869137948700347920e+02
2.869751690178896411e+02
2.870458616499599884e+02
2.870498676963901517e+02
2.870759261714229638e+02
2.869920747084624963e+02
2.870374330020104026e+02
2.871468236427962779e+02
2.872191689517841269e+02
2.871420152794243563e+02
2.871756422663589206e+02
2.871977338003102886e+02
2.870697464149180291e+02
2.869599668112836639e+02
2.871438117820648586e+02
2.871215269957618830e+02
2.873627965164027387e+02
2.872027226667609057e+02
2.871440011920351481e+02
2.871396018905164738e+02
2.871481135548083330e+02
2.871964191293483850e+02
2.871813236647952294e+02
2.872586934025919732e+02
2.872243153028805409e+02
2.873350618153879168e+02
2.874426543959679634e+02
2.873117182392678615e+02
2.871910892051274118e+02
2.873592912836025448e+02
2.874756558103615021e+02
2.873872299750081538e+02
2.873750180814853934e+02
2.875780823039614802e+02
2.875880561797801533e+02
2.876309830742964095e+02
2.878266181699697768e+02
2.878413036539254222e+02
2.876991666001766248e+02
2.878183026146947441e+02
2.878607724237934917e+02
2.877566199733556118e+02
2.876792747311749849e+02
2.877400226206350453e+02
2.877625081339677422e+02
2.876431257895026192e+02
2.877559059492842266e+02
2.878111665027769845e+02
2.880060245864754620e+02
2.882477575726607029e+02
2.880475077294217954e+02
