2.868957245669997178e+02
2.869249080883044485e+02
2.868058840449756985e+02
2.868983320926636793e+02
2.867627617432764850e+02
2.866921857981667472e+02
2.868996652858349421e+02
2.869373389480713854e+02
2.869301823291942242e+02
2.867855651885732300e+02
2.868449118110143559e+02
2.866936910184475664e+02
2.867994222300849287e+02
2.868741923261827083e+02
2.869440130165504570e+02
2.870034660257441601e+02
2.869145458776631585e+02
2.869266714408221901e+02
2.870763202277391883e+02
2.869103239342800293e+02
2.870402461669197010e+02
2.870698742051528711e+02
2.869824940228289165e+02
2.868627162345107422e+02
2.869413575998334522e+02
2.870025139880054326e+02
2.868616863758069826e+02
2.869592145203840232e+02
2.869725750168984177e+02
2.871285978635899028e+02
2.871080459893136663e+02
2.869646926151231128e+02
2.869241411744076231e+02
2.865144117039843081e+02
2.866306733448248565e+02
2.869660693224068950e+02
2.869250300620445273e+02
2.869813907248737337e+02
2.868885370109788369e+02
2.868161673116474617e+02
2.868076380402521295e+02
2.870101340209252498e+02
2.870157613423011185e+02
2.868194075538285119e+02
2.868992135215776784e+02
2.868920258531874765e+02
2.868198931709783324e+02
2.870492641417708342e+02
2.870727531781894299e+02
2.870579414457147891e+02
2.869508826093083940e+02
2.869844185903219795e+02
2.867591491279536058e+02
2.867167310573412919e+02
2.869048083953119317e+02
2.867918825514978494e+02
2.868949439224131197e+02
2.869193809382089171e+02
2.868752898990385347e+02
2.871513581052093400e+02
2.870465271933878739e+02
2.869533248789957725e+02
2.869393645339127943e+02
2.868966529674328854e+02
2.868405621587377254e+02
2.868976443724851038e+02
2.868722354135409773e+02
2.868837771131140357e+02
2.868600527702890304e+02
2.869129311900518928e+02
2.869751641727233960e+02
2.870715518710510423e+02
2.871081353402342984e+02
2.872701930236183330e+02
2.872203270232779460e+02
2.870391758025246531e+02
2.872202805108381085e+02
2.871089885431857169e+02
2.870015557950933385e+02
2.871587593186789604e+02
2.870399588772864377e+02
2.870645553451412866e+02
2.870270899379441403e+02
2.870445461430444425e+02
2.869861541619416130e+02
2.870128721769301023e+02
2.869826821750009458e+02
2.870985676844787804e+02
2.870517271070631296e+02
2.871266810095268625e+02
2.870814872447016910e+02
2.871454788202470922e+02
2.871191831174554068e+02
2.871506057955532469e+02
2.871677226160817327e+02
2.871671220522118233e+02
2.871347890021827425e+02
2.872400397794238529e+02
2.872448251562028076e+02
2.871392128275780351e+02
2.870920530151685170e+02
2.870155172030167137e+02
2.870991083890315281e+02
2.871643519201796266e+02
2.873294898569168936e+02
2.875217795147974584e+02
2.874514060035949683e+02
2.872584550164732491e+02
2.873117554372946643e+02
2.872557351811053650e+02
2.873714379644814585e+02
2.872568075764255013e+02
2.871758018191649739e+02
2.870422489222327158e+02
2.870373066266570845e+02
2.871390037249361740e+02
2.869864940427056013e+02
2.872059093973869608e+02
2.873000262741688289e+02
2.876866434219556936e+02
2.875136269265995566e+02
2.873071087825637164e+02
2.875245237105842762e+02
2.873973285065209780e+02
2.870322266620476057e+02
2.873515645678920123e+02
2.874168613134566499e+02
2.873350695481908019e+02
2.874841460701383653e+02
2.875674374019283164e+02
2.875443350949192904e+02
2.873837166368467138e+02
2.872957123121870495e+02
2.872806921947246224e+02
2.874388429026013227e+02
2.875619421386039107e+02
2.874193218458983665e+02
2.875584986181193585e+02
2.876028364878119419e+02
2.874989420739257753e+02
2.875484024108873768e+02
2.873460828996024929e+02
2.875139490526348141e+02
2.876997330410703739e+02
2.875616631920632358e+02
2.875791685626567755e+02
2.877366752811149695e+02
2.877696295403832778e+02
2.877531626842183528e+02
2.877993809240888368e+02
2.878559471211961522e+02
2.879857471101667556e+02
2.879468439871268401e+02
2.878397520501778786e+02
2.880306396977179588e+02
2.879439163520095804e+02
2.878806620408954018e+02
2.878757590759190066e+02
2.880514160759428819e+02
2.879499960688048645e+02
2.879723908277096029e+02
2.881632811828047238e+02
2.880948649521827178e+02
2.881146716522337101e+02
