2.879784503207351349e+02
2.879322516755558468e+02
2.879606029916182592e+02
2.879349932720253378e+02
2.879696256182830894e+02
2.879371995688296693e+02
2.878902917504808556e+02
2.878976063120364302e+02
2.880078644443698863e+02
2.879241063278014394e+02
2.879984571454363618e+02
2.880222102654221885e+02
2.879250603957453905e+02
2.879058700325737732e+02
2.880548270016493575e+02
2.879971276132822027e+02
2.880613742301858906e+02
2.879730620476718173e+02
2.879268775335445412e+02
2.880099281351666036e+02
2.879562859463929954e+02
2.880623068755111831e+02
2.879779457070138164e+02
2.878978654386049243e+02
2.880478589126633437e+02
2.879847974523838730e+02
2.879390663326410618e+02
2.878200726266603056e+02
2.878646711962608720e+02
2.879300598869467080e+02
2.877602217304136616e+02
2.878523964018650076e+02
2.877422180255284161e+02
2.877779102140621603e+02
2.874607692721709213e+02
2.876234392397562374e+02
2.876781735260967139e+02
2.876680773739264509e+02
2.876445107846041651e+02
2.878046738737759824e+02
2.876943160332131697e+02
2.876417157277833212e+02
2.877232451909423503e+02
2.876193034449143511e+02
2.876750541325395147e+02
2.877847161537994225e+02
2.877909117241157446e+02
2.877696872871571259e+02
2.877875053897576549e+02
2.876238532749110846e+02
2.877542558654870959e+02
2.876936318451791976e+02
2.877545040681296200e+02
2.877194212445875223e+02
2.878148416687695317e+02
2.878666312838487897e+02
2.878527943932378435e+02
2.878272256697920852e+02
2.878620407076457468e+02
2.879687999149533084e+02
2.878577086528079576e+02
2.879537978104954732e+02
2.877480705177217715e+02
2.878290652518832644e+02
2.878539932846169904e+02
2.878214300011389355e+02
2.878736730185768238e+02
2.878463042009385049e+02
2.879688233858954050e+02
2.878978512497910174e+02
2.878864952164552165e+02
2.879655034413509043e+02
2.878950818847392270e+02
2.879695053747864222e+02
2.878885634485865808e+02
2.878900744345320959e+02
2.880072440405634211e+02
2.880075411413943129e+02
2.879680485117008288e+02
2.879865590604807153e+02
2.879516062046529896e+02
2.879454752034154126e+02
2.879152780962363067e+02
2.879225373343127217e+02
2.878363811557250642e+02
2.879099245847314137e+02
2.877732057186276506e+02
2.878334217935312722e+02
2.879669529245135777e+02
2.878632531693918395e+02
2.878966874582344531e+02
2.879246339493116125e+02
2.879019426024686368e+02
2.877646242793549050e+02
2.880035231036429764e+02
2.878925729699620888e+02
2.879678428566350590e+02
2.879468120957688484e+02
2.879440126629244219e+02
2.880277536467917230e+02
2.879909540656122999e+02
2.880342060595649514e+02
2.881448730911712914e+02
2.880029860060130318e+02
2.880427159879748729e+02
2.880135680819109325e+02
2.881430853842070974e+02
2.882017144004083207e+02
2.882283016123903394e+02
2.881514197939778796e+02
2.880928342160241300e+02
2.882300964861896659e+02
2.880873284172791955e+02
2.880664461514929826e+02
2.878023265099371315e+02
2.878969173864369395e+02
2.880052287205816697e+02
2.879359467108307626e+02
2.880312185410807047e+02
2.880315154121512364e+02
2.880041223255749969e+02
2.881724251287700440e+02
2.880553111518302103e+02
2.881387102836641247e+02
2.881312604981350205e+02
2.879834683286670156e+02
2.879999384216786211e+02
2.880714876947066614e+02
2.882166146710787302e+02
2.881551122892652756e+02
2.880277181868397633e+02
2.881708515811809548e+02
2.881011897824292305e+02
2.880345255193215621e+02
2.880744874778683879e+02
2.881336210817936490e+02
2.881013216590428669e+02
2.881414956313713560e+02
2.880065681674507232e+02
2.881982215714430708e+02
2.883456059610670650e+02
2.883756458901130486e+02
2.880074169066322725e+02
2.882265819279800212e+02
2.882658212708082033e+02
2.883286205047108410e+02
2.884119524956492455e+02
2.885467783376140574e+02
2.885644414812102809e+02
2.887080232905181560e+02
2.886166581928634969e+02
2.886430059075905774e+02
2.885842514637977843e+02
2.888166145140258436e+02
2.887973449556777155e+02
2.888948175194731789e+02
2.888613118529951294e+02
2.887887278332675578e+02
2.887341325719908127e+02
2.887148489123231911e+02
2.886688593445473430e+02
2.887434759411258369e+02
2.889593530810641369e+02
2.889255604203874555e+02
2.890484775166910367e+02
