2.856998285335687910e+02
2.857023150921577894e+02
2.856181244961662173e+02
2.856079027042490566e+02
2.857350738998860038e+02
2.857465014755160269e+02
2.856220276235538336e+02
2.855318016439223925e+02
2.855610619376612362e+02
2.856039935108009900e+02
2.857935164043531699e+02
2.855368075652676794e+02
2.855677407473591529e+02
2.856564462534304312e+02
2.856365204159009750e+02
2.856226638249514167e+02
2.854862498366344994e+02
2.854565878603351052e+02
2.855113922890261051e+02
2.856114315747805676e+02
2.856777706479547874e+02
2.856117903986099122e+02
2.856074043397934474e+02
2.855424536706075855e+02
2.856034530185108906e+02
2.856704327762587923e+02
2.855366703173507972e+02
2.854462588082884054e+02
2.855296343120423330e+02
2.854955938733685912e+02
2.854214826968662351e+02
2.855246396105982853e+02
2.856249972926138980e+02
2.854827553705293894e+02
2.854057434846051251e+02
2.854464134605841537e+02
2.853494715003312763e+02
2.854819550218837207e+02
2.854514540295030542e+02
2.855436007561014549e+02
2.855456303868093642e+02
2.854944378514385903e+02
2.855230910780782665e+02
2.856104794958469029e+02
2.855045785822892981e+02
2.855297355614383150e+02
2.855932719642543702e+02
2.856059018450067128e+02
2.855151223558529523e+02
2.855308790165715322e+02
2.856459466431112446e+02
2.855539258082583842e+02
2.855028249015285269e+02
2.853458495920231712e+02
2.852631001558499975e+02
2.853945513229487005e+02
2.855945873663557109e+02
2.857275175654527857e+02
2.855068471443714770e+02
2.854294652969410890e+02
2.854616658696872378e+02
2.854286689818666787e+02
2.855400938347086708e+02
2.855075448385322829e+02
2.853320482303707877e+02
2.855546734512062699e+02
2.857351161453250370e+02
2.856344812863621883e+02
2.856625317850165402e+02
2.856815837127960549e+02
2.857244503987010376e+02
2.856083165625313995e+02
2.858150120978338578e+02
2.856066160566343228e+02
2.856999186482035498e+02
2.856462094821831101e+02
2.855492501565399266e+02
2.856483468816600748e+02
2.857095370914284445e+02
2.857383210493697447e+02
2.857441873173685849e+02
2.857047155745765963e+02
2.856616469553501361e+02
2.857088835718188307e+02
2.856731772702435705e+02
2.855875865142913312e+02
2.857047555954072209e+02
2.857528430730569653e+02
2.856018499406377487e+02
2.857170519373677848e+02
2.857056269544243037e+02
2.856245509539288037e+02
2.856132035713937967e+02
2.855458666679133444e+02
2.856032938013026978e+02
2.857035522369852174e+02
2.857391237571375200e+02
2.857567059002117844e+02
2.856310705003552926e+02
2.856946429052235885e+02
2.856352753924018089e+02
2.857544515932169702e+02
2.857900727033745056e+02
2.857411845784878892e+02
2.858895052808966852e+02
2.856600448115269160e+02
2.858100461221120554e+02
2.857245434742872590e+02
2.858140051813871878e+02
2.857708436818645623e+02
2.858718573107357201e+02
2.858378808476588802e+02
2.857595235061813241e+02
2.856114767506929297e+02
2.856452294857349443e+02
2.855225731288334146e+02
2.856641973596543380e+02
2.855799107914896240e+02
2.856777407966451960e+02
2.856425451134327318e+02
2.856110741238036326e+02
2.855732654196399380e+02
2.856951278215777279e+02
2.857413540721224763e+02
2.859176537341915036e+02
2.857845399380764206e+02
2.858548836509473290e+02
2.858507239274049994e+02
2.859069008123455546e+02
2.858696053822967542e+02
2.859413716038511666e+02
2.860037423116113473e+02
2.862181488697748932e+02
2.861189931188218338e+02
2.858269549489673409e+02
2.859309179842803132e+02
2.859797902994170045e+02
2.859705711798705465e+02
2.860655183558448584e+02
2.861324949462701284e+02
2.861879208607119267e+02
2.861809701598002675e+02
2.859598748418913488e+02
2.857213709446829739e+02
2.858864082492996772e+02
2.861095889223218478e+02
2.860789031476655850e+02
2.859865945713149245e+02
2.861106434683951534e+02
2.861270859639371906e+02
2.861890649581075081e+02
2.864277416222892612e+02
2.863490116912402641e+02
2.862729168654282716e+02
2.862434534260307260e+02
2.863057919546714061e+02
2.863246725504644132e+02
2.863056414793666704e+02
2.863016599937699311e+02
2.863787655630083577e+02
2.863704956870946603e+02
2.865567956876358835e+02
2.864427697575807201e+02
2.864389110324154331e+02
2.866715123898910065e+02
