2.872663173371802827e+02
2.874180986525448702e+02
2.874341917466984455e+02
2.874575889190964517e+02
2.874102130418307866e+02
2.874152021353475561e+02
2.873101343585800578e+02
2.873568797755311266e+02
2.873199549878799530e+02
2.873916623567892543e+02
2.872933277470673943e+02
2.874041828580812421e+02
2.872720910583041132e+02
2.872768996422733494e+02
2.873770264843539621e+02
2.874332832886195774e+02
2.873509123403107424e+02
2.874382031701001665e+02
2.874579122603356041e+02
2.874144933375127380e+02
2.873650587773609573e+02
2.873771449143383165e+02
2.873734688936285124e+02
2.874734499379163140e+02
2.875629572275905730e+02
2.873869372366704624e+02
2.874139261212155247e+02
2.874675644479447669e+02
2.875212585631996376e+02
2.876457673849436105e+02
2.874885014910758514e+02
2.874392754981951725e+02
2.874741948214694389e+02
2.875505378858408108e+02
2.872906910342776428e+02
2.873573089912019327e+02
2.872113128992134534e+02
2.872138616705784102e+02
2.873506567325859464e+02
2.875205415053933393e+02
2.875654568897725767e+02
2.873505791563613911e+02
2.873239731911375543e+02
2.873181012415453210e+02
2.875589225202289185e+02
2.875225435163108614e+02
2.874738330530546477e+02
2.874600944389721349e+02
2.875493926525958273e+02
2.877117290805326206e+02
2.873674424156664031e+02
2.873575331931190817e+02
2.874036788823362940e+02
2.873054932819624696e+02
2.873791869532234955e+02
2.874776900442432748e+02
2.874043957688642763e+02
2.874099812600044856e+02
2.875923961468027983e+02
2.875982137635111826e+02
2.874668432767645641e+02
2.875497186453299037e+02
2.874464834653288108e+02
2.874253359188787158e+02
2.873708502196389531e+02
2.874911019505410081e+02
2.874974270665260860e+02
2.874727993096904584e+02
2.874627694497741004e+02
2.875655419093396290e+02
2.875883875325100121e+02
2.875544717459334265e+02
2.877016932473337647e+02
2.875483351985711238e+02
2.874970779304069310e+02
2.876242298092731176e+02
2.877215077736099147e+02
2.877538960751185755e+02
2.877078980908761991e+02
2.879026393401028940e+02
2.877669092999420855e+02
2.877853617421207559e+02
2.878174614468960613e+02
2.876930920900470596e+02
2.878212572035077415e+02
2.877121215476143448e+02
2.878378645058708685e+02
2.879864182954801208e+02
2.878539492184141295e+02
2.877891738503147394e+02
2.878059151440037908e+02
2.878493523090103849e+02
2.878458004728809101e+02
2.879398742129955053e+02
2.877515807500647611e+02
2.878708118104290179e+02
2.877916577581190722e+02
2.877788193627098394e+02
2.878506366960951368e+02
2.878740859392095786e+02
2.879532473658277354e+02
2.878194385784896099e+02
2.877242097082159376e+02
2.877651512939812051e+02
2.877659691838605909e+02
2.877821737750472835e+02
2.879328751463041840e+02
2.877596985617872747e+02
2.879465597890040272e+02
2.879492360968501430e+02
2.879308054639907937e+02
2.879708713041798092e+02
2.879193245503713001e+02
2.876782414187177324e+02
2.875883145033265578e+02
2.877572618430320404e+02
2.878450446086962415e+02
2.875692668391120037e+02
2.875993933307011616e+02
2.877342347984642856e+02
2.878948991374438720e+02
2.878400099206322125e+02
2.880187284275159527e+02
2.879121317429762144e+02
2.878574369137560893e+02
2.877845170489643465e+02
2.877546493392016487e+02
2.878795279704215204e+02
2.878560479134444563e+02
2.880407146815284136e+02
2.881231877184820291e+02
2.881943525756498161e+02
2.880370765999248874e+02
2.880075285526065727e+02
2.881638989552610610e+02
2.881571848277927188e+02
2.881627118531906717e+02
2.881032541993505447e+02
2.880851968368361327e+02
2.883830881688522254e+02
2.884325332037368526e+02
2.881616845954193877e+02
2.880160226344132752e+02
2.881802835738263298e+02
2.880565981596334382e+02
2.882750122399606880e+02
2.885018683775978729e+02
2.885458517240517722e+02
2.885796614602493264e+02
2.886513125994665643e+02
2.885603585681520258e+02
2.884672135674025526e+02
2.885684121802767095e+02
2.886821014784536601e+02
2.888215942682278978e+02
2.887607331629461669e+02
2.886885073250083451e+02
2.887064390938733141e+02
2.886655389146733910e+02
2.888369230209303851e+02
2.887950954334623361e+02
2.888994581424356625e+02
2.890921002455375515e+02
2.890395382555810215e+02
2.889106892927650279e+02
