2.868591510113005825e+02
2.867986520343365555e+02
2.868340863286546210e+02
2.869896874354645888e+02
2.866256587181966324e+02
2.866274141873852273e+02
2.867656588667147730e+02
2.868522560965469097e+02
2.869316679948133810e+02
2.867664998118298740e+02
2.867529707275588180e+02
2.867650018895537301e+02
2.867835714644485847e+02
2.866316198491510931e+02
2.866088934193009550e+02
2.867424372932077858e+02
2.870512604780235506e+02
2.867906206561050908e+02
2.864992616407968740e+02
2.867781625489907356e+02
2.869843877973783037e+02
2.867765065163943632e+02
2.866140119652197313e+02
2.866941629098139970e+02
2.868720408899209247e+02
2.867957084405120440e+02
2.870356040451043214e+02
2.869644493181761504e+02
2.866637865426823737e+02
2.868555696925112670e+02
2.870256695401481579e+02
2.868043520244827391e+02
2.866290182741313970e+02
2.866346667558385093e+02
2.864751338741043583e+02
2.865518747233725776e+02
2.866198119769940718e+02
2.867140688400282329e+02
2.867954689338489516e+02
2.869386674621874818e+02
2.868183298499826037e+02
2.867590162110044503e+02
2.868724006618420503e+02
2.868187543245000484e+02
2.866234389269122289e+02
2.866975968481208383e+02
2.868933551758908607e+02
2.866593915965814290e+02
2.866083121181638376e+02
2.867150787280876898e+02
2.868931932044222890e+02
2.868931719396128983e+02
2.865871717428752277e+02
2.863576972923485187e+02
2.866498553608238922e+02
2.867571988188238379e+02
2.865847073884826273e+02
2.866665114136101806e+02
2.867886808318185103e+02
2.869760244676734260e+02
2.866615294030864902e+02
2.865244531268651258e+02
2.867255800864057846e+02
2.868239585119011963e+02
2.868636491422505514e+02
2.866393530301307351e+02
2.866120193228644553e+02
2.868000798751344860e+02
2.868944644609259740e+02
2.867630825175153859e+02
2.866819208833607604e+02
2.867144848158458785e+02
2.869297277436116360e+02
2.870117083144235153e+02
2.865943263194484416e+02
2.867340781741027058e+02
2.869249578015446787e+02
2.868345554062051974e+02
2.866216220518318210e+02
2.867009070863032321e+02
2.869707633507769629e+02
2.867813673635064333e+02
2.867846519560215484e+02
2.868840673977173878e+02
2.868684114826105542e+02
2.868763593222735153e+02
2.868583100788034130e+02
2.867814058161985145e+02
2.869433927969718070e+02
2.870883102316883537e+02
2.868593589574245470e+02
2.867890038748678876e+02
2.868831526580210038e+02
2.869835069831744931e+02
2.867481161352662298e+02
2.867617442192871522e+02
2.868191636174020118e+02
2.869520297325604474e+02
2.870943057252746371e+02
2.869305216740875153e+02
2.868607724613646042e+02
2.869853978994539716e+02
2.869155283495374533e+02
2.866809579761228974e+02
2.868766327242945522e+02
2.870246975455942788e+02
2.868213611703854440e+02
2.866183431305298086e+02
2.867114723645032086e+02
2.869693941282447440e+02
2.870656691424908900e+02
2.869596071026587651e+02
2.867826449770586805e+02
2.867770760085973620e+02
2.866021124920343937e+02
2.868196267088138711e+02
2.868703485116761271e+02
2.865430785215252172e+02
2.865436798438149708e+02
2.867314956178611851e+02
2.868992714608410211e+02
2.870409011302514841e+02
2.868171491137902080e+02
2.867615363381758584e+02
2.868821026753336696e+02
2.869149325960252668e+02
2.867728981276324589e+02
2.870091926984017618e+02
2.871702527114441068e+02
2.868815205920890890e+02
2.868260314326649905e+02
2.870166129436626647e+02
2.871156904258561440e+02
2.869879314081098869e+02
2.870203664026486763e+02
2.868411225162605547e+02
2.870554929277320753e+02
2.872728379031333361e+02
2.873160369471567606e+02
2.870163540521319305e+02
2.869774838560149988e+02
2.871964311156496592e+02
2.871878189125253584e+02
2.870838567714084775e+02
2.872176101372813832e+02
2.871417094960870031e+02
2.872959099200439255e+02
2.874093822331910246e+02
2.875126928022456809e+02
2.874957837397615208e+02
2.873909312901743647e+02
2.873475431213574325e+02
2.876757301558400286e+02
2.876015182252638738e+02
2.873168878458288873e+02
2.873096965163213099e+02
2.875421064542279055e+02
2.876972074643931592e+02
2.874494598431174381e+02
2.874181769614331188e+02
2.876816175641300219e+02
2.878480924390773907e+02
2.874950868642333148e+02
2.874956880830898740e+02
2.878515027955733672e+02
