2.858981286672638475e+02
2.859897370883950884e+02
2.859767039451293158e+02
2.859370297600250979e+02
2.858787308263629257e+02
2.858848629952212264e+02
2.859331432425608455e+02
2.860305674269032465e+02
2.860838068411126756e+02
2.860528369291019999e+02
2.859990819393381685e+02
2.859778766654098376e+02
2.859795543515385248e+02
2.857971104461670961e+02
2.860065254612565582e+02
2.862148391956988576e+02
2.860508977182506669e+02
2.861387381610254010e+02
2.861461374227432088e+02
2.860381700915145302e+02
2.862004417439094937e+02
2.862374342941080272e+02
2.861590996394837134e+02
2.859953570685029831e+02
2.861236222276020271e+02
2.863123615126423829e+02
2.863629346282428401e+02
2.863096331118806575e+02
2.861083396961987546e+02
2.862332875928228191e+02
2.860819307756506760e+02
2.860666441255369250e+02
2.859007993548516424e+02
2.859758629354467985e+02
2.857631492186635001e+02
2.857085615820816997e+02
2.857875345704094912e+02
2.859567269989984766e+02
2.862207032071132176e+02
2.860497744160159641e+02
2.858890664010852447e+02
2.857682760064947161e+02
2.859005416420819756e+02
2.861304410054268033e+02
2.863991597873475143e+02
2.862673034196023423e+02
2.861961309568880552e+02
2.862644029247530852e+02
2.860695344012501096e+02
2.860940222536132183e+02
2.861157827871577979e+02
2.863023755413427693e+02
2.862836968109406826e+02
2.859920969556259820e+02
2.859360109348892252e+02
2.860745084680647210e+02
2.860957384571394186e+02
2.861674348973732549e+02
2.861383307276909704e+02
2.860960575754964452e+02
2.861894553315655116e+02
2.863958216687202025e+02
2.861778539841616862e+02
2.861897141159992657e+02
2.861133024097975408e+02
2.860981971387972180e+02
2.859987367333212092e+02
2.864880625202252418e+02
2.863684901418451432e+02
2.862677565915182640e+02
2.864292394747737376e+02
2.862506477216693952e+02
2.862808610905311184e+02
2.863888466205737018e+02
2.863411233250203622e+02
2.862964061577721964e+02
2.864108084871771780e+02
2.864333385389214186e+02
2.863159907561120008e+02
2.861327204593951024e+02
2.861476641872304185e+02
2.863393084253461325e+02
2.861978039191394032e+02
2.862372363346709676e+02
2.863499222078953608e+02
2.863016855513752716e+02
2.861441431193232461e+02
2.861605877216832141e+02
2.863354546269687830e+02
2.862400034341465584e+02
2.861182667551425425e+02
2.863319363235701758e+02
2.861998836330833456e+02
2.859163280055078644e+02
2.862204692850542074e+02
2.862533957918734018e+02
2.861134915697048768e+02
2.861290076699259544e+02
2.864447823307993417e+02
2.863719107887544055e+02
2.864185610888447968e+02
2.863841138399608894e+02
2.865285158281687927e+02
2.864608093054920914e+02
2.863243384561366724e+02
2.862932729493377906e+02
2.862589189214222074e+02
2.861369831678121614e+02
2.861899452882068999e+02
2.861727189507162166e+02
2.862621549862757888e+02
2.864409105496649772e+02
2.863402941060907665e+02
2.862850789154480822e+02
2.860372331990981820e+02
2.863138383520271759e+02
2.863159701795020169e+02
2.861010780071158592e+02
2.861537746038989667e+02
2.862257737608976527e+02
2.860485058570424144e+02
2.862420525038006076e+02
2.863395724628811081e+02
2.862434305155705943e+02
2.862934413893135002e+02
2.863079045178762385e+02
2.860855645185637854e+02
2.863009846497278090e+02
2.861914938280286833e+02
2.863081908753768516e+02
2.864677626415623308e+02
2.862660382229370271e+02
2.863514136356641870e+02
2.862892270277843068e+02
2.863931538627374493e+02
2.864568510216301434e+02
2.863805602834107162e+02
2.865327761505240574e+02
2.864986891740056194e+02
2.866522765305257394e+02
2.867241606850683411e+02
2.864926883232980686e+02
2.862990286032085692e+02
2.864992172985207617e+02
2.865987677626438312e+02
2.867673559030934030e+02
2.867512011933834515e+02
2.865582794925240364e+02
2.866669086833239248e+02
2.866821351893443079e+02
2.868742377634056311e+02
2.868566054369234166e+02
2.868646118008687154e+02
2.868583315911226919e+02
2.868692091574204142e+02
2.872254883934899681e+02
2.869750878187412013e+02
2.868039398734105703e+02
2.871782628978473895e+02
2.872731819381892819e+02
2.870794362187269826e+02
2.871398620875653478e+02
2.872315382230914906e+02
2.870542405930180507e+02
2.873075960776561715e+02
