2.871114428621971228e+02
2.870446479786183431e+02
2.868172573351217238e+02
2.870468094072865597e+02
2.868974319659807861e+02
2.870379060186461970e+02
2.870268871916509283e+02
2.870677209059677466e+02
2.871710601085756593e+02
2.870525296597599549e+02
2.870386541033408889e+02
2.870088208395504239e+02
2.870384699110546194e+02
2.869529276540977776e+02
2.869090467199294494e+02
2.869269596928880333e+02
2.868351998334432551e+02
2.870116471393254756e+02
2.869846202814135268e+02
2.871199043539454578e+02
2.870905105404523852e+02
2.870583498290205284e+02
2.871104652768339633e+02
2.871135224439819353e+02
2.870138664276933582e+02
2.868711535412804210e+02
2.868514966768855743e+02
2.869647562227103208e+02
2.870403984081631279e+02
2.869001004145401907e+02
2.869788620741446721e+02
2.869407510167630448e+02
2.869611666274165032e+02
2.868596812481721940e+02
2.865540676638079844e+02
2.866080151925998507e+02
2.867748750858619928e+02
2.868687045042435670e+02
2.869191388394586397e+02
2.868201395671793534e+02
2.868609898182801885e+02
2.867853870532482006e+02
2.869139095738327683e+02
2.867061451934202410e+02
2.868865472837690618e+02
2.869241128954905093e+02
2.868639390768498174e+02
2.868961074099705115e+02
2.868487252411341046e+02
2.869581936248665670e+02
2.868179916230595836e+02
2.868648708791890272e+02
2.869259045851610495e+02
2.868416480129629349e+02
2.868277694574567818e+02
2.869370227101955493e+02
2.867920788797172804e+02
2.868171447793118318e+02
2.868493052864875494e+02
2.868902453125164698e+02
2.870114095794651803e+02
2.867822408972263588e+02
2.867273264181860100e+02
2.867064493628395780e+02
2.868023603518629443e+02
2.866183583154228813e+02
2.868711642847376879e+02
2.869363546067629045e+02
2.870181699346571804e+02
2.870129948557384409e+02
2.870458762584297574e+02
2.871112254915486233e+02
2.869373202934348228e+02
2.869469398119210268e+02
2.871686260422011401e+02
2.869391707879886440e+02
2.868574290871749213e+02
2.868375406368730864e+02
2.869073616576795303e+02
2.870602070279648501e+02
2.869754645948526672e+02
2.869758864177594546e+02
2.868529130408879837e+02
2.871096111130910344e+02
2.871476075068738965e+02
2.870788407554294395e+02
2.870698558824528845e+02
2.870505352465365263e+02
2.871534732119478690e+02
2.871585746912245440e+02
2.871200236047370140e+02
2.870992664421156064e+02
2.871127357300251788e+02
2.869975541710172706e+02
2.871229956666997509e+02
2.869953569191788461e+02
2.871147946806752316e+02
2.871023146579541390e+02
2.869891939280461202e+02
2.871474104007345431e+02
2.871273648086373669e+02
2.870682780556226135e+02
2.871967297251924833e+02
2.871674049414801289e+02
2.869761391798002137e+02
2.871695759949215017e+02
2.870843727908217602e+02
2.868832603512710762e+02
2.869257831429265480e+02
2.869673735899959865e+02
2.869026954736231687e+02
2.870070514141850708e+02
2.869231352998828015e+02
2.867996484085668953e+02
2.868806835366704036e+02
2.867492808378568725e+02
2.867593222849081371e+02
2.867793714393515074e+02
2.869946005162773304e+02
2.869397154662694902e+02
2.868377535486895340e+02
2.870407265893942963e+02
2.869321983420726951e+02
2.870000496811881590e+02
2.868832825421802113e+02
2.868077587487956066e+02
2.869616256699519568e+02
2.868911263086825443e+02
2.871075044689954439e+02
2.871213772868230762e+02
2.869761811377935601e+02
2.869061480829110451e+02
2.869596571665029501e+02
2.868815350974966236e+02
2.870464790782120872e+02
2.871177097205427913e+02
2.873596951927656278e+02
2.871588138659685683e+02
2.872179842940393542e+02
2.873606211697248796e+02
2.873513182558700692e+02
2.874630715466180959e+02
2.871612975505045142e+02
2.872055736002383810e+02
2.872219218506808716e+02
2.871549615943534945e+02
2.872399041920958780e+02
2.874213562802891033e+02
2.874849741241414449e+02
2.875544783867217689e+02
2.873832603043782115e+02
2.876133846293404872e+02
2.876614636846422286e+02
2.874728602585273620e+02
2.876007874980658698e+02
2.876012010770618303e+02
2.875545475441647341e+02
2.877039655813815102e+02
2.876480702646896930e+02
2.877291950709582693e+02
2.877513271526423182e+02
2.877138692077353994e+02
2.878324272549224929e+02
2.878969859899713128e+02
2.878842537379533155e+02
