2.869667977052112064e+02
2.870420824209131183e+02
2.869346829934721086e+02
2.868448556051940841e+02
2.867964382591935077e+02
2.869568156731361910e+02
2.870739093194792986e+02
2.870029888759673327e+02
2.870959021548712258e+02
2.871902242157591445e+02
2.870046236855343409e+02
2.871923030385007110e+02
2.870981631138865851e+02
2.870710973901624925e+02
2.869700817821055239e+02
2.871318461641627096e+02
2.871183652467327079e+02
2.869009037842878911e+02
2.870295176500339949e+02
2.871072085645428729e+02
2.870572260294106286e+02
2.869829642502996307e+02
2.870912192655712261e+02
2.870531199218015104e+02
2.870767094582488426e+02
2.869747342327435149e+02
2.870658768255959217e+02
2.870226205536792463e+02
2.869905954519769011e+02
2.872362084909829605e+02
2.870835437820861102e+02
2.870943617359620816e+02
2.870106206397899200e+02
2.869546422784579818e+02
2.866734797124007628e+02
2.866945064920659547e+02
2.868771721948410800e+02
2.868705849476418166e+02
2.868355474396612976e+02
2.868230630082550761e+02
2.868152006002824805e+02
2.868756178435800734e+02
2.869307882544671315e+02
2.870320755031134468e+02
2.871084325625590736e+02
2.870415513495563005e+02
2.872270356438365866e+02
2.871232503438311028e+02
2.870193989661896694e+02
2.869390146777361110e+02
2.871002400998526696e+02
2.871286928452560119e+02
2.868892501447778045e+02
2.868676944925682051e+02
2.868373154613004203e+02
2.870857173255747625e+02
2.869876261383383849e+02
2.867925920368006700e+02
2.868286328310333602e+02
2.868443889909753466e+02
2.870783901206560245e+02
2.869998190429130887e+02
2.870568647368369284e+02
2.869421831774811835e+02
2.871003798719049769e+02
2.870749805241129593e+02
2.869347053210584022e+02
2.871026599326765449e+02
2.870615945587523470e+02
2.868413414067130702e+02
2.870027410514635449e+02
2.869549247762191726e+02
2.868360738447687481e+02
2.868394479273371189e+02
2.869075688044343337e+02
2.868420443495520544e+02
2.869170027789252231e+02
2.870212676787443229e+02
2.869345517007017747e+02
2.869573240013581312e+02
2.868897674235228692e+02
2.868681382528919244e+02
2.870122228724567890e+02
2.871831895568080881e+02
2.870250397623193521e+02
2.870471721468694000e+02
2.870817151902973023e+02
2.871418688691192642e+02
2.870570199916567162e+02
2.870579641893919529e+02
2.870325030894452425e+02
2.870861756294145266e+02
2.869828378364247783e+02
2.871661582624630569e+02
2.871220780562803725e+02
2.869655809587125077e+02
2.871148594859459422e+02
2.869766286265751773e+02
2.870606353237779444e+02
2.869167567538972321e+02
2.869243216018708154e+02
2.869457069014382000e+02
2.869701441189101843e+02
2.870385596128926409e+02
2.870564038951219459e+02
2.869262313203512349e+02
2.869307927892542125e+02
2.870132056621006313e+02
2.869235033435147102e+02
2.870383905768001682e+02
2.869819938686678711e+02
2.869312756624057670e+02
2.869913083134787826e+02
2.868608640184966134e+02
2.867719295820176626e+02
2.867388317977720931e+02
2.866191959923139052e+02
2.867342401891924055e+02
2.868659182043220994e+02
2.868250001814803340e+02
2.867417400892954333e+02
2.866693842754070261e+02
2.867217640166359729e+02
2.867315514019488205e+02
2.867386003388307358e+02
2.869408633826520827e+02
2.867474379941687630e+02
2.868690024703144559e+02
2.868386117525245140e+02
2.868473234866357302e+02
2.869447043605242129e+02
2.870615671697829043e+02
2.869774014960262321e+02
2.868207576306751889e+02
2.869470375603610250e+02
2.869816810295470191e+02
2.868585173826492678e+02
2.870169090437441923e+02
2.870451506216509188e+02
2.872058813764047045e+02
2.872773104412715952e+02
2.871516255549924495e+02
2.867753441534965191e+02
2.867935284899947987e+02
2.868992528730204299e+02
2.869795880053041515e+02
2.871320873491551424e+02
2.871948206555603065e+02
2.872743558843806113e+02
2.874064651402220534e+02
2.873953525455215754e+02
2.874593545001757775e+02
2.875494851288341920e+02
2.875653823969544760e+02
2.875397933190052981e+02
2.873842049316068028e+02
2.875692961281161502e+02
2.875893676849822782e+02
2.877723350144324854e+02
2.876419414029429049e+02
2.876875567444661215e+02
2.878842235606969098e+02
2.879537334593301239e+02
2.880221486921959126e+02
2.880482225312018159e+02
