2.873223401038907241e+02
2.872415779016774877e+02
2.871374599517753268e+02
2.873397000224350109e+02
2.872253891270805752e+02
2.871236310791790629e+02
2.872611670816792184e+02
2.872904382966955268e+02
2.873530944175129775e+02
2.870846809607654109e+02
2.869999772651593730e+02
2.870270368878287286e+02
2.872041784378478155e+02
2.871450655196584307e+02
2.871766013714691894e+02
2.870503042956592594e+02
2.870762173204849432e+02
2.871139676893374713e+02
2.870684840433901286e+02
2.870263299056006190e+02
2.870496449386556037e+02
2.871931059874523839e+02
2.870257105108634619e+02
2.869939773421844507e+02
2.869544537230239598e+02
2.871449399759638936e+02
2.872899505160334570e+02
2.872278624432961465e+02
2.870622673089961268e+02
2.871095908570513870e+02
2.871092666008459560e+02
2.870206058391443662e+02
2.870647834488991634e+02
2.870927830659811093e+02
2.866918181640156149e+02
2.867884010827911538e+02
2.869562859000292860e+02
2.869475351648714536e+02
2.870528639155739938e+02
2.870100974590939700e+02
2.870126004696343216e+02
2.870514030105969141e+02
2.869458227610752488e+02
2.869763714645108053e+02
2.870509157238140006e+02
2.872163861948322392e+02
2.872347311286650324e+02
2.871754182909543260e+02
2.871496343755439398e+02
2.870469478976675646e+02
2.870623428461857429e+02
2.870440238407190918e+02
2.869529427144248075e+02
2.869456056816262048e+02
2.869350090297566567e+02
2.870933192881771561e+02
2.870440611546273999e+02
2.870216659219649955e+02
2.869905859820825640e+02
2.870159141455901590e+02
2.870522468325125942e+02
2.869836790200044447e+02
2.870597748492218670e+02
2.871826775060321211e+02
2.872364374124011306e+02
2.871024988459191718e+02
2.871382765448775558e+02
2.872449380006956403e+02
2.871503116166472296e+02
2.872453088012842386e+02
2.871808843953391488e+02
2.870699244968037647e+02
2.869902847069394625e+02
2.871340530159333753e+02
2.872873206662531516e+02
2.872606829536896385e+02
2.872523110295113042e+02
2.872879662716405278e+02
2.873356061000278032e+02
2.872031160494237838e+02
2.872904353366292298e+02
2.872824430224161461e+02
2.873688082443622420e+02
2.873151765942039333e+02
2.873511536353821043e+02
2.874293450350387502e+02
2.873334631631133220e+02
2.873946720788506468e+02
2.874303576844888539e+02
2.875083718090405682e+02
2.874779747380349022e+02
2.874430595507040493e+02
2.875295044207123283e+02
2.874271137800749329e+02
2.873119261886853906e+02
2.872643104098193021e+02
2.873202629588662376e+02
2.875343584881545098e+02
2.876371615763885643e+02
2.873659614634629520e+02
2.871649504876044716e+02
2.871022361170894328e+02
2.873060630036229099e+02
2.872948364776544281e+02
2.871573358907106694e+02
2.873728887996268782e+02
2.874084934200278099e+02
2.873318805068875577e+02
2.873903656657877832e+02
2.873412218100033897e+02
2.874020590591553059e+02
2.873895916877028185e+02
2.873191009221979471e+02
2.873933472623051557e+02
2.873053089219024514e+02
2.873280869573134737e+02
2.872325090650568313e+02
2.871763573924295088e+02
2.871919990856119398e+02
2.873204216210729669e+02
2.873366810529038844e+02
2.873471390369043661e+02
2.873637287743100615e+02
2.873601838708495393e+02
2.873619052598909889e+02
2.872119955817491928e+02
2.872361214924582100e+02
2.873050619989911070e+02
2.873144426945356713e+02
2.874628387813830273e+02
2.876180347172003735e+02
2.875727361586893380e+02
2.875932928152925001e+02
2.874409513772824312e+02
2.874247254956927122e+02
2.873605177131904043e+02
2.873489907646007282e+02
2.873337220809185624e+02
2.874520755722256808e+02
2.875265798915008304e+02
2.877274981466289319e+02
2.876153538174798427e+02
2.874475379288687122e+02
2.876700319391073322e+02
2.878143159104768074e+02
2.877330394283575856e+02
2.877704442505626048e+02
2.878303628828642218e+02
2.878839842064682557e+02
2.879350533113720871e+02
2.878919693982873014e+02
2.879916769655827125e+02
2.880397073480916674e+02
2.879167138464051163e+02
2.878857130265377577e+02
2.880472245557583619e+02
2.879149921441467654e+02
2.877816240223808677e+02
2.878726649772185624e+02
2.879633904972992013e+02
2.880736015147674038e+02
2.881183679273852363e+02
2.881372226290985168e+02
2.882521576511863373e+02
2.881282538128517672e+02
