2.873405486084583913e+02
2.874010733150831243e+02
2.872619474839353870e+02
2.872303427650936669e+02
2.874011928440008319e+02
2.876172496552632651e+02
2.873981686807503024e+02
2.872539392816956934e+02
2.874061573107766776e+02
2.873156812398381135e+02
2.872961646049309934e+02
2.874014721971100244e+02
2.871219070969369227e+02
2.871732586323179248e+02
2.873356803234696031e+02
2.874967463230239559e+02
2.875562078358722147e+02
2.871360580570690217e+02
2.871520034751692378e+02
2.873308593137406888e+02
2.872899336606836300e+02
2.873260052306965804e+02
2.872938228869121531e+02
2.872430821432940320e+02
2.873508541245858510e+02
2.873104712361857764e+02
2.872293375378511087e+02
2.872690822424686417e+02
2.873640573530768165e+02
2.873921197324773971e+02
2.872637813485580409e+02
2.873370064568607063e+02
2.873435924090251774e+02
2.872195822376579599e+02
2.869539290669907246e+02
2.869218001725512863e+02
2.870611167417166030e+02
2.871455102585978238e+02
2.870458794030113836e+02
2.871442375272103504e+02
2.872330667683106071e+02
2.872612566689832079e+02
2.872825039059576966e+02
2.872257889281529515e+02
2.872553194268256789e+02
2.873887621614592831e+02
2.876121680454321563e+02
2.876269041660310108e+02
2.872176160180724764e+02
2.871725716506760477e+02
2.873385479553434152e+02
2.872181506279850964e+02
2.872565304511845170e+02
2.871757041040304443e+02
2.873217601342327612e+02
2.873807833811417822e+02
2.873239650903576035e+02
2.873333894474305907e+02
2.872636967776163033e+02
2.873239081751464141e+02
2.872425917635103474e+02
2.872958347852571137e+02
2.872383235552090923e+02
2.871407382319119392e+02
2.872138484499611764e+02
2.873691560730217702e+02
2.874074509565164135e+02
2.874823167214093473e+02
2.874027629085902049e+02
2.875279521177022275e+02
2.874506268898907706e+02
2.874288764078518739e+02
2.874263137514786308e+02
2.876003281511032696e+02
2.876528719254982320e+02
2.876197122789088780e+02
2.875468552859375677e+02
2.875564714691012682e+02
2.876144982872723972e+02
2.874330291086037619e+02
2.873470792712374191e+02
2.874368902478343557e+02
2.875184522522292241e+02
2.876461950365587086e+02
2.875880918740896846e+02
2.875064129515632771e+02
2.875194073766760994e+02
2.874181307871693321e+02
2.875538623282539561e+02
2.876870442164644714e+02
2.874348347620100981e+02
2.874013167594501397e+02
2.875307164891667071e+02
2.876022817993923013e+02
2.875816767290379516e+02
2.875505944165845449e+02
2.875823795407725356e+02
2.875859447124010444e+02
2.877876149863322439e+02
2.876490828783188363e+02
2.875637028958558972e+02
2.874199217271554403e+02
2.875457075274763952e+02
2.876270688995963383e+02
2.875883268636447383e+02
2.874574657053959186e+02
2.874566321862202471e+02
2.876111864248380243e+02
2.876940204315930600e+02
2.875968943436265022e+02
2.874414678447853930e+02
2.876132916659407215e+02
2.876919597826217796e+02
2.876106961884898965e+02
2.871052591802196616e+02
2.871856231731144931e+02
2.873023601475377404e+02
2.874022206286265373e+02
2.876826477515473357e+02
2.875801623919817871e+02
2.874432176849305733e+02
2.875932602327028462e+02
2.876656049243087523e+02
2.875240323003905587e+02
2.874057087669316957e+02
2.874979788885742664e+02
2.875411550522925950e+02
2.875634841507607575e+02
2.876307157531696816e+02
2.876520766555966588e+02
2.876215736384837669e+02
2.875590262920602527e+02
2.875815985939212851e+02
2.875690312650818328e+02
2.876606099300888104e+02
2.876538460967657329e+02
2.876348840683693879e+02
2.877261724667295653e+02
2.877430571969771336e+02
2.878839041721872150e+02
2.879782830056204830e+02
2.877733640381879354e+02
2.876296816518792525e+02
2.877685278554691308e+02
2.877483954993911652e+02
2.877882406636847463e+02
2.878903630770594759e+02
2.882083824953772364e+02
2.879004714427153431e+02
2.879318997428393345e+02
2.881666945815006216e+02
2.883390133468826093e+02
2.881759918668446403e+02
2.880614228693152654e+02
2.881663793464894070e+02
2.883152406554308413e+02
2.883076759893588132e+02
2.881847559705936419e+02
2.880916988350945189e+02
2.880199005441843951e+02
2.882009348000404430e+02
2.883930922036237803e+02
2.880494656711164794e+02
2.882470854162361888e+02
2.884996964785596560e+02
