2.856966322641346778e+02
2.856011159907263277e+02
2.856170206962269162e+02
2.856126308691726194e+02
2.855972470010419784e+02
2.856390045456632834e+02
2.855703346583861162e+02
2.856284255016990414e+02
2.856883146903305715e+02
2.856132135964879240e+02
2.856810243986670343e+02
2.856806719210821370e+02
2.856886850748027769e+02
2.856805737349576475e+02
2.857301661885000499e+02
2.857216956930816991e+02
2.857600343779832883e+02
2.856777723416802246e+02
2.855810238407801194e+02
2.856168039697616905e+02
2.855906864521651869e+02
2.856767993801399257e+02
2.857179283753211507e+02
2.856024036853626171e+02
2.856339093941410283e+02
2.856224457138538355e+02
2.856297438335174661e+02
2.856634206287736220e+02
2.854998929824258767e+02
2.856555290216308549e+02
2.858206697502953944e+02
2.856641834567530509e+02
2.856864766436967216e+02
2.855572204519065735e+02
2.853647855751829070e+02
2.854257888096199167e+02
2.855059555182245390e+02
2.856377342895326024e+02
2.857255808117195670e+02
2.856553347167749166e+02
2.856453366736968746e+02
2.856516640154888478e+02
2.856552126518142245e+02
2.856301477459754210e+02
2.855284263337039761e+02
2.855458525238286143e+02
2.855720772497284656e+02
2.855323337793042242e+02
2.854965189815208646e+02
2.855999992830533643e+02
2.855929327567186533e+02
2.855784734069109163e+02
2.854939216835498428e+02
2.854590031930844702e+02
2.854406629488724434e+02
2.854137155320994452e+02
2.855609622195743214e+02
2.853790068135354545e+02
2.853644070565815127e+02
2.854200877529508489e+02
2.853166677740164801e+02
2.852868528320107657e+02
2.855046137507268327e+02
2.855636950683284567e+02
2.854017259299596390e+02
2.854009501011949510e+02
2.854836619234027353e+02
2.855419403380436165e+02
2.856660184553613249e+02
2.857313503001939239e+02
2.856133174170888083e+02
2.857212439787496123e+02
2.856310910540025816e+02
2.855104750538818621e+02
2.855194926552106267e+02
2.856552686563585439e+02
2.855711743938835525e+02
2.854822077445829223e+02
2.856490424192035675e+02
2.856453036314254632e+02
2.854538804488475989e+02
2.856835797814551370e+02
2.855657964959851824e+02
2.855583958134483851e+02
2.855628761048267279e+02
2.858085780607116817e+02
2.858393564113138154e+02
2.857597392689831395e+02
2.856048394920251781e+02
2.856602394510167073e+02
2.857023676442560713e+02
2.856374880139413222e+02
2.856447083952232902e+02
2.856727826051637180e+02
2.856261137509242758e+02
2.856299244743976828e+02
2.856242046991472989e+02
2.855385501325598057e+02
2.855400867987848983e+02
2.856212895513256740e+02
2.857629105343883680e+02
2.857484577950983748e+02
2.856817858084887689e+02
2.856563566122048883e+02
2.856942063059564134e+02
2.857158005265294491e+02
2.856442994313921986e+02
2.856750791886548200e+02
2.856455182918282389e+02
2.855838405299997476e+02
2.856733231828733892e+02
2.857503728450154199e+02
2.857531750099555552e+02
2.857336082104320099e+02
2.855791059585108087e+02
2.855111386374886138e+02
2.854980654349834595e+02
2.854915677354127297e+02
2.856709439938900346e+02
2.855598704965856314e+02
2.857345736158814020e+02
2.856296770841439638e+02
2.856282428744409003e+02
2.856471913628234347e+02
2.856815331783841430e+02
2.857005189595651586e+02
2.857064645350627643e+02
2.856715798756090408e+02
2.857801112940185817e+02
2.857297875315286433e+02
2.858255348302804464e+02
2.857856536988520588e+02
2.858370284729967921e+02
2.859030785678055508e+02
2.859025255102483811e+02
2.860125006014959581e+02
2.858487089221451356e+02
2.859733627709720167e+02
2.859952015662670988e+02
2.860928779864805733e+02
2.859615394640121053e+02
2.860109426473963481e+02
2.859406921676987849e+02
2.858988646819571500e+02
2.861897633248334500e+02
2.860321365342766171e+02
2.859881507836009291e+02
2.861615946704873181e+02
2.861185298133867150e+02
2.861649299553825472e+02
2.863839178671327090e+02
2.864516124090775406e+02
2.863163917087986192e+02
2.863851938011238758e+02
2.863757220412319953e+02
2.863143806104495184e+02
2.864264476134903248e+02
2.865529960534449287e+02
2.864552409862262152e+02
2.864864907301906101e+02
2.865028364868039148e+02
2.864930405312042012e+02
2.863973216623085705e+02
2.865458456802729756e+02
2.865526032919435124e+02
