2.875452170810164034e+02
2.875994500835561212e+02
2.876499292345524736e+02
2.875761949711406373e+02
2.875229019865302575e+02
2.874235654067741734e+02
2.875083009155709419e+02
2.877499688438633143e+02
2.876679185683770470e+02
2.876807923313854758e+02
2.876106428004126201e+02
2.875595908855394214e+02
2.874693653870490948e+02
2.875053883378917021e+02
2.876102686192785427e+02
2.874884259228986139e+02
2.875440538567798399e+02
2.875657044507859155e+02
2.875326435646570076e+02
2.875875221738057803e+02
2.875211163789697935e+02
2.875764698469525342e+02
2.875963737936221492e+02
2.876500684465859763e+02
2.877097680962203299e+02
2.877340138277781421e+02
2.875931766953150373e+02
2.877367488290779534e+02
2.877949406417849900e+02
2.877534045197932642e+02
2.875581255594820504e+02
2.874480308698517206e+02
2.877321748021772123e+02
2.877334778170737195e+02
2.873517238773167151e+02
2.874516134954028530e+02
2.875517863331722879e+02
2.876190707126525012e+02
2.876922813222586797e+02
2.876011374703593901e+02
2.875482168389398225e+02
2.875073633978490193e+02
2.875985197129296580e+02
2.876130202763008015e+02
2.877874642734595909e+02
2.878307454934956695e+02
2.875818979935485800e+02
2.876085340754238473e+02
2.876813867581243471e+02
2.874845153023810553e+02
2.875442840332210039e+02
2.876885336809512523e+02
2.876849969067342840e+02
2.872359259825452114e+02
2.872010595907108836e+02
2.874697704272592773e+02
2.876320664115023078e+02
2.876680932118323994e+02
2.875079799562497556e+02
2.874405421558031435e+02
2.875837489161408485e+02
2.876730016751697008e+02
2.875126990801265379e+02
2.874903736647747223e+02
2.875114145792776412e+02
2.875957011701991064e+02
2.876050063911117718e+02
2.877555425805705909e+02
2.878840827322285350e+02
2.879699921254053265e+02
2.878341248340026937e+02
2.876315212550516094e+02
2.877039717428266954e+02
2.875955120041286364e+02
2.876501498638182284e+02
2.876932060612151076e+02
2.877613921755999513e+02
2.877281092577836148e+02
2.877200250660258689e+02
2.876234291643783649e+02
2.876211253756114843e+02
2.876467645769179740e+02
2.877104225569209461e+02
2.877639032401941677e+02
2.876176023457715587e+02
2.877135810540943908e+02
2.879035454578414033e+02
2.880536812251825722e+02
2.876987183018288192e+02
2.877005565280442738e+02
2.878697453906477790e+02
2.879390790112512946e+02
2.878738436744108071e+02
2.879283912671425583e+02
2.876916204778158885e+02
2.876634453486312850e+02
2.877884715712378352e+02
2.878703836184973284e+02
2.879801941145641422e+02
2.880134658311547469e+02
2.880554412531545836e+02
2.880554549652576384e+02
2.879713931334075596e+02
2.878607677734882486e+02
2.879436995213326895e+02
2.879040893808964370e+02
2.878977640917241274e+02
2.877742659452280805e+02
2.877874821564086005e+02
2.879111652000290178e+02
2.879350599369128645e+02
2.878403355876303067e+02
2.878057751240837661e+02
2.876320964668058764e+02
2.876181024394995802e+02
2.877794898096493625e+02
2.879110465210335974e+02
2.877732018007035890e+02
2.877617852453026330e+02
2.877971809162056047e+02
2.878155307390641724e+02
2.877799649473984118e+02
2.877510777414713061e+02
2.877866809762321623e+02
2.878585054296571002e+02
2.880262592422635635e+02
2.880073800163933697e+02
2.877332203375410131e+02
2.877283857315875366e+02
2.878515556186659410e+02
2.879841162546151736e+02
2.881331736783226347e+02
2.881055069340206387e+02
2.879142400596613811e+02
2.880100990953528139e+02
2.881848306966882092e+02
2.883697817796189042e+02
2.883076416825009574e+02
2.880882392904955509e+02
2.882413349045781956e+02
2.884704073865279952e+02
2.884448730144061415e+02
2.878053105480945533e+02
2.878916270211607866e+02
2.882586253392626645e+02
2.882858308332434945e+02
2.883311136817855527e+02
2.884843245069471891e+02
2.886116617088674730e+02
2.884181306689941380e+02
2.882498395825433022e+02
2.884562697362510448e+02
2.886373944493185491e+02
2.886606494533366458e+02
2.883750173503291876e+02
2.884182745924429696e+02
2.887020013897056288e+02
2.888620917481169386e+02
2.886033048941789616e+02
2.884568628680028723e+02
2.884786373627069338e+02
2.886013518901023645e+02
2.887843064639545219e+02
2.889454848823018551e+02
2.886927935709205144e+02
