2.871814687585919614e+02
2.872322054579239534e+02
2.872891015662827954e+02
2.870526175085516343e+02
2.873316316174746134e+02
2.874981454265138723e+02
2.872673539567462058e+02
2.872844347362777739e+02
2.872849758579280319e+02
2.872653354809204416e+02
2.873479531742589757e+02
2.875138399633794961e+02
2.873881269665043874e+02
2.872533764941536560e+02
2.872544113194803117e+02
2.872648916423992773e+02
2.872527744259606948e+02
2.872703783638681898e+02
2.874284776687454155e+02
2.874601578062942622e+02
2.871886634410331567e+02
2.872793111653751907e+02
2.873070666365774741e+02
2.874269101006437381e+02
2.874068925023923953e+02
2.875092726338256739e+02
2.876153089802166960e+02
2.875119127274595598e+02
2.875568217131100823e+02
2.875322301351986312e+02
2.874927995267732399e+02
2.874325520551817021e+02
2.872937415738184086e+02
2.872704244964992313e+02
2.872109359392477472e+02
2.872712461999303741e+02
2.870903589180350650e+02
2.871818891318425244e+02
2.874216953573236424e+02
2.875823159920080911e+02
2.874857420195457394e+02
2.872896444008127901e+02
2.872632072573242681e+02
2.873506149629488391e+02
2.874292789456633841e+02
2.874046076537383101e+02
2.871732725795382066e+02
2.871822589360817233e+02
2.873977024441664412e+02
2.873523220593348242e+02
2.874456878921353677e+02
2.873642791166662960e+02
2.873850448846661152e+02
2.872165207490687635e+02
2.871563626643753651e+02
2.872171058313996923e+02
2.873360406455169596e+02
2.872232581290482472e+02
2.870914427124251347e+02
2.873423782390170800e+02
2.874743411392234407e+02
2.873235059161060576e+02
2.873538857397882680e+02
2.871957493604686533e+02
2.873158024635939682e+02
2.872602735161053715e+02
2.870994618679865766e+02
2.873677727190825522e+02
2.873362787711208171e+02
2.871879633085518435e+02
2.872725907690780218e+02
2.872469783110234971e+02
2.873140717631542316e+02
2.876772048532548638e+02
2.875285482483091641e+02
2.871609125894642034e+02
2.874784668546258786e+02
2.874115131330439112e+02
2.872361700229639041e+02
2.873079925777766448e+02
2.874094894398357951e+02
2.875212483681655726e+02
2.875974399553273884e+02
2.876164607234977098e+02
2.874416137321101701e+02
2.875809602454044125e+02
2.876066241395892007e+02
2.876390388639912317e+02
2.875462535212253101e+02
2.874761393221082244e+02
2.875729081396708011e+02
2.876020831983419157e+02
2.874288817623993850e+02
2.874988921418382688e+02
2.876010430708258809e+02
2.874685734843947671e+02
2.873600213769568086e+02
2.874104840438683368e+02
2.876338537120780074e+02
2.875317451107674174e+02
2.875510807316055661e+02
2.876501143013613842e+02
2.876986147583248226e+02
2.873464185208536037e+02
2.873599226132130866e+02
2.874972765307730924e+02
2.875570554241535888e+02
2.874711283252320868e+02
2.874375584672970376e+02
2.876339573049323235e+02
2.877741287733936701e+02
2.876218304410123778e+02
2.874458103289971973e+02
2.873805573769452621e+02
2.872379733085825251e+02
2.874567253641901630e+02
2.872719420608377732e+02
2.872520285193954237e+02
2.872528854330410013e+02
2.874815577274884504e+02
2.873545755930192627e+02
2.873964880008440446e+02
2.872702363108836039e+02
2.874256214089749051e+02
2.874508894489582076e+02
2.871131633413962732e+02
2.873280862130002902e+02
2.873531376842016698e+02
2.874199411790763179e+02
2.874598918754766714e+02
2.875605895392548064e+02
2.873656149039243246e+02
2.873340329742171093e+02
2.873087098490584594e+02
2.871834396208603835e+02
2.873547841667764828e+02
2.875112545497157726e+02
2.874538509107130722e+02
2.875284584146868951e+02
2.877279634564718549e+02
2.878043939318506546e+02
2.874642388651111560e+02
2.874245964518750611e+02
2.874355778898400899e+02
2.874839027461700312e+02
2.876070055374158869e+02
2.876052279091729815e+02
2.877273694582380585e+02
2.878674008783162321e+02
2.879895829915050172e+02
2.878983010477275002e+02
2.879459731958115185e+02
2.880467527225720801e+02
2.880863797274215017e+02
2.879625802874220994e+02
2.879972643356379081e+02
2.881751871591976624e+02
2.881002638200278625e+02
2.880943125621954550e+02
2.882574198410277972e+02
2.882045037364650852e+02
2.881939426870250713e+02
2.882593749032600385e+02
2.881291032522443061e+02
2.882944926820861156e+02
