2.871159870415983164e+02
2.872817654310928788e+02
2.872392500304859482e+02
2.871962331517216285e+02
2.871986484824545300e+02
2.874035021487332529e+02
2.874630561881843960e+02
2.874342551129601020e+02
2.873457837475055499e+02
2.872818970557745502e+02
2.873559407779387698e+02
2.873070974616362605e+02
2.870879912695035614e+02
2.872017842519048827e+02
2.873510573593834465e+02
2.874280116270545022e+02
2.872788914799906479e+02
2.870584966878959108e+02
2.871878084167735210e+02
2.873490536721182025e+02
2.873664509476211606e+02
2.872699806918637364e+02
2.872245955135439885e+02
2.872139101469124398e+02
2.872454985760237491e+02
2.873925536410347945e+02
2.872618534673932231e+02
2.873584411707792583e+02
2.874023534782403999e+02
2.872788397889581233e+02
2.872060475097321728e+02
2.872955639687531857e+02
2.872964126342619124e+02
2.872948517701781270e+02
2.872272294254350413e+02
2.871674636845659165e+02
2.870699264107808517e+02
2.871163354097022307e+02
2.871823401052698159e+02
2.872463591574424413e+02
2.871374671680699180e+02
2.872488095053066672e+02
2.873164449854988902e+02
2.873128541681397223e+02
2.873379487841399964e+02
2.874618016533095215e+02
2.873490253623351123e+02
2.874697571217826635e+02
2.874571895108546187e+02
2.873778865729305494e+02
2.872146368802679604e+02
2.873127269424538213e+02
2.874517762976283279e+02
2.872337312890218755e+02
2.872898369899708655e+02
2.872024251692502617e+02
2.872534439859320514e+02
2.872534893010940209e+02
2.872618469465228372e+02
2.873793541902406901e+02
2.873914557795250175e+02
2.872595045243095342e+02
2.871854098641805990e+02
2.872164367910175429e+02
2.873303667734199394e+02
2.874017495822885166e+02
2.874076386622003270e+02
2.873317500431645044e+02
2.872115416279090709e+02
2.874100840652026250e+02
2.875648525248188889e+02
2.874280213091818155e+02
2.872797227603230681e+02
2.873762097315506594e+02
2.874421470306760398e+02
2.874888051564872171e+02
2.875815857989545634e+02
2.873562323299473178e+02
2.872882476419257500e+02
2.873610891581146802e+02
2.873602964416193686e+02
2.873844004604820270e+02
2.872368568488691949e+02
2.873210294403010607e+02
2.872940916341955244e+02
2.874093464502449820e+02
2.877055529856544922e+02
2.874858150005975403e+02
2.873229521386896863e+02
2.874678901459537883e+02
2.875643382259643772e+02
2.875569991150733244e+02
2.874145650965913887e+02
2.874357680638053125e+02
2.875312972053402518e+02
2.876270127677555024e+02
2.873849524866666911e+02
2.874691559440854576e+02
2.875338257189632145e+02
2.875514397306171190e+02
2.877317537532559868e+02
2.876407124921976219e+02
2.875503221985246682e+02
2.875792203553747299e+02
2.874532416291049230e+02
2.875321944440174775e+02
2.874828610432742266e+02
2.874070741825391906e+02
2.875769037809147903e+02
2.874872172089172295e+02
2.873807001471453191e+02
2.873538499172744309e+02
2.874691976507857021e+02
2.873727604412327423e+02
2.872011687670067204e+02
2.874900244026953828e+02
2.874963334701341182e+02
2.874939012526020292e+02
2.874128643719401452e+02
2.873746765573603739e+02
2.873456855106380203e+02
2.873611708391957222e+02
2.875827830358211372e+02
2.874054811549167994e+02
2.874399271833435137e+02
2.875667091448846691e+02
2.875364608866332787e+02
2.874680661886486064e+02
2.874646663400234843e+02
2.875718832444261466e+02
2.876612599289180139e+02
2.876404005292504849e+02
2.873935262884322128e+02
2.874964714748084589e+02
2.877334266935413893e+02
2.877617093488793785e+02
2.875267637867663666e+02
2.877005052091460016e+02
2.879494921831770284e+02
2.878044660175349918e+02
2.877629964617192400e+02
2.878124508184576484e+02
2.876892821284709498e+02
2.878512601092457430e+02
2.876013200570151298e+02
2.876258320927640284e+02
2.876557315606277712e+02
2.877291293829762822e+02
2.879784306593798533e+02
2.880176604258247721e+02
2.879112093101480809e+02
2.880487715139730085e+02
2.882916597569707164e+02
2.880982100028343780e+02
2.880398996480458891e+02
2.883359336595164564e+02
2.881784045102219238e+02
2.880595921065054767e+02
2.882602751400638113e+02
2.882600395016968946e+02
2.882266444269121166e+02
2.881468737868440826e+02
2.881797615890905604e+02
2.883192554151816580e+02
2.883863538023645106e+02
