2.872265747239051166e+02
2.873176414968830272e+02
2.871759123412757617e+02
2.871849636931536338e+02
2.872227645386482777e+02
2.872392949759859562e+02
2.871921873525752176e+02
2.872538677908636373e+02
2.872864838348364174e+02
2.872999301452593954e+02
2.872299197501666868e+02
2.872365379060777855e+02
2.871344911628555678e+02
2.873128862635296059e+02
2.871426316674180725e+02
2.870180627517875109e+02
2.871081754986303736e+02
2.871321194379655708e+02
2.871573307662254706e+02
2.871405746633674312e+02
2.869690133824718146e+02
2.870023003853061709e+02
2.871002585311424582e+02
2.869911927310702708e+02
2.872151653295472897e+02
2.873632152939830462e+02
2.872093116631696148e+02
2.871580652325069991e+02
2.872082592487196848e+02
2.872280666834114982e+02
2.871571041956677846e+02
2.870613882525089480e+02
2.872353866246850771e+02
2.871295195103133437e+02
2.867292154105654163e+02
2.868314478828480674e+02
2.869489151150038992e+02
2.869141212401131611e+02
2.867891786350469943e+02
2.868783334681382371e+02
2.868101858891180882e+02
2.868781611571884582e+02
2.871120279682242540e+02
2.870193051713924888e+02
2.871329700369189482e+02
2.872705004166576828e+02
2.870754366591848452e+02
2.870053226235376655e+02
2.870580069405808104e+02
2.871301231179885463e+02
2.871297477228247317e+02
2.871800267532784687e+02
2.870601884696085904e+02
2.869213630205001664e+02
2.869048564965430046e+02
2.869458865466429529e+02
2.870206666812592289e+02
2.869770241784771656e+02
2.869191826179099962e+02
2.869910519994422771e+02
2.869509111612042034e+02
2.871166422090291803e+02
2.870341960097119340e+02
2.870015498834993650e+02
2.870349751600349464e+02
2.870990672281565708e+02
2.870087238705073673e+02
2.870943308346425056e+02
2.873949997934716407e+02
2.872721116406185615e+02
2.871142598421249090e+02
2.871739765159292688e+02
2.872714141850507872e+02
2.873388563753636049e+02
2.871738598452936344e+02
2.871803025316869480e+02
2.871710864288656353e+02
2.871593022411230436e+02
2.870424568153056839e+02
2.870285788010104966e+02
2.871495803558805733e+02
2.872756617049840884e+02
2.872387067880836753e+02
2.872744914199012669e+02
2.873606519019024290e+02
2.873456185517098334e+02
2.872428189155810401e+02
2.872300457132172937e+02
2.872790445343019314e+02
2.874725744137041374e+02
2.873517140673904464e+02
2.872867699917048299e+02
2.873965550249986336e+02
2.873323627390647630e+02
2.871970806400605625e+02
2.873816225663154000e+02
2.873169969422731924e+02
2.874173413925822160e+02
2.873776576349006859e+02
2.875816539169496195e+02
2.873542666679281865e+02
2.875231810482280821e+02
2.873353096803452900e+02
2.872854754514956426e+02
2.872218206329156942e+02
2.874865738277893570e+02
2.875167242152641052e+02
2.874647199089474157e+02
2.875101181307123284e+02
2.876307332928132041e+02
2.877185016807190436e+02
2.877405913217092461e+02
2.876830527298939728e+02
2.875502321247854525e+02
2.874673609251134963e+02
2.873400101657360324e+02
2.874336833503689945e+02
2.874755787808591663e+02
2.875409648058907806e+02
2.876328660688121772e+02
2.875451126232515549e+02
2.875795025439986716e+02
2.876583181546513401e+02
2.876241649154683842e+02
2.872890380727785100e+02
2.875407855963130714e+02
2.877155171596716059e+02
2.876672950758684237e+02
2.875587725258054093e+02
2.876391175924870822e+02
2.876960995702019659e+02
2.877644863580408128e+02
2.877523775866380333e+02
2.876384028509863242e+02
2.875052353479634917e+02
2.875836981072503136e+02
2.875122945783363662e+02
2.876174275218085654e+02
2.876754353084484706e+02
2.877991430834244966e+02
2.877093576415560392e+02
2.876403861116642702e+02
2.875011124632728183e+02
2.875008823447844861e+02
2.875416126974074018e+02
2.876698650198487144e+02
2.876421715674302959e+02
2.878070023531027459e+02
2.878333321836220762e+02
2.879335324034886412e+02
2.877587387384006092e+02
2.879042448157164245e+02
2.880446826226596500e+02
2.878958943563533239e+02
2.879784828024747299e+02
2.880238990911210522e+02
2.881503880814984200e+02
2.879941641820223595e+02
2.880579422446787703e+02
2.883108600684142857e+02
2.881570770719313259e+02
2.881445521521847013e+02
2.882747865835764856e+02
2.882530662330410109e+02
2.882049322857342304e+02
