2.858386032610941925e+02
2.860230001713572960e+02
2.858471949190896453e+02
2.860006479551842631e+02
2.859486186172404132e+02
2.859344287328566452e+02
2.859677873840670372e+02
2.858708728324805861e+02
2.858748218004632804e+02
2.857480568089945336e+02
2.858310489581128309e+02
2.858513527622455968e+02
2.856245817796189499e+02
2.857865447985282685e+02
2.859452688364357300e+02
2.856432582065895645e+02
2.857088975642067794e+02
2.857665727115311824e+02
2.858276601931630125e+02
2.859846289315524359e+02
2.861221870118956190e+02
2.860514271042421228e+02
2.860891310230380782e+02
2.859958078351722293e+02
2.861232958267756317e+02
2.862109542563425748e+02
2.861355625299358394e+02
2.860325235583890731e+02
2.858883293424584622e+02
2.860106658936727513e+02
2.861704419934732755e+02
2.860188125469184683e+02
2.861648855001623133e+02
2.862662494192572353e+02
2.856847786685093524e+02
2.856937574666706610e+02
2.858687754386685356e+02
2.858260316526744305e+02
2.860713001401080646e+02
2.860951798514209941e+02
2.860119098710269441e+02
2.858407417183038888e+02
2.859187016045238465e+02
2.859700414651175038e+02
2.861681955584932666e+02
2.861580095809280806e+02
2.861297805584002276e+02
2.860369852906288770e+02
2.861367794419484767e+02
2.861772507134213015e+02
2.861375560458679388e+02
2.860819061903456486e+02
2.862230432800474205e+02
2.860478774491296576e+02
2.858583655039768132e+02
2.860208313493412788e+02
2.861052736136310273e+02
2.862573350797283069e+02
2.863781410423025022e+02
2.861217934467023838e+02
2.858785172865379991e+02
2.861833381889373413e+02
2.861096371598554242e+02
2.858971591925272833e+02
2.860781674234694378e+02
2.860223646316351847e+02
2.861074470278194326e+02
2.862287984367384865e+02
2.861128842388727094e+02
2.862164745902136360e+02
2.858865904723294875e+02
2.860948503112822436e+02
2.861245220942008132e+02
2.860218770813781362e+02
2.860781188897172456e+02
2.862647744941367023e+02
2.861753515694131806e+02
2.864139768202578580e+02
2.864155755488004047e+02
2.860568299823259508e+02
2.861552033713157357e+02
2.861215316650672094e+02
2.861413963394279563e+02
2.861785883719468302e+02
2.863040705694068038e+02
2.861588286878737222e+02
2.862177338708369234e+02
2.863253999018563150e+02
2.862118205862262812e+02
2.860180719434075627e+02
2.860943031994852390e+02
2.861999069156441351e+02
2.862097877492947191e+02
2.862618013895734634e+02
2.863684736792637864e+02
2.861020444696941354e+02
2.862098802443387626e+02
2.864033046655293901e+02
2.862902917151943711e+02
2.862185160518642419e+02
2.862754107061389846e+02
2.861300969527812299e+02
2.861470168932676188e+02
2.861993928320725900e+02
2.864120770543494245e+02
2.862925685504746411e+02
2.861418824522202726e+02
2.864510094755041223e+02
2.865946640488540424e+02
2.863511237033683869e+02
2.863659925554943584e+02
2.864362996602931162e+02
2.864304154843717356e+02
2.862735598711454372e+02
2.862471907906368074e+02
2.862888527163070762e+02
2.862317974709035866e+02
2.863448992537417439e+02
2.863951898126883862e+02
2.863698088741790002e+02
2.864130612072814870e+02
2.865368616927616472e+02
2.864526149318378430e+02
2.863033539788922326e+02
2.864085559448560048e+02
2.864802908783510134e+02
2.864180792921465013e+02
2.863424938248767262e+02
2.865253725262724060e+02
2.865404970459373999e+02
2.865760518901954583e+02
2.869482076394874071e+02
2.867154148100514135e+02
2.865408327871005554e+02
2.866211124053531876e+02
2.866759080432433962e+02
2.867318809687744761e+02
2.865800513377460561e+02
2.866784914784882972e+02
2.866649740638429193e+02
2.866691375610199657e+02
2.866850422281175383e+02
2.865065367481396379e+02
2.866730659679350879e+02
2.864831229181141907e+02
2.866790779196436461e+02
2.868282053736239163e+02
2.867094946882925797e+02
2.868738000876127217e+02
2.869264289569733251e+02
2.869796355169794424e+02
2.868639752455797520e+02
2.870470752797875207e+02
2.868641103068823668e+02
2.869228004547302362e+02
2.871771123472862541e+02
2.869459618767282905e+02
2.869700763710811771e+02
2.871287347609346057e+02
2.872053746137527810e+02
2.873737103914328941e+02
2.873509633468947300e+02
2.873615783505719605e+02
2.875197906870190536e+02
2.874178673524261853e+02
