2.869838331262121187e+02
2.870102340465704742e+02
2.868799128134790521e+02
2.869248477344020216e+02
2.870436906161037882e+02
2.869784320172617527e+02
2.870388794156860968e+02
2.872562987793184561e+02
2.871123604651125447e+02
2.871022809739613990e+02
2.870420126781626209e+02
2.870390093158330842e+02
2.868924817510309708e+02
2.869510071137401610e+02
2.868790302991461090e+02
2.869618513736356249e+02
2.870544623834396134e+02
2.869801140118310059e+02
2.869032140415257004e+02
2.868838341152531370e+02
2.869951260890398999e+02
2.871357693505021302e+02
2.871951981854572864e+02
2.870713856690406942e+02
2.871663484424845478e+02
2.871299419031547018e+02
2.872789770141860686e+02
2.872942300728286114e+02
2.872027425060136352e+02
2.871813206487103685e+02
2.871274990663778794e+02
2.872486577139928841e+02
2.872739980201216667e+02
2.872348587969955815e+02
2.869468736117632375e+02
2.870668145346491542e+02
2.869955652352197717e+02
2.869958480175632189e+02
2.869899179698738862e+02
2.870200444984674277e+02
2.868820292206143563e+02
2.869050666123266069e+02
2.870935887926432883e+02
2.869918624816455122e+02
2.869671571092741829e+02
2.870095426252966604e+02
2.870400698044101091e+02
2.870443945999045923e+02
2.868989562964997617e+02
2.868296414277296549e+02
2.868714975686160642e+02
2.869164976058348202e+02
2.869785515506234788e+02
2.868209584578894464e+02
2.869717182555202157e+02
2.870136231258988460e+02
2.870197907759524014e+02
2.871066821817374830e+02
2.871632174925803724e+02
2.871572332940589263e+02
2.869983408115585348e+02
2.869974598230428455e+02
2.869028752164320508e+02
2.868018338133540510e+02
2.867841720172723967e+02
2.867592295400884836e+02
2.868751442361788691e+02
2.869366290957079855e+02
2.871442209501236107e+02
2.870087915432538352e+02
2.869830757049871863e+02
2.870457756562360601e+02
2.870744376896478229e+02
2.871522939362749298e+02
2.871045587144166689e+02
2.871842261327522579e+02
2.871191171496493553e+02
2.872299843902256384e+02
2.872002828232672300e+02
2.871669465143476714e+02
2.871780431452118592e+02
2.870723874466474399e+02
2.871324872569155104e+02
2.871489447445368342e+02
2.872373940798051990e+02
2.873438551903402072e+02
2.873117551719197991e+02
2.871991996214314327e+02
2.872732143252281389e+02
2.872880454913295694e+02
2.873497308446432612e+02
2.873367246604971115e+02
2.873634258975955049e+02
2.873283074899453027e+02
2.872478791653971371e+02
2.872594419276291546e+02
2.872293045043062989e+02
2.873187858790186056e+02
2.871926789477007560e+02
2.871975270113626379e+02
2.872578950305918966e+02
2.872074497262212844e+02
2.870416863535866128e+02
2.872764841143297758e+02
2.872840805654349765e+02
2.872648833880165853e+02
2.873511595187727607e+02
2.873568505300313518e+02
2.873241784159097847e+02
2.875450205427355854e+02
2.875622533022629455e+02
2.873005929416702315e+02
2.871302621677153297e+02
2.871039686911298645e+02
2.871591577260194867e+02
2.871011527708627113e+02
2.872197526438250748e+02
2.871247507625353137e+02
2.872554731990825871e+02
2.874443788827343269e+02
2.875354842762964154e+02
2.874045169626021448e+02
2.871561452683412767e+02
2.871052398231506118e+02
2.871805339707569260e+02
2.872380820817065228e+02
2.872946321100777709e+02
2.874168881102966679e+02
2.874291838145108500e+02
2.874095079399041879e+02
2.873685354711932405e+02
2.874007983241974102e+02
2.874019665885165296e+02
2.872917744942856757e+02
2.875131256077347075e+02
2.875942201360153945e+02
2.877063855956412795e+02
2.875848018417136132e+02
2.875700894076490499e+02
2.875274828333074879e+02
2.876461734686825480e+02
2.877231777524415861e+02
2.874744140708293116e+02
2.875568310827342202e+02
2.876670706893900729e+02
2.877304001162945610e+02
2.877208366671808903e+02
2.876621413693941918e+02
2.876776303117301836e+02
2.876848816518114518e+02
2.878892759182614896e+02
2.880172807714268970e+02
2.882043001790047470e+02
2.881997956254702444e+02
2.880995513382943614e+02
2.881279460110761761e+02
2.882515589816030115e+02
2.881812617289091918e+02
2.881746693470138894e+02
2.880934490348842587e+02
2.881344337793000818e+02
2.881561287983219017e+02
2.880203631523188506e+02
2.880813965284117444e+02
2.880832150900956776e+02
