2.867970191827008080e+02
2.869397758829929330e+02
2.867444255631809824e+02
2.866500997234716692e+02
2.868718560461949778e+02
2.869053746618439504e+02
2.866555087928977059e+02
2.866720260482605340e+02
2.868601389813879905e+02
2.867675435424833381e+02
2.867384537261979176e+02
2.868549356928651264e+02
2.864856267887872718e+02
2.865241005316004816e+02
2.867542347557587732e+02
2.868306597948724743e+02
2.869424136772626071e+02
2.869632297693069063e+02
2.868789091705830856e+02
2.869829522425550294e+02
2.871055436696960896e+02
2.869235597548528744e+02
2.866566674757235660e+02
2.866807179120358455e+02
2.867782078572247997e+02
2.869107568187612856e+02
2.870348487377598872e+02
2.869625756610518579e+02
2.868794863767216725e+02
2.868098372954316915e+02
2.869061486739282714e+02
2.870970307968977409e+02
2.867976677395072898e+02
2.865426494836014513e+02
2.865308760340298591e+02
2.867075380368734727e+02
2.866308336025389281e+02
2.866724921664762746e+02
2.866159291674897531e+02
2.868513886083609918e+02
2.868523229761801758e+02
2.865485326777111368e+02
2.866575032041997702e+02
2.869754120034119751e+02
2.868084075563039050e+02
2.865566687622439304e+02
2.866968890413511417e+02
2.869592632333133793e+02
2.870321569187386217e+02
2.868187983037926756e+02
2.868657041808782537e+02
2.869943049774205406e+02
2.868900002982983892e+02
2.865207330312213685e+02
2.865593773110638267e+02
2.868787271450234471e+02
2.869742086808884665e+02
2.868922749193822597e+02
2.867327336793856603e+02
2.867558721470459204e+02
2.869736686331577857e+02
2.867637272855553761e+02
2.866021342864140706e+02
2.867796590987263130e+02
2.868265544954243182e+02
2.866100831724702971e+02
2.866533069530178750e+02
2.867423939387372229e+02
2.870424215687606875e+02
2.869935410234423330e+02
2.866039069352323736e+02
2.867836676259490218e+02
2.870555414789121755e+02
2.870464343734032013e+02
2.867297834731216426e+02
2.867341434218640188e+02
2.869938501450017156e+02
2.871661437538337509e+02
2.868643557295478672e+02
2.867611320769694316e+02
2.870726548855366786e+02
2.869537689176630124e+02
2.867487748219438117e+02
2.867766746172889611e+02
2.870038201420626933e+02
2.869444251453069228e+02
2.867027827504616653e+02
2.867086055075128002e+02
2.868218532202258757e+02
2.868070967456972653e+02
2.869749715839264468e+02
2.871087706240555804e+02
2.869129316229523283e+02
2.867510722295397159e+02
2.869138519213093446e+02
2.871335407684412644e+02
2.870734827982066122e+02
2.868030757429666551e+02
2.869726898047369446e+02
2.872106490072620204e+02
2.869770617434211886e+02
2.868542858219520895e+02
2.868074704793854153e+02
2.868425614045304428e+02
2.870361669879488886e+02
2.867619867012335249e+02
2.867335173038443372e+02
2.868469293452762372e+02
2.870067092644480340e+02
2.870216129561633807e+02
2.866792827045409808e+02
2.867885155104291357e+02
2.869442004662385557e+02
2.869446702327630874e+02
2.867002924111813513e+02
2.866770824654416288e+02
2.869349904989505262e+02
2.868585598850639258e+02
2.867610155117691306e+02
2.866594425397816508e+02
2.867561690332705666e+02
2.868166617337960247e+02
2.869138795118799976e+02
2.868633691225437019e+02
2.867780324525268725e+02
2.867580745985715680e+02
2.869772311935856237e+02
2.869718601991710898e+02
2.867357304470574491e+02
2.868457353107652352e+02
2.870119559229526089e+02
2.871929757626712103e+02
2.870169552353151516e+02
2.868329694837000829e+02
2.871196613770346175e+02
2.871790633320670736e+02
2.868610121622513134e+02
2.867896804297596987e+02
2.871002642452850182e+02
2.873309185520892015e+02
2.870234453321610317e+02
2.869125000997121901e+02
2.868844053619473584e+02
2.869553358828841851e+02
2.868666267969957744e+02
2.870863609903459519e+02
2.873806869549762268e+02
2.872312355242607396e+02
2.871317433144905067e+02
2.872995042504290382e+02
2.877178513720922979e+02
2.875704552897942108e+02
2.873602885063505141e+02
2.873469089481080800e+02
2.874102829813108997e+02
2.876465981843738859e+02
2.875279330435491829e+02
2.872877429139780361e+02
2.875059855965872089e+02
2.878175704090945715e+02
2.878535692021509362e+02
2.876336329528696751e+02
2.876085275301779234e+02
2.878275247339516341e+02
2.878434787340148659e+02
