2.856366258697437956e+02
2.855906743398775234e+02
2.857047863417062104e+02
2.857912896867102859e+02
2.857355101296886914e+02
2.857893945266943092e+02
2.856052246312499960e+02
2.856353689746531472e+02
2.857145925274095930e+02
2.857881934388614127e+02
2.857545216469759453e+02
2.857019933758581374e+02
2.856397290961174917e+02
2.855069639785392610e+02
2.855987598497742965e+02
2.857546038666990285e+02
2.856004414047130240e+02
2.856986724483421085e+02
2.857888762288762905e+02
2.858232973936143253e+02
2.856957818951329955e+02
2.856904245825230646e+02
2.856564584790293679e+02
2.856014310706111132e+02
2.857475493329494043e+02
2.856848852626697521e+02
2.856843074883979057e+02
2.856026828725954374e+02
2.856157913638784294e+02
2.855785271685867315e+02
2.857021252399441664e+02
2.856371388266981057e+02
2.856620518013870083e+02
2.856907875113070077e+02
2.854255318626365465e+02
2.853786217520700461e+02
2.853621644665135477e+02
2.854131887975061659e+02
2.854792370062227178e+02
2.855011772051689718e+02
2.855182633563034074e+02
2.855031348699261571e+02
2.854497033273688089e+02
2.853691513356370706e+02
2.855008099632057679e+02
2.855276784598722202e+02
2.855550756024602492e+02
2.854990254706364681e+02
2.854888408550419854e+02
2.855204473593796024e+02
2.855926288299735916e+02
2.854604676078308216e+02
2.853729311933863642e+02
2.853115072763964690e+02
2.854688928469635698e+02
2.854305731391880840e+02
2.856432681803776745e+02
2.857008123996728273e+02
2.855206213182979127e+02
2.855785892909065069e+02
2.856288538435238706e+02
2.855142832677894944e+02
2.854169458968177082e+02
2.854659900542215496e+02
2.855148211934605911e+02
2.856440357385126845e+02
2.856017150683445607e+02
2.856899067905864626e+02
2.857687329577616993e+02
2.856205411244268930e+02
2.857199495440733017e+02
2.857221884985024758e+02
2.856306031612325000e+02
2.855850245247855810e+02
2.855424944801094966e+02
2.856238911281199648e+02
2.855953026390286027e+02
2.857696823769298362e+02
2.857482803141701311e+02
2.856671590394437885e+02
2.857095318125498693e+02
2.856676978719379463e+02
2.856299312434764488e+02
2.856050085675316836e+02
2.855175305302452671e+02
2.855873051750764375e+02
2.856227576367828647e+02
2.856120959283097704e+02
2.855613493596522403e+02
2.855340909813189114e+02
2.855410420726137204e+02
2.856398733824497072e+02
2.856953708360607038e+02
2.857353267655966533e+02
2.858182444847406032e+02
2.857070710842713765e+02
2.858847103396490184e+02
2.857700641438411253e+02
2.856606546337206396e+02
2.857166072258933127e+02
2.856782871949661171e+02
2.856954248201972177e+02
2.856608590273874597e+02
2.855930783294874686e+02
2.857009205235626155e+02
2.857865388315567543e+02
2.857892375440795263e+02
2.857035941554473197e+02
2.857247857573384522e+02
2.858123149152973497e+02
2.859003570009106738e+02
2.857744396162902945e+02
2.857535199908646177e+02
2.857374261011266299e+02
2.857051714018816142e+02
2.856437146989717917e+02
2.856623647721900738e+02
2.856902074631038886e+02
2.856148149093848474e+02
2.857660331327645622e+02
2.857913205625127375e+02
2.858094622675288861e+02
2.857708432076919962e+02
2.857543711937435660e+02
2.857352318211977149e+02
2.858389924467687138e+02
2.859109102065810930e+02
2.859585827389057044e+02
2.858442349526299608e+02
2.859361517308541352e+02
2.859330997684386944e+02
2.858275750247199198e+02
2.858123589780019529e+02
2.859082632088156402e+02
2.859099788466881478e+02
2.860167070890152559e+02
2.858862029919155248e+02
2.858950952619749728e+02
2.860311519850306468e+02
2.860590601483358455e+02
2.862011963596452233e+02
2.861754172003536496e+02
2.861671458409676347e+02
2.860790458450614437e+02
2.861382164666479753e+02
2.860749062907748907e+02
2.859742781481260749e+02
2.861919366279785208e+02
2.862248618735427499e+02
2.861312299112839241e+02
2.860753656464672190e+02
2.862298924178986113e+02
2.863247542697599783e+02
2.863284295321510058e+02
2.862880140552294392e+02
2.862508564230400339e+02
2.863237094660770481e+02
2.864102596711613273e+02
2.863609275921949120e+02
2.863420427491067244e+02
2.864883274723349018e+02
2.863799254782706498e+02
2.863586356023487838e+02
2.865460917165942760e+02
2.866010046084085729e+02
