2.866467877471214365e+02
2.867099822681573755e+02
2.867490339163278463e+02
2.867471156646738564e+02
2.867397219996728950e+02
2.866824369840665554e+02
2.865831149906115911e+02
2.865556266435866064e+02
2.865990201265621522e+02
2.867273639961567824e+02
2.866954661198691952e+02
2.866309723132832801e+02
2.867098102174044811e+02
2.867257678193239485e+02
2.865910160763342560e+02
2.864865156937058828e+02
2.867110520486361906e+02
2.866946623800120051e+02
2.865409993150873902e+02
2.867025006459782617e+02
2.866854927810691720e+02
2.866777696170865397e+02
2.868640558341659244e+02
2.868123718129097597e+02
2.866641064370703020e+02
2.865920093360918486e+02
2.866204905153845175e+02
2.866825423970897759e+02
2.866747115871670530e+02
2.866200812772968334e+02
2.865712525475641428e+02
2.865874331565555053e+02
2.865731834606591519e+02
2.866122080115301287e+02
2.864139024794270085e+02
2.864854869615760435e+02
2.865602717698506581e+02
2.864779000419954968e+02
2.866593485327220492e+02
2.866559206323732383e+02
2.864427962222653719e+02
2.865429388453151773e+02
2.865991040508499168e+02
2.865521389692363528e+02
2.865674706592850498e+02
2.865964791645053538e+02
2.867545365059190203e+02
2.866906435313140378e+02
2.864989813458345793e+02
2.866181308062529638e+02
2.866333081149181794e+02
2.864832724925225307e+02
2.865176412194012414e+02
2.864105147780086327e+02
2.863307943897697214e+02
2.864519820353356181e+02
2.865711683422061924e+02
2.867022227158035435e+02
2.864919502414091426e+02
2.863606666187443466e+02
2.863161896737548204e+02
2.864359526361567418e+02
2.864101187649339977e+02
2.863174002238235403e+02
2.864052778889113142e+02
2.863909725628397496e+02
2.864917380102822904e+02
2.865761675492228733e+02
2.865987537195480286e+02
2.865477678076312600e+02
2.865760274120457893e+02
2.864464571460788420e+02
2.864748252506151971e+02
2.865480375452579551e+02
2.865926120436540145e+02
2.866438148327974886e+02
2.864702488640625120e+02
2.866890792415526903e+02
2.866258930440280892e+02
2.865535619640710365e+02
2.867328758800933883e+02
2.867301613659084296e+02
2.866384073147978029e+02
2.867480423667146283e+02
2.869185791779124202e+02
2.867207060240191936e+02
2.866497780050520419e+02
2.866868426310658720e+02
2.867576090748190722e+02
2.866870650735276627e+02
2.867205472154300310e+02
2.865933316414059959e+02
2.865462723905630469e+02
2.865293281127235900e+02
2.867239557936000551e+02
2.867820427058936161e+02
2.867154287710669678e+02
2.865642064228078425e+02
2.866390823326304940e+02
2.867297481131595873e+02
2.866295423185115965e+02
2.866526476020238192e+02
2.867517632420081668e+02
2.866993596660073536e+02
2.866095021715782991e+02
2.866736758553570894e+02
2.868166101448661607e+02
2.866364276767233150e+02
2.866640511163693077e+02
2.866718947996902216e+02
2.866626617744358327e+02
2.864495784166637691e+02
2.865518890013208875e+02
2.866062595276004572e+02
2.863681675015557744e+02
2.861794846257969311e+02
2.861901590374706075e+02
2.864248183991839483e+02
2.863820256142702192e+02
2.862975596532988334e+02
2.861635446684491058e+02
2.861799972958243075e+02
2.862290953067894748e+02
2.863927478338623018e+02
2.864317559588652671e+02
2.864479270518241378e+02
2.863381741380305243e+02
2.864677845008169470e+02
2.866355942276243809e+02
2.866210397632958689e+02
2.865085803833988507e+02
2.864091834957786205e+02
2.865334648911668296e+02
2.864645600676774961e+02
2.864916681680237502e+02
2.866229636191143868e+02
2.866157051503737989e+02
2.866162312389722615e+02
2.867617992193019063e+02
2.869485534451045510e+02
2.868973968306014513e+02
2.866145762019917242e+02
2.865787682338462332e+02
2.865018911730783771e+02
2.864412108883848873e+02
2.865661177545266014e+02
2.867239461642225251e+02
2.868628551912165108e+02
2.869472884285302712e+02
2.870316713391923145e+02
2.869297728027360677e+02
2.869297221559123159e+02
2.871381250356735109e+02
2.872588993839984255e+02
2.872240961608929410e+02
2.870755971169293161e+02
2.870339202715206284e+02
2.871093634049954630e+02
2.872990748983806384e+02
2.873457617900156720e+02
2.874033924080571296e+02
2.874105548385079487e+02
2.873705363095724579e+02
2.875517743471867220e+02
2.876218709775006914e+02
