2.870031064666197267e+02
2.869554660690728838e+02
2.870873875396551398e+02
2.871940573471471794e+02
2.870096354208646403e+02
2.868034946665668485e+02
2.868419640927725709e+02
2.867882488216364436e+02
2.868691531461795421e+02
2.870689406955295340e+02
2.869387221281333495e+02
2.868164190670974563e+02
2.868145029880782886e+02
2.868946005132956998e+02
2.868869259107739254e+02
2.868965574619735435e+02
2.870124868105213523e+02
2.870999414167546888e+02
2.870915850589414617e+02
2.870821264775155441e+02
2.871044277907761284e+02
2.870464787860998968e+02
2.870636003842042783e+02
2.870260319586407718e+02
2.871288250425718047e+02
2.872220010564047357e+02
2.868975399525020862e+02
2.870072178459111569e+02
2.870802156638919769e+02
2.870742602867578057e+02
2.870668626482524814e+02
2.870743151502278465e+02
2.869867812885421472e+02
2.870612607189121377e+02
2.868670703350420013e+02
2.867321766873016031e+02
2.866681227233315781e+02
2.867586848147554406e+02
2.867662720921132404e+02
2.868485165027648804e+02
2.868877907771140485e+02
2.868591684315617840e+02
2.869111448245244560e+02
2.868692624086793899e+02
2.870396985212586856e+02
2.870932576702096526e+02
2.870613900065233679e+02
2.869804042783552518e+02
2.870411974671163193e+02
2.871643665808725245e+02
2.871486218990156658e+02
2.869259851586446644e+02
2.869563757279552760e+02
2.870608592596241806e+02
2.869147562599231946e+02
2.869086017236712109e+02
2.869106216045088900e+02
2.867082846315241227e+02
2.867635307518135619e+02
2.869061351099622925e+02
2.868421936921420752e+02
2.869852666738668177e+02
2.869728319684609801e+02
2.869901217109475624e+02
2.870748430221094054e+02
2.871713975729957724e+02
2.871374107453574993e+02
2.871360934427834195e+02
2.872629256483517679e+02
2.870178218867602595e+02
2.871793167950054340e+02
2.874734050297834642e+02
2.872604322694829193e+02
2.871443759168139991e+02
2.871495540368787829e+02
2.872774546787812255e+02
2.871774202922588870e+02
2.871540168171929395e+02
2.872160116768305329e+02
2.874090032468042750e+02
2.872659433336573898e+02
2.871232561857776204e+02
2.872607751965002194e+02
2.873792882922479635e+02
2.874149534017574297e+02
2.874182606944776239e+02
2.874811777559507391e+02
2.875474782700974288e+02
2.875188774050625398e+02
2.873334819611745843e+02
2.872159345945344171e+02
2.872563949430719390e+02
2.872642521303223475e+02
2.871615060366346484e+02
2.871700519875410009e+02
2.871849487501522731e+02
2.872095396788526500e+02
2.873053196152366695e+02
2.874186969188025955e+02
2.874519958584336337e+02
2.873472544213684614e+02
2.872035660680427327e+02
2.870648973863340530e+02
2.872620292663247596e+02
2.871464875613291383e+02
2.872420845321580032e+02
2.871791300024251541e+02
2.873028137821050336e+02
2.872206897787921775e+02
2.870683015998355927e+02
2.871496243912105797e+02
2.872761684387447190e+02
2.873274961460908230e+02
2.871701018363607432e+02
2.869756341999835740e+02
2.870858838426349280e+02
2.870832452477431502e+02
2.870126010595192270e+02
2.870829369502164354e+02
2.872065854565708491e+02
2.871772360506507198e+02
2.872360993947136194e+02
2.872114998343672596e+02
2.871497995443954778e+02
2.870617676035101340e+02
2.868607394067025211e+02
2.869546515097703718e+02
2.870177179880144536e+02
2.868471173627053190e+02
2.870235041236309144e+02
2.869920201265998116e+02
2.871633486454852004e+02
2.872135445571941545e+02
2.872134295445866883e+02
2.872880992570720196e+02
2.874310173277251010e+02
2.875312460925443929e+02
2.875026129408655038e+02
2.876316610615389777e+02
2.875828758603605593e+02
2.874976569426563060e+02
2.873170802877732513e+02
2.873318600876698383e+02
2.875404109648096096e+02
2.877547035649275813e+02
2.876468991323151840e+02
2.876245681002957895e+02
2.877230364277671697e+02
2.877728334341679215e+02
2.877863053543089222e+02
2.878556706132835643e+02
2.879729747945961549e+02
2.879115647266027054e+02
2.879131773934870466e+02
2.881358990549304053e+02
2.881938938379169599e+02
2.879437610233656528e+02
2.881736582381319067e+02
2.881725690374593114e+02
2.878338040283499026e+02
2.879754105982881924e+02
2.880980626690141548e+02
2.883884313088849467e+02
2.884186280957298436e+02
2.881926325591363707e+02
