2.882214102064932035e+02
2.880938972732112120e+02
2.880133780628606246e+02
2.881228662726940115e+02
2.880812074860092480e+02
2.882218860125348101e+02
2.882740658742627602e+02
2.882474824545710703e+02
2.883285128808096829e+02
2.882924945748442838e+02
2.882108155298903966e+02
2.881755245306055144e+02
2.882057662200730874e+02
2.882159301956524473e+02
2.881794239066571208e+02
2.881491263778877965e+02
2.881656496724087333e+02
2.881797803432395426e+02
2.882237967557114757e+02
2.882325894099361108e+02
2.882562820381656934e+02
2.884995870313302930e+02
2.883794677791848926e+02
2.882575275747696537e+02
2.881432813573034650e+02
2.881701879792554450e+02
2.882423357482765596e+02
2.882286003582913168e+02
2.882104902831136997e+02
2.883067217701495224e+02
2.884409148561020402e+02
2.882594189323238538e+02
2.881122885728802885e+02
2.880858477966127111e+02
2.878085806126626380e+02
2.880215088397356453e+02
2.880585968525378462e+02
2.880551992329571931e+02
2.881336230545179546e+02
2.880761244040613178e+02
2.879678673551391626e+02
2.880272944617241251e+02
2.881305141578302482e+02
2.881202783772516796e+02
2.881156137312236751e+02
2.882230671488048301e+02
2.882467385588392403e+02
2.882860173825613970e+02
2.882141326548046436e+02
2.881288532379208505e+02
2.881010199706346953e+02
2.882413095022213838e+02
2.882950125684018872e+02
2.883334021521875457e+02
2.879255553642431096e+02
2.879753509947715884e+02
2.882203969682456659e+02
2.882862420471798828e+02
2.882948646139695370e+02
2.881851840219739529e+02
2.880812822324921285e+02
2.881069720659137943e+02
2.880577670606004972e+02
2.880957905763438021e+02
2.879635183032881969e+02
2.880312734835977153e+02
2.881061187921674218e+02
2.882468146981748873e+02
2.883124539278533121e+02
2.880391233327788996e+02
2.880028502683741749e+02
2.882299203047020910e+02
2.882985468803619256e+02
2.882201104483819449e+02
2.881505362062032418e+02
2.881421345515931876e+02
2.883473581247935158e+02
2.885416375079385602e+02
2.881914812315108065e+02
2.881427008986600526e+02
2.882365592880371423e+02
2.883859973738391318e+02
2.885374427440678460e+02
2.885496198738475186e+02
2.882000461303202314e+02
2.881071521422530282e+02
2.882505899407723291e+02
2.883073829536603512e+02
2.884092840555191515e+02
2.883910268353226911e+02
2.883582205782988126e+02
2.883835590590539937e+02
2.883253632146243035e+02
2.883331105394153724e+02
2.882923774987027059e+02
2.882186979370081872e+02
2.883067798099837660e+02
2.885458427615316737e+02
2.885937437384168902e+02
2.882719334735737675e+02
2.882261858645310326e+02
2.884542366377264102e+02
2.886767235125677757e+02
2.883624610760730889e+02
2.881052682749966039e+02
2.882677939273350489e+02
2.885602854946057505e+02
2.885689925371421509e+02
2.881947707863873802e+02
2.882463760377571589e+02
2.884598150805895784e+02
2.884244145866110784e+02
2.881864197312965530e+02
2.881964804973570722e+02
2.882750264371217099e+02
2.882131715757726056e+02
2.880470939266403434e+02
2.880933935958401548e+02
2.882856935283518283e+02
2.883562490848138395e+02
2.884697812184130612e+02
2.883293201604872706e+02
2.881775035116022536e+02
2.883318572036659475e+02
2.883880930164278311e+02
2.883867030708225343e+02
2.882151155639585340e+02
2.883184879217986918e+02
2.884132149905050255e+02
2.886293810400372308e+02
2.884062953352563454e+02
2.881828935167197301e+02
2.881179165209557027e+02
2.882499544245702623e+02
2.883198099759553656e+02
2.885267034458348121e+02
2.886483503782750972e+02
2.881983839445045987e+02
2.882972353690385603e+02
2.882966844263152666e+02
2.884367533032154256e+02
2.886799728693518432e+02
2.885712862896803585e+02
2.882600093466757585e+02
2.883530932287175688e+02
2.885141919368256254e+02
2.886267516652679319e+02
2.888559602618745430e+02
2.887515856954897231e+02
2.885557972621712111e+02
2.885389883596265577e+02
2.888662395001751406e+02
2.890700217117292254e+02
2.887910222264602567e+02
2.886749447727756319e+02
2.888048605139745746e+02
2.889480492116225037e+02
2.891227302220934234e+02
2.888243417657564009e+02
2.888025552507676821e+02
2.890005010496679461e+02
2.893289198241830604e+02
2.890504643390884212e+02
2.888981229230693089e+02
2.888120055758479339e+02
