2.869816553025976305e+02
2.869444358775681962e+02
2.869127610398033426e+02
2.871140001718420649e+02
2.868605963154851111e+02
2.867599447070396650e+02
2.868809931358750873e+02
2.869591388336363025e+02
2.869500306955106339e+02
2.870477583758136575e+02
2.871221850469640344e+02
2.870072932526134082e+02
2.869976972286108321e+02
2.868677635414748579e+02
2.870792268837816437e+02
2.869106933335769440e+02
2.870004801767429967e+02
2.871237547354315325e+02
2.869546550280259680e+02
2.868683046591024208e+02
2.869807825580745089e+02
2.869624647524713623e+02
2.868773074496531308e+02
2.869314913728055103e+02
2.869620005880079248e+02
2.871034147520375086e+02
2.870940111997009012e+02
2.869852840106053691e+02
2.869827752291971024e+02
2.869843661730882900e+02
2.870870695355039857e+02
2.870306574203594323e+02
2.869589758694131092e+02
2.869336348716248608e+02
2.867927304634825987e+02
2.868224395794451880e+02
2.869379455421413354e+02
2.867788196026098149e+02
2.867388099428545161e+02
2.870073161085207971e+02
2.871711350600864421e+02
2.868406928265254692e+02
2.870124100622470564e+02
2.870923101099899100e+02
2.869238300016119183e+02
2.869304752062961938e+02
2.868718981519942304e+02
2.870480648168706352e+02
2.868799306852628774e+02
2.868118246008260712e+02
2.869602459122168625e+02
2.870014408140047522e+02
2.870942472348943397e+02
2.866169380678513789e+02
2.866638369536065625e+02
2.868545381053695564e+02
2.868621867504090233e+02
2.868917273494119513e+02
2.868159719866609976e+02
2.870242104728979484e+02
2.869348344109203026e+02
2.867871052035952744e+02
2.868109482364916971e+02
2.868217993143668423e+02
2.866460527889873902e+02
2.867318611069471785e+02
2.869186977123185898e+02
2.868542626263941315e+02
2.870035351582608314e+02
2.869095744670303247e+02
2.868908978490508161e+02
2.868782165466386118e+02
2.869782220780894590e+02
2.870136012925689215e+02
2.869568306420669046e+02
2.869403778433006096e+02
2.871022082483901272e+02
2.870554877769687323e+02
2.869001466980895998e+02
2.869383142802362272e+02
2.869795271813410977e+02
2.870257265537778153e+02
2.871503322209987914e+02
2.872022488352440632e+02
2.871339712580752916e+02
2.870043004910883724e+02
2.871368073479711143e+02
2.870106679132479144e+02
2.870271994435387910e+02
2.869248726192013805e+02
2.870347443853384561e+02
2.871277740159513314e+02
2.871357935302564215e+02
2.869480022096738026e+02
2.870070597202810632e+02
2.871138945863402796e+02
2.871396528730666660e+02
2.869922940080587637e+02
2.871007811750900487e+02
2.871564678730819082e+02
2.871090803252302521e+02
2.870516468309266429e+02
2.870137727477348903e+02
2.869463398326819288e+02
2.870847846339044622e+02
2.871686500640029180e+02
2.871822765688943377e+02
2.871379578146375593e+02
2.871290515555842831e+02
2.871721555299288298e+02
2.869399648456155205e+02
2.868736361568438724e+02
2.868381121873616166e+02
2.867925185267755523e+02
2.869379314383028259e+02
2.868647419144431296e+02
2.868459689388999436e+02
2.869177698419188687e+02
2.870122788553420037e+02
2.869235155756363724e+02
2.868888154924236460e+02
2.869482427531839335e+02
2.868253602108492260e+02
2.867629965074783627e+02
2.870751373655675138e+02
2.870712011981156024e+02
2.868243091912557361e+02
2.868704869494318928e+02
2.868547194291589335e+02
2.870601769371308478e+02
2.867143529345422053e+02
2.866946374041280023e+02
2.868508711828908986e+02
2.866787132553934612e+02
2.867627456445579242e+02
2.868256819175429655e+02
2.869512236176353213e+02
2.868720801135577290e+02
2.869600536828918393e+02
2.871391706367385837e+02
2.872047791477062901e+02
2.870819657763375403e+02
2.867519295219885294e+02
2.868479709592032236e+02
2.870117946493451200e+02
2.869750322190929523e+02
2.870933725327109300e+02
2.872546862288193665e+02
2.874554536058993222e+02
2.874423016705738405e+02
2.874983197468232561e+02
2.875744540128366680e+02
2.874246771339177826e+02
2.873927986428403187e+02
2.874389374826577068e+02
2.875256116600015730e+02
2.875807462793952709e+02
2.874776045146483625e+02
2.874905621341801520e+02
2.877081447780886947e+02
2.878692430198968282e+02
2.876627886822824394e+02
2.876545024633994103e+02
2.877961092427797780e+02
2.878599415147543255e+02
