2.869638843037958509e+02
2.868446575796048137e+02
2.870027804584969431e+02
2.870575953663009727e+02
2.869514675523982419e+02
2.869454639030893759e+02
2.868887507762183873e+02
2.869181328563248599e+02
2.869470507623934168e+02
2.871328160846528021e+02
2.871843182164263908e+02
2.870587218613030700e+02
2.868421458361766554e+02
2.868632807159687559e+02
2.868164160786905654e+02
2.868410721888164403e+02
2.869591356140088578e+02
2.869991948638610779e+02
2.868479639988590861e+02
2.868907729256196717e+02
2.869952804385047216e+02
2.871372944025095535e+02
2.870435486974788546e+02
2.869883519365639017e+02
2.869784882878234953e+02
2.869493313595385189e+02
2.870429811402735254e+02
2.870182713793379321e+02
2.868339360284498980e+02
2.870092443921510039e+02
2.872525807141403220e+02
2.871157623778122456e+02
2.869563935104089865e+02
2.869421161330679411e+02
2.865389163586817176e+02
2.866653363310954319e+02
2.868695251761958502e+02
2.870386792470408750e+02
2.870052498323894383e+02
2.869376908620035351e+02
2.869293051609292320e+02
2.870222297447788264e+02
2.868672272158334522e+02
2.868282266663411519e+02
2.871367369168731898e+02
2.871280262230783933e+02
2.871988743362681475e+02
2.870332743343597031e+02
2.869523847398236853e+02
2.867935166072437028e+02
2.868132978298102103e+02
2.868072556556809900e+02
2.868234650733899684e+02
2.868019073752631698e+02
2.869498977788012439e+02
2.866927267439490947e+02
2.866883968945990091e+02
2.867070807913985959e+02
2.865871697248431360e+02
2.866730663382400621e+02
2.869317553867188053e+02
2.867901902733237876e+02
2.867949181936933201e+02
2.869752252390339322e+02
2.869573990546699065e+02
2.868397299328855183e+02
2.870811773522039516e+02
2.871185281050148888e+02
2.870418713624355291e+02
2.868802663249433067e+02
2.867993382799073174e+02
2.868525616056300009e+02
2.868257012052310415e+02
2.867784519374942533e+02
2.869836962678381838e+02
2.868820884720682329e+02
2.867819654613116995e+02
2.867376560311401477e+02
2.869197420077146603e+02
2.869568839593238749e+02
2.870846740230106775e+02
2.870183922162603949e+02
2.868023885089490932e+02
2.867518995021458181e+02
2.868496639698797139e+02
2.871436568880099571e+02
2.870666036407050683e+02
2.868262639818480579e+02
2.868372960997440941e+02
2.868556331007600306e+02
2.869214028813677260e+02
2.869936273401023072e+02
2.870227786843748277e+02
2.870631081767806450e+02
2.869420257345690857e+02
2.869483146340183453e+02
2.867647615454860102e+02
2.869858241535758339e+02
2.872173262153318092e+02
2.872731030612081895e+02
2.872137266019084905e+02
2.872575242464329790e+02
2.869299658257089618e+02
2.868692003076441210e+02
2.870310204240634562e+02
2.869447943554053495e+02
2.869052362823770181e+02
2.872777823229597516e+02
2.871559177050380072e+02
2.869430963357126529e+02
2.869365668728597143e+02
2.868123990930048990e+02
2.868119438233784422e+02
2.867526848312811580e+02
2.867675666833576429e+02
2.866642198178558942e+02
2.867802839336626448e+02
2.869094119809946051e+02
2.870208421322789718e+02
2.867526986492363790e+02
2.866522621192682436e+02
2.868086521986153343e+02
2.869031337099533516e+02
2.868642750926063059e+02
2.868779088392094536e+02
2.868714418392785888e+02
2.869388914568864948e+02
2.866344652306370335e+02
2.868555612745303733e+02
2.869404681455649779e+02
2.869029457478818586e+02
2.869146496298578199e+02
2.869044348302093681e+02
2.868108193217905750e+02
2.868850790442045877e+02
2.869447136051286975e+02
2.869119977836321027e+02
2.868772026060242410e+02
2.867630881499954398e+02
2.870019221034567636e+02
2.871059317169048768e+02
2.869371140314942181e+02
2.865848835362637033e+02
2.867602835577917517e+02
2.870155511086188085e+02
2.871935568813487407e+02
2.872518104888567336e+02
2.871904263216280810e+02
2.872553081232252907e+02
2.871507300940992309e+02
2.870905614964030974e+02
2.872801729078191215e+02
2.872992599706366263e+02
2.872804971195567418e+02
2.873271944676579324e+02
2.874494464789597146e+02
2.875342152114632768e+02
2.873850473744125225e+02
2.874088112832108095e+02
2.874800037788318150e+02
2.874366755062008565e+02
2.873585297694312430e+02
2.873297902027488249e+02
2.874862880135387400e+02
2.874254081426072389e+02
