2.873318675424086450e+02
2.872601110773330220e+02
2.871052640818003852e+02
2.873393174684342171e+02
2.873901470068817048e+02
2.872102020603975348e+02
2.871601302632198554e+02
2.872367184714776158e+02
2.872256433920180143e+02
2.872469011606100935e+02
2.872282952036201209e+02
2.871955318602530838e+02
2.870828066081384691e+02
2.871209983784311248e+02
2.874046780060280639e+02
2.874964957834983466e+02
2.873658946895838540e+02
2.871753232798996578e+02
2.872956433609132887e+02
2.874586081209820918e+02
2.875475445199461433e+02
2.872929306683578830e+02
2.872308031165647435e+02
2.873462404716593142e+02
2.873023461148656565e+02
2.873418066779926789e+02
2.875917288542026995e+02
2.873451924169480094e+02
2.873915899646534058e+02
2.874460235979405525e+02
2.874671202200078710e+02
2.874466514988218364e+02
2.874349378205407106e+02
2.874487372518812549e+02
2.872267616737021285e+02
2.872762846327934199e+02
2.874489013424268933e+02
2.874370723481657706e+02
2.876425733939221914e+02
2.877149395229148467e+02
2.875988289735742569e+02
2.874805743894622196e+02
2.874656364327796609e+02
2.874217250060131050e+02
2.875622513393908548e+02
2.875558034146571913e+02
2.875307143067959146e+02
2.876001661770599753e+02
2.876006797880701811e+02
2.875581241227142186e+02
2.875447877940701460e+02
2.873975302831286740e+02
2.872991455380185357e+02
2.870828145724265710e+02
2.872686877399483478e+02
2.873459069028073714e+02
2.873670424677687834e+02
2.873122935697709295e+02
2.873547892846298737e+02
2.874318694030736765e+02
2.875135699924240384e+02
2.873917752506387160e+02
2.873387347364883340e+02
2.873449277085625795e+02
2.873519586134227097e+02
2.873341523230457710e+02
2.874726137026619313e+02
2.876159790206045841e+02
2.875582070417371483e+02
2.873693770703923747e+02
2.874589870443900281e+02
2.874340868737353958e+02
2.876444558974319534e+02
2.875984146840342532e+02
2.873822841248210693e+02
2.873651950959311421e+02
2.875816819929243024e+02
2.875021495507671716e+02
2.874715157273890895e+02
2.875855588138043117e+02
2.875539784194903064e+02
2.877394069172646027e+02
2.875600644670170709e+02
2.872940708854790159e+02
2.873073922189223026e+02
2.873695353111106101e+02
2.875533252846748269e+02
2.876322897075459082e+02
2.873974169135013881e+02
2.873948818711380682e+02
2.876547095678764094e+02
2.875726795657303683e+02
2.875178306334334479e+02
2.874695363221107982e+02
2.876482277186095757e+02
2.875892983111110652e+02
2.874853513441904624e+02
2.875117894842593955e+02
2.874946426292201522e+02
2.874828263416711138e+02
2.877582836694624007e+02
2.877372542776316209e+02
2.874275696278975261e+02
2.875289649193310311e+02
2.876275361346160366e+02
2.875856478510322063e+02
2.875588954347598474e+02
2.875850411349089768e+02
2.876782235691405845e+02
2.875677454974036777e+02
2.874937235103206490e+02
2.874204711462925275e+02
2.875958972509968135e+02
2.876989925806135489e+02
2.873670186741663315e+02
2.873861192739541934e+02
2.874059006290456750e+02
2.873749933450438334e+02
2.875377243596339554e+02
2.876418834832893481e+02
2.876071184339062370e+02
2.876170039840151844e+02
2.876577777650734333e+02
2.876828314027392821e+02
2.874046573022677080e+02
2.872549949848440178e+02
2.873727159211680373e+02
2.877563648404011474e+02
2.877100807112165626e+02
2.876434669022809771e+02
2.876329188460708792e+02
2.876395067056038783e+02
2.876481618082826230e+02
2.875501217052949414e+02
2.878154385318962909e+02
2.876608649931164905e+02
2.876745284909630413e+02
2.876490287965885386e+02
2.876961610246307259e+02
2.879679165248543313e+02
2.879202915685680750e+02
2.877717882939217020e+02
2.878082423336369970e+02
2.878568996831892832e+02
2.876190173005933275e+02
2.877409967661322412e+02
2.880191237242242437e+02
2.881898468445120329e+02
2.882391448406351060e+02
2.883860705636098487e+02
2.883118842865179090e+02
2.880159543052283766e+02
2.881724652889341201e+02
2.884175444645640596e+02
2.884684814342725190e+02
2.882027678138586566e+02
2.881493428199116806e+02
2.883533999369607841e+02
2.884525480401646860e+02
2.884835858077011039e+02
2.885047579906938608e+02
2.883816808511599561e+02
2.883430282793535184e+02
2.884693620193126549e+02
2.882244534369449411e+02
