2.868598946394610039e+02
2.865736879183335759e+02
2.866098160445819758e+02
2.868789598700258807e+02
2.869070405107945589e+02
2.865749548888466620e+02
2.865857159552870144e+02
2.868320939211153586e+02
2.868779894959052967e+02
2.866206702776552220e+02
2.867375183058166499e+02
2.868720499280036620e+02
2.866721483737282483e+02
2.865790161005413097e+02
2.867965952886362402e+02
2.869818099547813404e+02
2.868043555853990938e+02
2.867011283855447346e+02
2.868299953796497448e+02
2.867957670128993755e+02
2.865908859679873331e+02
2.867143734187422410e+02
2.868951335342495099e+02
2.868597265373634855e+02
2.866390174640403075e+02
2.866904731999600813e+02
2.867037665651030807e+02
2.868481109475631570e+02
2.869643293840550768e+02
2.866159241864367573e+02
2.866899865461932677e+02
2.866707175160386782e+02
2.867691287008527183e+02
2.867076271205950775e+02
2.863582938246732397e+02
2.864574322946842244e+02
2.866877468134244396e+02
2.867057673552068877e+02
2.868078843417729900e+02
2.869008315636901330e+02
2.868825791855094280e+02
2.869151820534723925e+02
2.866379699421192413e+02
2.867914705292490112e+02
2.869270282869542257e+02
2.869027385747297672e+02
2.867305284362070097e+02
2.867654540318585532e+02
2.870521873786865967e+02
2.867203566908677317e+02
2.864672242118941767e+02
2.866022550233527113e+02
2.868751841024401870e+02
2.867679656007258586e+02
2.865017600676427492e+02
2.864997227113690883e+02
2.866106302119944189e+02
2.868845086216357458e+02
2.868825180457059218e+02
2.868448335035120067e+02
2.868828072593938714e+02
2.868545726342262583e+02
2.869115463807073070e+02
2.866338929638483251e+02
2.866252713413099968e+02
2.868150226937107732e+02
2.869849308947957525e+02
2.867331160063248490e+02
2.868103475526077659e+02
2.870609358909155731e+02
2.868386306678957567e+02
2.867037460810831249e+02
2.869931364637767501e+02
2.870773778684179547e+02
2.867741515742709453e+02
2.868923213880455023e+02
2.871626099704706689e+02
2.868721373012882054e+02
2.866863946190864567e+02
2.866432623411232612e+02
2.867863731172671464e+02
2.869949909333119535e+02
2.869952755774032767e+02
2.871029773867021504e+02
2.868923256798040029e+02
2.869503016810276108e+02
2.871181231264425264e+02
2.868718785386219565e+02
2.869484275274398897e+02
2.871352277444115089e+02
2.873192734194813056e+02
2.871631594125382207e+02
2.867527638583978273e+02
2.868545333748999724e+02
2.870785816959094063e+02
2.872277421962770063e+02
2.869403402754842887e+02
2.867482478554291561e+02
2.871401114569985111e+02
2.871699798467434448e+02
2.869025446021113339e+02
2.867359223542106861e+02
2.870827013513812744e+02
2.871398483262215109e+02
2.868826098277921801e+02
2.869402281301011612e+02
2.868180806333824080e+02
2.871566807844803293e+02
2.872167013644937015e+02
2.869045454745421466e+02
2.868599322301776624e+02
2.870291532811381217e+02
2.870112915507680782e+02
2.870512536732728108e+02
2.868319706235593571e+02
2.868613993132299242e+02
2.868206709717752005e+02
2.868346416559458021e+02
2.869313051890232487e+02
2.869648472149605709e+02
2.867554299174165067e+02
2.866576842543078669e+02
2.868948608619625134e+02
2.871036161309091881e+02
2.869726871033428210e+02
2.867907800610767595e+02
2.866350064383997847e+02
2.868859007874004305e+02
2.871383254713335305e+02
2.870806123066140003e+02
2.868960252596392024e+02
2.869383590165646751e+02
2.871106141723751080e+02
2.868832268744637304e+02
2.867469378055830589e+02
2.868123196972949813e+02
2.870508576939110412e+02
2.872553543519699701e+02
2.871598072201947502e+02
2.869235815104562448e+02
2.870504027136141190e+02
2.872732861795454369e+02
2.870803318415821650e+02
2.867964284847652152e+02
2.867249704581342371e+02
2.870485035732189658e+02
2.874015891077985430e+02
2.872755118413219293e+02
2.871902255156571186e+02
2.872030257578402370e+02
2.874836924696207916e+02
2.876642190875519418e+02
2.876679161493150900e+02
2.872498791635394468e+02
2.872474154191863249e+02
2.873384683505002499e+02
2.875264017917371575e+02
2.877345332576778105e+02
2.876603295954427608e+02
2.876589194383493009e+02
2.875141311470326286e+02
2.874704132533661323e+02
2.876993573769053114e+02
2.875567912531059278e+02
2.874683579730339034e+02
