2.873989659142402502e+02
2.873042289522925330e+02
2.871656380356707245e+02
2.873108275678530958e+02
2.872630422255317058e+02
2.873062961647256657e+02
2.873137136545131511e+02
2.873737590461051354e+02
2.871143849323622135e+02
2.872959953197972709e+02
2.873144338391700217e+02
2.873321174715097754e+02
2.873450142438969692e+02
2.871170295141387214e+02
2.870901584578684833e+02
2.871759021706878912e+02
2.871376214969319562e+02
2.874309250052003790e+02
2.874442133525101895e+02
2.872004138224232861e+02
2.873480983091070584e+02
2.873501268178663395e+02
2.872968846053606740e+02
2.872283572756138597e+02
2.871745332817330905e+02
2.871728427587264036e+02
2.871511345722601618e+02
2.873475546929303164e+02
2.871237552910482123e+02
2.870609719321413991e+02
2.870965266879429123e+02
2.870274870361815260e+02
2.869708452454778467e+02
2.871073100715198620e+02
2.866220857083102374e+02
2.867483205874700047e+02
2.868879447814103401e+02
2.870175282619518953e+02
2.869401437164301001e+02
2.867481358722417895e+02
2.867440772754177374e+02
2.868270898819462786e+02
2.870675143191867846e+02
2.870696700019578316e+02
2.870609119878164961e+02
2.870814648226602230e+02
2.870357479014001569e+02
2.870278324535240699e+02
2.870824285858398639e+02
2.871047491208194629e+02
2.871287676499208601e+02
2.871640078989508993e+02
2.869734984128570545e+02
2.867740753865497823e+02
2.867214921170409525e+02
2.868478064217793531e+02
2.870120674359084205e+02
2.868197197925474597e+02
2.868776977666661310e+02
2.869348927313677677e+02
2.867455850027614588e+02
2.867928939942613056e+02
2.869046095889991648e+02
2.869076945285934812e+02
2.866676755104823542e+02
2.868074953513515766e+02
2.868763636428537325e+02
2.868317379322598413e+02
2.869377801267649488e+02
2.868238077822044829e+02
2.867219865082257115e+02
2.867443390518496926e+02
2.868724287240527815e+02
2.869050839000023529e+02
2.868654584134330889e+02
2.870145928671622073e+02
2.868177009727428981e+02
2.868960413102864209e+02
2.867955929695269788e+02
2.866105886292967284e+02
2.866784171117677147e+02
2.867444727258716171e+02
2.868688501607562671e+02
2.868905322403688274e+02
2.867426917268558668e+02
2.868524074817651695e+02
2.868871326845746808e+02
2.868304369218829493e+02
2.868268983826620229e+02
2.868000877902118759e+02
2.870341561924788039e+02
2.868008689157014146e+02
2.865955531963151088e+02
2.868659609091475886e+02
2.868353663381739693e+02
2.867130045773018878e+02
2.868647712623981647e+02
2.868562639320919629e+02
2.867393375254693524e+02
2.868697532668325607e+02
2.868028386812359258e+02
2.867306722983315126e+02
2.868580293284957747e+02
2.867869927365358649e+02
2.868528545908655474e+02
2.868514011911799457e+02
2.868477313454937416e+02
2.869316807196570380e+02
2.871291999312956591e+02
2.871038507745498691e+02
2.870589832629468106e+02
2.873734994094417630e+02
2.871347459075279289e+02
2.868996918841738193e+02
2.869457367139778512e+02
2.870043033818618028e+02
2.870032265563448846e+02
2.870192869285637585e+02
2.870945624501267730e+02
2.872121246512065795e+02
2.872118759820567107e+02
2.873292473204475641e+02
2.872729526666659581e+02
2.871378807230869370e+02
2.873538285341001597e+02
2.874615573859406936e+02
2.874103659676719076e+02
2.876247556532633780e+02
2.876933302084907496e+02
2.875787150758055759e+02
2.874737115016513940e+02
2.876610794789919510e+02
2.876775927366012411e+02
2.876361516502007589e+02
2.877678357794997055e+02
2.878157875994389201e+02
2.877113904597006808e+02
2.878164383849926367e+02
2.878565460599000403e+02
2.879354410310282333e+02
2.878526847261911144e+02
2.879331613672794106e+02
2.877333354572510302e+02
2.878243367987889201e+02
2.879761247700171793e+02
2.878769845879542117e+02
2.879925189424033647e+02
2.879873320204002880e+02
2.879526653549724529e+02
2.880552133374751520e+02
2.881218289526472631e+02
2.881269628610791642e+02
2.881257738530383108e+02
2.881523314071596928e+02
2.881637866250421780e+02
2.880512356936799279e+02
2.882579150526580065e+02
2.883327250885176340e+02
2.880976485195045029e+02
2.881838267422850777e+02
2.882972915231616753e+02
2.883015674401300998e+02
2.881025840905144833e+02
2.882246554898147224e+02
2.883224066583693457e+02
