2.867476184572814759e+02
2.868425182749093665e+02
2.870040433655362904e+02
2.870460923116691561e+02
2.867456452176092512e+02
2.866815452037527052e+02
2.867989238201132025e+02
2.868560390319665316e+02
2.867550624133617703e+02
2.868538530417154675e+02
2.869385568100283876e+02
2.867128219457939053e+02
2.864798727485042491e+02
2.866411757935395599e+02
2.869619159794985990e+02
2.869885732033262116e+02
2.866319230172633752e+02
2.867363121395916892e+02
2.867308578031597222e+02
2.869281570388489513e+02
2.869373405699646469e+02
2.867244534565376171e+02
2.867757893959262105e+02
2.869169009932544441e+02
2.869025552586908816e+02
2.866650109122045365e+02
2.866725175920600464e+02
2.866752229189164041e+02
2.868998929955150743e+02
2.870182526381186676e+02
2.867189420969606886e+02
2.866319237576297496e+02
2.868260164827732410e+02
2.868703168278383941e+02
2.866135284141825537e+02
2.864114739330495354e+02
2.865577617854517030e+02
2.867757456328611738e+02
2.867761489157826986e+02
2.866616546672206027e+02
2.867572329478197162e+02
2.868581530221667890e+02
2.869650037106258083e+02
2.866887365949774562e+02
2.866992628283624640e+02
2.870132193171344852e+02
2.870665014628313543e+02
2.866778372126493650e+02
2.865531088750673234e+02
2.869254844112656428e+02
2.869464110199890570e+02
2.867580456628238039e+02
2.867058849726319636e+02
2.866666862105716405e+02
2.866396334215348247e+02
2.865826208143809595e+02
2.866680750723162419e+02
2.866199167593956645e+02
2.866659089285332129e+02
2.868473310946245078e+02
2.870722727569134918e+02
2.868202611674283844e+02
2.865190969761224551e+02
2.866779839813011108e+02
2.867247790453575931e+02
2.868536238805763787e+02
2.867030095038497279e+02
2.866851326760113352e+02
2.866572320874583397e+02
2.869697251892514487e+02
2.869544902458655429e+02
2.866794237022947982e+02
2.867017751721026571e+02
2.869823683909933720e+02
2.871084792097691434e+02
2.867107043730073315e+02
2.866761814182634112e+02
2.867563603313520275e+02
2.869449195434721673e+02
2.867226992616321013e+02
2.866000574588543941e+02
2.868378141836462873e+02
2.870662961202037877e+02
2.869301880822080761e+02
2.865548102953059129e+02
2.867124194726835071e+02
2.869340632834839653e+02
2.869738110605200632e+02
2.870858057096868947e+02
2.871531258558516697e+02
2.870331638208287472e+02
2.867991365517236773e+02
2.867373707774059994e+02
2.869899513605922721e+02
2.870666213724755380e+02
2.867042308560403967e+02
2.866089080957638657e+02
2.869527580559133639e+02
2.871691223158252910e+02
2.868409762751023209e+02
2.868174506977589999e+02
2.870186694894096604e+02
2.867861383173892023e+02
2.869445517102330427e+02
2.870066434386271226e+02
2.871367433945804351e+02
2.868562974656023812e+02
2.868131438039381464e+02
2.870282659275169976e+02
2.869012381162670522e+02
2.867937458617547009e+02
2.869847996452523944e+02
2.872030561218674052e+02
2.869491944128275804e+02
2.864929245323244800e+02
2.865821253537986308e+02
2.868103703297455809e+02
2.870280729385802374e+02
2.869279057154099632e+02
2.865998514337961751e+02
2.866393958867728315e+02
2.870689040487093280e+02
2.869422443496908954e+02
2.867322623027457098e+02
2.869025381000425909e+02
2.870448032318193441e+02
2.866694031064773185e+02
2.867754960283675700e+02
2.870268801219499437e+02
2.872447979695528488e+02
2.871455577060825703e+02
2.871105696990436513e+02
2.867980030302196042e+02
2.868602662413235862e+02
2.871068702921316458e+02
2.869082971055689768e+02
2.868139191416955214e+02
2.870006333034512522e+02
2.872430181866541830e+02
2.871654617032622241e+02
2.871284975763339844e+02
2.872562702057082333e+02
2.871000467085752916e+02
2.868399755998490832e+02
2.870147423510331919e+02
2.872095612530544599e+02
2.872528486653931168e+02
2.873791257673590849e+02
2.873764681868537423e+02
2.873566844230228980e+02
2.871673251764858037e+02
2.874118710358138742e+02
2.876077951268725883e+02
2.873425909908136759e+02
2.872713391095546740e+02
2.874970427748073121e+02
2.878159671820479275e+02
2.877589228919854918e+02
2.873841432584903828e+02
2.875201907353216484e+02
2.876173678078847615e+02
2.878931022805240332e+02
2.877087606731739129e+02
2.875433530092825549e+02
2.876482616754444166e+02
