2.866752951616240352e+02
2.866435414750945938e+02
2.866945222069765009e+02
2.867407515384369958e+02
2.866592525807740230e+02
2.867278796267908092e+02
2.867410787633421592e+02
2.867399716483595853e+02
2.867019554906451049e+02
2.867921431740580829e+02
2.867245499311350727e+02
2.866878918161905290e+02
2.866122303416071304e+02
2.866013627772459245e+02
2.866964410112330484e+02
2.865322601269749612e+02
2.867146576684572779e+02
2.866643971970646021e+02
2.867309388924377345e+02
2.867205850875586748e+02
2.866472335612655229e+02
2.866955747406391879e+02
2.865982441131002929e+02
2.866836612773486763e+02
2.868765620668275460e+02
2.868447158075161951e+02
2.865868830515899504e+02
2.866914650507381452e+02
2.867966866959329195e+02
2.868161916468002346e+02
2.868997227885149641e+02
2.869123912111428467e+02
2.869152311323982190e+02
2.867669888034407109e+02
2.864602650723296620e+02
2.866255567685280994e+02
2.865601175416011301e+02
2.866645492561117976e+02
2.868239349167178034e+02
2.869001695681364481e+02
2.867845831944941324e+02
2.866693204465701683e+02
2.867603198010188521e+02
2.868411871214205462e+02
2.866207473450988914e+02
2.866255421316489560e+02
2.866977430422011253e+02
2.867665305249990979e+02
2.867038825402415227e+02
2.867269406185816365e+02
2.867697652501536254e+02
2.866961479599182780e+02
2.867425178921847078e+02
2.866884857307500170e+02
2.865401541113765802e+02
2.866016377924851781e+02
2.865276800274880884e+02
2.867039668011897788e+02
2.866601346928675866e+02
2.865901395924289545e+02
2.866695256712250739e+02
2.867375282329738866e+02
2.866431641080408781e+02
2.866635099208376687e+02
2.867699681922953800e+02
2.866793136668943589e+02
2.867588627975653139e+02
2.867618659465429687e+02
2.867315942080775812e+02
2.867352915094474497e+02
2.868117821741195144e+02
2.867618565399224622e+02
2.868168198865589602e+02
2.869712788617187584e+02
2.868417782740635289e+02
2.868524872614959236e+02
2.868638683052528222e+02
2.869485817358868758e+02
2.869674765705924528e+02
2.867962508320443931e+02
2.868418701596201004e+02
2.868432726657064222e+02
2.869907170535602177e+02
2.869133002472732414e+02
2.869298100011808401e+02
2.869477875706746204e+02
2.869245964090688972e+02
2.871438674406583687e+02
2.869358976870852871e+02
2.869193606772617500e+02
2.870645374140024728e+02
2.871387969836338812e+02
2.871108446931819458e+02
2.871906062374325188e+02
2.870748848014234795e+02
2.870532161589586053e+02
2.870195268894842684e+02
2.870303089860353793e+02
2.870386151550878253e+02
2.871062061964539112e+02
2.872390466189155518e+02
2.870796304697842061e+02
2.871184228541270045e+02
2.871563655523855232e+02
2.873196475399598171e+02
2.872097535368084777e+02
2.872307644420104111e+02
2.872248982414554916e+02
2.871299553596190890e+02
2.872063242318318430e+02
2.872694379338696535e+02
2.871914182541788136e+02
2.872366119906991457e+02
2.871597068530165302e+02
2.870840164986324794e+02
2.870151062374195590e+02
2.869263605231608949e+02
2.869264194825548770e+02
2.870843570630221961e+02
2.870987328993871870e+02
2.871467273474999615e+02
2.872094076608640876e+02
2.870987610061952182e+02
2.870291245882078783e+02
2.870928841130575506e+02
2.869806515133850553e+02
2.870551239570156099e+02
2.871911499501631511e+02
2.870879885844781256e+02
2.872141032958050459e+02
2.873426331580280362e+02
2.874712345708690009e+02
2.872360506033715524e+02
2.871932277973407395e+02
2.873181581624714909e+02
2.872776612463153469e+02
2.874071233746311123e+02
2.874634295305975797e+02
2.875950885110169679e+02
2.874930444129092848e+02
2.875894004423976753e+02
2.875240221978355066e+02
2.873248505141442024e+02
2.873867208661037580e+02
2.875102573330968312e+02
2.874741134741458950e+02
2.875777962241294858e+02
2.876370054854278919e+02
2.875912694422926279e+02
2.876783084179272691e+02
2.877134530527264928e+02
2.877389474989282121e+02
2.878404826906887592e+02
2.879226398720004454e+02
2.878982684680083821e+02
2.878597891955490127e+02
2.878966702711381913e+02
2.879504492882823001e+02
2.879296108343397123e+02
2.879512339416286864e+02
2.879906932717580617e+02
2.881118537049353563e+02
2.880719719994975208e+02
2.880409104250911128e+02
2.881755177427681360e+02
