2.865397765971799231e+02
2.865606825174876917e+02
2.865059057455611651e+02
2.866471394700211590e+02
2.866674739983653808e+02
2.867015871788336199e+02
2.867073628102965586e+02
2.866295110501824865e+02
2.866920710312214737e+02
2.865698838020239805e+02
2.867143259592559730e+02
2.867636467488634366e+02
2.865734974477471155e+02
2.866636640892150467e+02
2.866584817605581748e+02
2.866584817976746535e+02
2.866532414123666399e+02
2.866586086174264665e+02
2.867668463294931485e+02
2.868393852503488120e+02
2.867329464963820556e+02
2.867734015275966044e+02
2.868397713984769553e+02
2.869650335062670479e+02
2.869940048182090777e+02
2.867003235950560907e+02
2.866223352803875173e+02
2.866873881129993720e+02
2.867155034504451692e+02
2.867184001965743505e+02
2.866735647617705354e+02
2.868872563627949148e+02
2.868869501293130497e+02
2.866627508851516382e+02
2.864155650448008714e+02
2.865093163978304460e+02
2.866611450137277757e+02
2.868503900648845502e+02
2.866374518972410783e+02
2.865545194456542504e+02
2.864702096663838233e+02
2.864699670930810953e+02
2.865735692992624308e+02
2.866065003389047092e+02
2.868320136963781692e+02
2.867665586113661789e+02
2.868128981924256209e+02
2.867858221432115897e+02
2.867874833685392559e+02
2.868554716056074767e+02
2.868158666217807422e+02
2.866974905663767572e+02
2.865247557750229248e+02
2.864542579047877098e+02
2.865182179948998282e+02
2.866904181930685240e+02
2.868676955768149242e+02
2.867665982250525190e+02
2.866322068039812052e+02
2.866313751347365724e+02
2.867853529704347011e+02
2.868249904388347886e+02
2.866741318495893438e+02
2.867137538110116566e+02
2.867370827602152872e+02
2.866539988169020603e+02
2.867437882628444754e+02
2.867431382878706927e+02
2.868211739202333206e+02
2.869814249002010342e+02
2.869037342834752167e+02
2.870263206177916686e+02
2.869286832423209148e+02
2.868704937555576180e+02
2.869053468861646365e+02
2.867708379605081177e+02
2.869232271868350495e+02
2.868584162222821305e+02
2.867011984811222760e+02
2.868320500133860378e+02
2.868554605105953783e+02
2.868825312878136060e+02
2.868450757110016980e+02
2.867328327997356610e+02
2.868335955534454911e+02
2.868782183527035841e+02
2.867504335900413821e+02
2.868584910992133814e+02
2.867242211048039167e+02
2.867783922643529877e+02
2.869240942300264692e+02
2.869285372857042944e+02
2.868814494583465375e+02
2.868329445420474713e+02
2.869098126786615808e+02
2.869490746664686185e+02
2.869699054303101207e+02
2.868777545796460799e+02
2.869572689836501809e+02
2.867835078108890343e+02
2.868357082802252194e+02
2.871602479745188816e+02
2.870218306639743560e+02
2.868927802019517799e+02
2.870197185180724659e+02
2.870387748837190998e+02
2.870426462592923258e+02
2.869499608239635222e+02
2.869745394743933389e+02
2.871665781361404584e+02
2.871674324308017390e+02
2.870471120847983570e+02
2.867655292665318711e+02
2.867326952822529051e+02
2.868675938791545263e+02
2.871604500901274832e+02
2.868340722461721839e+02
2.868974710266183479e+02
2.869587399658329900e+02
2.869870825947953108e+02
2.870423059193347513e+02
2.870416310931960311e+02
2.870996059797689099e+02
2.869832735563840629e+02
2.870181265630397434e+02
2.869174096953447020e+02
2.871479876019458857e+02
2.872914335102785230e+02
2.874253589637639834e+02
2.872679859634804416e+02
2.869536559602922239e+02
2.871230062650193986e+02
2.872629237506827735e+02
2.869671466901975805e+02
2.870507454932080691e+02
2.870802605263889404e+02
2.870968313048455798e+02
2.871759204351300809e+02
2.871942884257520632e+02
2.871998405525744147e+02
2.872870258369525232e+02
2.873121354822425246e+02
2.871073039722421640e+02
2.871475769770949569e+02
2.870899366921327669e+02
2.872633220539542549e+02
2.875019058943004779e+02
2.877426084610711428e+02
2.875887696613726234e+02
2.873969117642854485e+02
2.875257338706739461e+02
2.876576327084267746e+02
2.874751633635026451e+02
2.875165161480235838e+02
2.874719067459213875e+02
2.874538826266132787e+02
2.876801560761663836e+02
2.875797983929103339e+02
2.875194499516777569e+02
2.876572477337747387e+02
2.877764090787619580e+02
2.877020668989359820e+02
2.877528561085125034e+02
2.878836565352249295e+02
2.878311954845895002e+02
