2.865397149113996988e+02
2.865150404718194750e+02
2.865363586589363649e+02
2.865218113565265412e+02
2.864876178039357342e+02
2.864590577482755975e+02
2.865372483678360140e+02
2.865296808591790523e+02
2.865321157685321509e+02
2.864435114711169490e+02
2.863973845901795698e+02
2.863662132559240376e+02
2.864505087869452495e+02
2.863629068805379347e+02
2.864094878102245616e+02
2.864050177904214820e+02
2.864299916786266067e+02
2.865064273921146878e+02
2.864240817572586479e+02
2.864489679357629939e+02
2.865141524927217347e+02
2.865771885855816095e+02
2.865844078739697238e+02
2.865239406643212874e+02
2.865133199465790881e+02
2.866041034962576077e+02
2.865257084628953521e+02
2.864490242282615213e+02
2.863813431838192969e+02
2.864427628067961109e+02
2.864594676141328478e+02
2.865007255624703362e+02
2.866180296439248991e+02
2.865016937497062486e+02
2.861615417604655249e+02
2.862632265968794059e+02
2.864083357705137587e+02
2.864462449467583838e+02
2.864893897608358202e+02
2.864558855270058189e+02
2.865401451300508597e+02
2.864628707626708888e+02
2.863792590392662873e+02
2.864845154233660196e+02
2.864786275287410149e+02
2.865022608797345924e+02
2.865148321940693563e+02
2.866754728128563556e+02
2.865912504443394369e+02
2.865910657764707707e+02
2.865464728626707824e+02
2.865795432256772415e+02
2.866257337057205064e+02
2.863530581784310129e+02
2.864375611263284327e+02
2.864608342562710277e+02
2.864984410078071164e+02
2.865073539837610497e+02
2.866120616807143620e+02
2.865405694224986632e+02
2.866152641590317671e+02
2.866001097747635527e+02
2.865010094834006509e+02
2.864364349393258067e+02
2.863942635333869475e+02
2.865486321835655872e+02
2.865315623735144186e+02
2.865423819554777651e+02
2.865646475977080740e+02
2.865825746928597368e+02
2.865726526573012052e+02
2.866356089798687776e+02
2.867506269165687058e+02
2.867497514581854716e+02
2.866966318856879639e+02
2.866813810908619189e+02
2.866434821395385484e+02
2.867159249175925311e+02
2.867080522845793098e+02
2.867639824277739535e+02
2.868417775060705139e+02
2.867487634482560566e+02
2.867086898327958693e+02
2.866840494982283758e+02
2.867547763486355734e+02
2.867356073332938422e+02
2.867363026586603496e+02
2.867950538943792367e+02
2.866923720484090836e+02
2.867252580931177590e+02
2.867509818904513281e+02
2.868753275615512166e+02
2.868469162215237134e+02
2.868545955855358898e+02
2.868252279848483681e+02
2.867663113598779887e+02
2.867118352432928532e+02
2.868474336284826904e+02
2.868646066016903546e+02
2.868843097874988075e+02
2.868621826525620122e+02
2.868050743219257015e+02
2.868141013211784980e+02
2.867865337794097513e+02
2.868419287304203067e+02
2.868848138982359046e+02
2.868527209353110834e+02
2.868573776654877179e+02
2.868163259198773858e+02
2.869280043883493363e+02
2.869492511142507851e+02
2.869597269942331081e+02
2.868869852436169481e+02
2.866694096627459771e+02
2.866675069930768700e+02
2.867270442369919010e+02
2.867195001628252271e+02
2.868599703154208100e+02
2.868425612642932947e+02
2.868084189665475492e+02
2.868037780139454753e+02
2.868625387198023304e+02
2.866754238139796485e+02
2.866650293770580333e+02
2.867171573228459351e+02
2.868581526187105055e+02
2.868271290709187156e+02
2.868157528897430097e+02
2.868180182135011478e+02
2.869542627695058172e+02
2.869248991628844010e+02
2.869054227492012501e+02
2.869130369879425189e+02
2.865275016901754839e+02
2.868032401360926542e+02
2.869174508647176367e+02
2.869465338128567851e+02
2.869189971548181006e+02
2.869985786955867866e+02
2.870849050443684405e+02
2.872494689282464719e+02
2.871786536375909691e+02
2.867830726077214081e+02
2.867093396385419624e+02
2.869366537796662442e+02
2.870487517365058352e+02
2.871413589086552633e+02
2.872331005169382365e+02
2.872165465558863957e+02
2.872891656428475358e+02
2.873395963188089013e+02
2.873281256864933653e+02
2.871838100803446991e+02
2.873310921858229108e+02
2.874300995534496792e+02
2.873727384490579766e+02
2.873360495407912936e+02
2.873201723743179059e+02
2.873440763669015610e+02
2.874206817947690524e+02
2.874974690393422634e+02
2.874341066560289732e+02
2.874336546283940947e+02
2.875051574850605789e+02
2.874321307894596771e+02
