2.856485444808998295e+02
2.855533672505848131e+02
2.856744385618002866e+02
2.856657998321169885e+02
2.855973202825573480e+02
2.856322489953776085e+02
2.856384525721635441e+02
2.857613975656064440e+02
2.857483542946098964e+02
2.855602189174678074e+02
2.856503066276467848e+02
2.858366873742351686e+02
2.856627199883882327e+02
2.855124593247132339e+02
2.857057485501986207e+02
2.856943298937732720e+02
2.854933198553744660e+02
2.855550722331075235e+02
2.857056349245188471e+02
2.857572589742931086e+02
2.857329212127798996e+02
2.857068046110037471e+02
2.855839884470737502e+02
2.855803543885261320e+02
2.856240658798511163e+02
2.855059165988552081e+02
2.856492349982385690e+02
2.857297184657451226e+02
2.856696976331909354e+02
2.857601328558756677e+02
2.857521022565302360e+02
2.857510242303265500e+02
2.857553960075654800e+02
2.854438850562414132e+02
2.853237920167330799e+02
2.854433958670802554e+02
2.855002629811207839e+02
2.855901775009050425e+02
2.855205412952445840e+02
2.855538718645169070e+02
2.854131292640519177e+02
2.853629006219280768e+02
2.854481557905716613e+02
2.854843373077140427e+02
2.854785042447982732e+02
2.855041857736065936e+02
2.855698031721032635e+02
2.855591629377516369e+02
2.857339562444063290e+02
2.854798687386539200e+02
2.854824435851832618e+02
2.854728891700951863e+02
2.853134886070863558e+02
2.852182522460013274e+02
2.853887445057503101e+02
2.854229910336231910e+02
2.853747617658889908e+02
2.854849143171338142e+02
2.855303550575051190e+02
2.855088658700232713e+02
2.856725765988063586e+02
2.858311529607751709e+02
2.854271701308090883e+02
2.854106545020480894e+02
2.853927126639057974e+02
2.854728194334003888e+02
2.854829348561008828e+02
2.855924786798992159e+02
2.856334346372516393e+02
2.856905002221427026e+02
2.857446242853516765e+02
2.856798488660332964e+02
2.855962557414251819e+02
2.857184130493087082e+02
2.855689408342021238e+02
2.855213183172244840e+02
2.855427936480886046e+02
2.856267263768413045e+02
2.856443138829867507e+02
2.855815593182742305e+02
2.856906858830930105e+02
2.857568003403130774e+02
2.856334086479511711e+02
2.856641315449653007e+02
2.855325254858741459e+02
2.856265799715675371e+02
2.859840360771282235e+02
2.858412889723089734e+02
2.856804011030386050e+02
2.858305308711735506e+02
2.857854772207467136e+02
2.856381201241285339e+02
2.856718905009896616e+02
2.855695327280433844e+02
2.856762842225852523e+02
2.856972520584317863e+02
2.856571692134639875e+02
2.856254211663965066e+02
2.856863515881421449e+02
2.857859994120984197e+02
2.856763221411848690e+02
2.856777324618670377e+02
2.856741519045878590e+02
2.857979081059649502e+02
2.856548961480017965e+02
2.857373060489472323e+02
2.856280113660016582e+02
2.857177113099302801e+02
2.856016364039455766e+02
2.857040017983576377e+02
2.856845379844288004e+02
2.857577066930953151e+02
2.858099077350474317e+02
2.856056556417792649e+02
2.855992605532862285e+02
2.857427136463465445e+02
2.856525276638619175e+02
2.856995699675484843e+02
2.856031046892530298e+02
2.857011976318901247e+02
2.856936662022231985e+02
2.857802902922479120e+02
2.857068296690482043e+02
2.857765327636997768e+02
2.860414058491056153e+02
2.858925995824100141e+02
2.858144838434645294e+02
2.858053484768291241e+02
2.858277199133180488e+02
2.858265977180190021e+02
2.860110877733420125e+02
2.860635189444548701e+02
2.858608068546149639e+02
2.860345514144169670e+02
2.859959272561848707e+02
2.858730695062106975e+02
2.859587615335162809e+02
2.860718110045611411e+02
2.859600085369402791e+02
2.859503135576841260e+02
2.859029909645753946e+02
2.858252080051006487e+02
2.859410310007907015e+02
2.858805015456988485e+02
2.858531489234160290e+02
2.860395568430117805e+02
2.861683403020858236e+02
2.860945927367509967e+02
2.861126626045181069e+02
2.861480592414899888e+02
2.863079495838993580e+02
2.864175083892724274e+02
2.864142592209313420e+02
2.863466113583349966e+02
2.863438297080272150e+02
2.863293371915609100e+02
2.865119400865588091e+02
2.865578207293153241e+02
2.866022321373627619e+02
2.866147185641580108e+02
2.864375183032441896e+02
2.863390960253061621e+02
2.864749242675986238e+02
2.865140306490766307e+02
2.865253252767521417e+02
