2.867982059057367792e+02
2.869427878669061442e+02
2.869814844504471125e+02
2.868690285564025544e+02
2.867409994929475374e+02
2.869673435294777164e+02
2.868897134151788464e+02
2.869620897048621373e+02
2.868484402621347158e+02
2.868449168440296830e+02
2.870660993137578885e+02
2.870185166587472736e+02
2.868992565135417863e+02
2.868582905131952430e+02
2.868778111786010641e+02
2.869727562690745799e+02
2.870612840675638040e+02
2.870103791661497894e+02
2.871287754350848900e+02
2.870201798182886250e+02
2.869484519393150777e+02
2.871742667340027424e+02
2.871236175229929017e+02
2.870026424440512756e+02
2.870093249804635320e+02
2.868714863195907583e+02
2.868835511274178884e+02
2.868787964834592117e+02
2.869962694804031571e+02
2.870709253431222692e+02
2.870870344518076536e+02
2.870483423010923616e+02
2.871640199043257553e+02
2.870452831153801867e+02
2.867295341975084852e+02
2.867445833515615163e+02
2.868483061919528723e+02
2.869355338573084282e+02
2.871999027542074714e+02
2.871517065434042024e+02
2.872470389536831021e+02
2.871663005639902053e+02
2.871746566932544624e+02
2.872985612940515807e+02
2.872108813690086322e+02
2.872704393706598580e+02
2.872469167652686224e+02
2.871112133767190358e+02
2.872075268359371307e+02
2.873653088792310655e+02
2.870295022793208659e+02
2.870856910024055537e+02
2.871937870537437902e+02
2.869655264560217915e+02
2.868993047592697963e+02
2.870023843445850957e+02
2.870073834303816511e+02
2.869636372263717590e+02
2.869932425755631016e+02
2.869360749763771423e+02
2.868281414490164707e+02
2.868575423909912843e+02
2.868521919093861356e+02
2.866030471171820864e+02
2.867481667239899252e+02
2.868171306567140277e+02
2.868821404079414492e+02
2.869521650731410887e+02
2.869533983689286742e+02
2.870482686897088342e+02
2.866895281873416366e+02
2.867853496720312023e+02
2.868014763776590712e+02
2.867075622957656265e+02
2.868290911015635061e+02
2.869196397013689648e+02
2.869450522651093252e+02
2.868788201488494565e+02
2.868883262103989864e+02
2.867761529752653473e+02
2.866990876881778263e+02
2.868886182826246340e+02
2.868577416188405209e+02
2.869068921690272305e+02
2.868113124548840460e+02
2.868957019033953770e+02
2.869177538153708156e+02
2.871665727390733878e+02
2.871822245498973416e+02
2.868945858990296642e+02
2.869568059989318272e+02
2.869884906243433420e+02
2.867843976220174795e+02
2.869757885004219702e+02
2.868942135631965016e+02
2.868608148935046529e+02
2.870287724438591681e+02
2.868901467791963000e+02
2.868710821624208052e+02
2.870948185938734696e+02
2.871022861992874482e+02
2.869660424843065698e+02
2.869362439560691769e+02
2.868827477405167770e+02
2.868327496477756995e+02
2.868299578301023871e+02
2.867538892119707725e+02
2.868521737893627233e+02
2.870552350162883499e+02
2.870025441957735097e+02
2.867871576182217837e+02
2.869035259004654677e+02
2.868838273445467735e+02
2.866815709099042806e+02
2.867968961090608104e+02
2.868141404831209798e+02
2.868333938045684022e+02
2.867604176391194528e+02
2.868641373878598984e+02
2.869867075341441023e+02
2.869997046879640834e+02
2.869114633651263375e+02
2.868389379426899382e+02
2.869689394134206282e+02
2.871280915589502456e+02
2.870201597632664630e+02
2.870579394381008456e+02
2.871872329084478679e+02
2.869795367201399472e+02
2.871825978847854799e+02
2.873296537326197608e+02
2.874210506034997934e+02
2.873321105041367787e+02
2.874023609861692421e+02
2.874237476376204654e+02
2.873824585795990174e+02
2.873656170281281561e+02
2.874467354120649247e+02
2.875355925043614320e+02
2.875964577739844685e+02
2.876935426199841004e+02
2.878042953079992117e+02
2.873980962423627830e+02
2.873712896725290875e+02
2.875032071581368314e+02
2.877043171470209018e+02
2.878040313728338901e+02
2.878637430721575470e+02
2.880542721290458985e+02
2.880118475321917799e+02
2.880141059150815295e+02
2.880087539581404030e+02
2.880382703550147880e+02
2.880779604263927354e+02
2.882662072342941428e+02
2.882094837154961056e+02
2.882139011626152865e+02
2.882113989573445565e+02
2.883421101244658189e+02
2.882593564775330037e+02
2.881282036949983762e+02
2.881034530879799149e+02
2.883452405621174535e+02
2.883664116701756370e+02
2.886262431932934760e+02
