2.869002607384188650e+02
2.869314566481667725e+02
2.869301956035150738e+02
2.871885578855264498e+02
2.870143267945240382e+02
2.868489435354170496e+02
2.869772131014520937e+02
2.870897540048409837e+02
2.870973736147902287e+02
2.871912997934899181e+02
2.872759410335003167e+02
2.871759511027705685e+02
2.870352618620814837e+02
2.870170706393035402e+02
2.870770243821158942e+02
2.870906882256347785e+02
2.871280619649302821e+02
2.870416721127588744e+02
2.869372513867182874e+02
2.869114990955580993e+02
2.868634151218687407e+02
2.868665246098878470e+02
2.868491198273524674e+02
2.870483897590923448e+02
2.869341700142712170e+02
2.870747274205975259e+02
2.870948625678490771e+02
2.871726720476439141e+02
2.869638753584788446e+02
2.870219445622097396e+02
2.869289492930444680e+02
2.870949774435289896e+02
2.871163060006614955e+02
2.869821637116472175e+02
2.867453212384936592e+02
2.866609035542582546e+02
2.867368524508383416e+02
2.869404971576749972e+02
2.869401228353104898e+02
2.868880872870120697e+02
2.868467740020504380e+02
2.868638649262459808e+02
2.869132473280515683e+02
2.871681537281099850e+02
2.868616460541049946e+02
2.868811552557127129e+02
2.870071426028738983e+02
2.868098962950411988e+02
2.868680699748483107e+02
2.869681695613523402e+02
2.869506930969936889e+02
2.870156879885620356e+02
2.867305907612489477e+02
2.866226202024191139e+02
2.869025726441039410e+02
2.870301593061292920e+02
2.867319746257401789e+02
2.867786539480403576e+02
2.867630865970225500e+02
2.867546820326903116e+02
2.868471619356863016e+02
2.868645563644174104e+02
2.868430329120853344e+02
2.868700412140743765e+02
2.869398958497528156e+02
2.870638882640739098e+02
2.869821333411770183e+02
2.869403902707451834e+02
2.869686387768359168e+02
2.870671908118891338e+02
2.869534849475849683e+02
2.869879873971006532e+02
2.870285596699470148e+02
2.868989218631834888e+02
2.871739966602119125e+02
2.870295411529605758e+02
2.869643819492651460e+02
2.871602163810752586e+02
2.870106757228674610e+02
2.870703577996613376e+02
2.872094809289288833e+02
2.871902160357997218e+02
2.871097265126518892e+02
2.872330383251614307e+02
2.871071066390473447e+02
2.870116175216143688e+02
2.870404303012417699e+02
2.872235567629793991e+02
2.872220579728975167e+02
2.870779483529542517e+02
2.872094070395530139e+02
2.873437751894032317e+02
2.870383161392362581e+02
2.870308190138303530e+02
2.871911407177654496e+02
2.871480477754493563e+02
2.872664030161287201e+02
2.872305000191855697e+02
2.871893500337638443e+02
2.872198619467373533e+02
2.871163464409101493e+02
2.870127659114928633e+02
2.871048949373717392e+02
2.871006089716046290e+02
2.869991897404640326e+02
2.870004078708367956e+02
2.870701451405880107e+02
2.871662992679539457e+02
2.870943976270884264e+02
2.871467149117077611e+02
2.871520581861652204e+02
2.870701260952941993e+02
2.869515307747545876e+02
2.867705574035794029e+02
2.868578535250891832e+02
2.868308426988957081e+02
2.869767081658227994e+02
2.868731244470189381e+02
2.869665610905635162e+02
2.870051914441159511e+02
2.869581265257265841e+02
2.869893510162089001e+02
2.869328549260793579e+02
2.869800652191931363e+02
2.870379404530728493e+02
2.868645245047245567e+02
2.869547514189729895e+02
2.868584591988961279e+02
2.868991702025628001e+02
2.869736633943297761e+02
2.869873202123477540e+02
2.870351235263790954e+02
2.869090078935604993e+02
2.869097386357240111e+02
2.870002033397971104e+02
2.870216893568027103e+02
2.871071016968413119e+02
2.869852170951693893e+02
2.871051900923567359e+02
2.871237916504771306e+02
2.870351974803356256e+02
2.871060339973287228e+02
2.869576115813533193e+02
2.870014121597537837e+02
2.869114359085188539e+02
2.871595434002287561e+02
2.872343202245861562e+02
2.871151008469166186e+02
2.872801651165552244e+02
2.873732672296811188e+02
2.873659181906746198e+02
2.873488356310546692e+02
2.874053625272951535e+02
2.875203210998610075e+02
2.877098753824295159e+02
2.876114761189846831e+02
2.876897594175887320e+02
2.877392095477773069e+02
2.877445373210803723e+02
2.877035995071562411e+02
2.875933223032107549e+02
2.877143162833647239e+02
2.877435921178377498e+02
2.877930648805495935e+02
2.879107135683044589e+02
