2.868596551099817020e+02
2.871467643650136665e+02
2.869044783874316522e+02
2.868320424061244012e+02
2.870339882889773548e+02
2.870215817482036300e+02
2.868904082906383906e+02
2.870030321499131674e+02
2.870085987615354952e+02
2.870251330389588134e+02
2.870617845409709048e+02
2.868640685922686657e+02
2.869214654450982493e+02
2.870796577135655525e+02
2.869841335460885716e+02
2.870879065684802640e+02
2.872051645806967031e+02
2.870069570075277738e+02
2.868719564964655433e+02
2.868541685393939815e+02
2.870031643627432345e+02
2.869198220632402467e+02
2.870321653149721328e+02
2.871214504718155922e+02
2.871337397631269255e+02
2.871268421272745854e+02
2.870404571994122875e+02
2.870505825677569192e+02
2.870098044142358731e+02
2.869302319464035236e+02
2.868281344369779617e+02
2.870005780417865253e+02
2.872170252721548422e+02
2.871764853596027933e+02
2.867566966186347486e+02
2.868838992638221725e+02
2.869876347866155584e+02
2.869535896920161235e+02
2.869700218255582627e+02
2.870484837772422111e+02
2.870694801651554258e+02
2.872429010088616792e+02
2.870505441174795465e+02
2.869801011764812415e+02
2.870840943541003867e+02
2.870286337584889793e+02
2.870781884513808109e+02
2.872116836047331958e+02
2.872988963249179619e+02
2.870713314682350870e+02
2.871156771077451708e+02
2.870577778979425716e+02
2.870898064051984875e+02
2.869780118441583454e+02
2.869809220930234801e+02
2.869550917949276823e+02
2.869236654884915083e+02
2.869804646252502494e+02
2.870137834123454468e+02
2.870041214814878572e+02
2.871516212072688745e+02
2.871786885474092514e+02
2.870956423948233009e+02
2.870895082450201699e+02
2.871001860950898958e+02
2.870622547732544376e+02
2.870042762222088299e+02
2.871186553946790809e+02
2.870845582919698131e+02
2.870742270756387597e+02
2.870750921899725654e+02
2.871217356450135867e+02
2.871151036290972911e+02
2.871445606906021908e+02
2.870404644540242884e+02
2.871181472686376424e+02
2.870927895278994697e+02
2.872438431944386821e+02
2.870894309327282485e+02
2.869936684255918635e+02
2.870922507415422729e+02
2.871795085757001971e+02
2.871221959274717506e+02
2.871724398897006267e+02
2.871144699114153127e+02
2.871442611358089607e+02
2.871306714663637649e+02
2.871540725736981017e+02
2.872423288421500160e+02
2.871950983647996054e+02
2.872144578831506010e+02
2.872635992772542295e+02
2.871814302622021273e+02
2.871352297520219281e+02
2.873892448379381790e+02
2.872267463340037352e+02
2.872641620311741804e+02
2.872452702154885742e+02
2.873435195947961347e+02
2.873724556211438426e+02
2.873623265681782186e+02
2.871290163413021901e+02
2.873257141876354694e+02
2.873450483070426458e+02
2.873591361257379049e+02
2.873673457509531204e+02
2.871293393550587894e+02
2.870639827606467520e+02
2.872073130707395876e+02
2.873812338155212274e+02
2.872280528960641277e+02
2.871222883914238651e+02
2.871913764116587231e+02
2.871694892702997777e+02
2.870913686237590241e+02
2.869977771807384670e+02
2.870318237073097976e+02
2.871992031733156523e+02
2.872188653271651333e+02
2.871847624421685055e+02
2.871894008214004543e+02
2.874066935930588897e+02
2.871440253054417440e+02
2.870352852374406893e+02
2.871920154753452721e+02
2.871536510961367981e+02
2.871999917527123785e+02
2.874199915815465260e+02
2.872598494185882032e+02
2.871591782708557616e+02
2.873204829448553710e+02
2.873789598153186944e+02
2.876241676124649871e+02
2.875616305717792329e+02
2.874185010301582111e+02
2.872583745646653597e+02
2.873253744009891193e+02
2.874899453713589992e+02
2.877364677186174617e+02
2.877772429104729781e+02
2.875086126603965795e+02
2.874094796497911943e+02
2.872533220942945604e+02
2.873365560858864001e+02
2.874507608463250676e+02
2.873420838458977755e+02
2.875845644713611478e+02
2.877422640497249517e+02
2.877463602211485636e+02
2.877528239134915680e+02
2.878780541416913366e+02
2.879799324581292126e+02
2.879099528826080245e+02
2.878878813078524672e+02
2.880390381295184170e+02
2.880718350414080646e+02
2.878234091013634384e+02
2.877535469785331088e+02
2.878379259771978127e+02
2.880762395943573324e+02
2.878967826851963423e+02
2.879360572941636178e+02
2.880867016554052498e+02
2.881692056873799288e+02
2.883126557931845468e+02
