2.871727001024195829e+02
2.874743634519964530e+02
2.875800438383052438e+02
2.871345884309101280e+02
2.871752158123602499e+02
2.875263719502349886e+02
2.875992826192555754e+02
2.871875316922009347e+02
2.871181628139625559e+02
2.873798781075697093e+02
2.875852103763081686e+02
2.876330240542071692e+02
2.872812205875284803e+02
2.870696551462870616e+02
2.871191436030636055e+02
2.872536022681403551e+02
2.874550722609130844e+02
2.874618047547371589e+02
2.873016542128286801e+02
2.871776490221810150e+02
2.873067712028367282e+02
2.875748616292407860e+02
2.873131657284088192e+02
2.871614633846001539e+02
2.872575031697514873e+02
2.873722735366295638e+02
2.873338994448450308e+02
2.873221402417696027e+02
2.875300910948419073e+02
2.873616523901901587e+02
2.872108136572863373e+02
2.873404139175821115e+02
2.873573810007483758e+02
2.873542936826644905e+02
2.869864004994802258e+02
2.870157793286649621e+02
2.872111026456067862e+02
2.872827715959872990e+02
2.872053731342774086e+02
2.871948988594568277e+02
2.871511541032048740e+02
2.872832741348569812e+02
2.874418139920450699e+02
2.873056085097653067e+02
2.873323213365941342e+02
2.874071455809026361e+02
2.874339268490518293e+02
2.871742520519257482e+02
2.871191754987937657e+02
2.872545396743543620e+02
2.874917831660978322e+02
2.873016682971873479e+02
2.870929292451352808e+02
2.869674429011384973e+02
2.870500544305165818e+02
2.873414895879487858e+02
2.874837115290766292e+02
2.874237341570400304e+02
2.872183518747123685e+02
2.871486094017301980e+02
2.872410763333940054e+02
2.874691877996825724e+02
2.875167656623717107e+02
2.873574416600564518e+02
2.872030140536676868e+02
2.873765081561545571e+02
2.875512184957524937e+02
2.874573381511655725e+02
2.871387912449920350e+02
2.871968819795228001e+02
2.875107982462896530e+02
2.876394862790472757e+02
2.873217680282317019e+02
2.872297320465450525e+02
2.873834145239201803e+02
2.873948601079401897e+02
2.875413815937756112e+02
2.876476442391162891e+02
2.873700737284254956e+02
2.872348733711433511e+02
2.874905827435282504e+02
2.875587790951732927e+02
2.873515276653546380e+02
2.873438843839062997e+02
2.875287700384933487e+02
2.877090340688793617e+02
2.873622635781112535e+02
2.872053192889619027e+02
2.873471427116928112e+02
2.876542071096893096e+02
2.877642258893183680e+02
2.874206644090198211e+02
2.873182758014202705e+02
2.875203695753658053e+02
2.878333617889712173e+02
2.876899572610555538e+02
2.873882797098028163e+02
2.873653984517689537e+02
2.875655549693343005e+02
2.876812349600170933e+02
2.878424000575305968e+02
2.874758944639038987e+02
2.872805489579845357e+02
2.873528475054089881e+02
2.873419354048957643e+02
2.875797075695123795e+02
2.876460272642980840e+02
2.873974311491033973e+02
2.872505244499444643e+02
2.873852832471112038e+02
2.877026896364479285e+02
2.877140985483226245e+02
2.875027005522078412e+02
2.871884338791055598e+02
2.872214801181535222e+02
2.875594229767164620e+02
2.875018530100422254e+02
2.874780676194722560e+02
2.873490220709151686e+02
2.874817347830971244e+02
2.877369277191002652e+02
2.876283282384160316e+02
2.874158495373390565e+02
2.874406107908600916e+02
2.875309076375370410e+02
2.876752963733174511e+02
2.877013003741554371e+02
2.872797590063555617e+02
2.872705706568469850e+02
2.874319350306790284e+02
2.878734293594038149e+02
2.880136781695881609e+02
2.877587654278435139e+02
2.874893056237580140e+02
2.874748403808083026e+02
2.876306039062582727e+02
2.876943946603293512e+02
2.877106324809614648e+02
2.877823054415430875e+02
2.878407387188082680e+02
2.878088779192370339e+02
2.879244417764120385e+02
2.877333090030691096e+02
2.877764257811954280e+02
2.878808287679510727e+02
2.879405432272611165e+02
2.877787805685461535e+02
2.878001703529178599e+02
2.877659060347536411e+02
2.877517007255617614e+02
2.879682641387536819e+02
2.881257967306155479e+02
2.882887134535092173e+02
2.883077000141759640e+02
2.878972070423914715e+02
2.879954139288047372e+02
2.880293050993854536e+02
2.883938386415055675e+02
2.883335277790688451e+02
2.881174294139058816e+02
2.881584611833574741e+02
2.883813694439952542e+02
2.885423291664855583e+02
2.883973708156700582e+02
2.882595506444149578e+02
