2.870086691132029841e+02
2.868528646206420376e+02
2.868602365480758749e+02
2.869970531479218039e+02
2.870128613616973894e+02
2.870271209367900269e+02
2.870448885093803710e+02
2.872625519854443041e+02
2.871663187511871911e+02
2.869736317928981748e+02
2.870299006949055638e+02
2.869754957957962915e+02
2.869232961755970450e+02
2.868686381694489569e+02
2.869427040633343609e+02
2.870407016555358837e+02
2.869631919781115812e+02
2.869127182911627756e+02
2.870129936453992627e+02
2.869942159283616547e+02
2.868621439881830497e+02
2.869969324686317691e+02
2.869570821881226834e+02
2.868879336253351653e+02
2.868647148127636797e+02
2.869118275812903107e+02
2.869675283459601474e+02
2.869043606595472511e+02
2.868813879945809049e+02
2.869206023805082282e+02
2.870287922363968960e+02
2.870060356210981922e+02
2.870566034436835139e+02
2.869670370014335390e+02
2.866792745249840095e+02
2.867339564679312502e+02
2.869490142906241203e+02
2.869619799688156263e+02
2.868972483900500379e+02
2.869669624072478769e+02
2.870525092294119531e+02
2.868021196567796665e+02
2.868844186028534295e+02
2.870264867873281105e+02
2.871384501108984750e+02
2.871202310136916935e+02
2.870104073929742867e+02
2.871451254633081476e+02
2.871728260876115542e+02
2.870433581351883845e+02
2.868532378228564426e+02
2.870446627642942872e+02
2.871678409393936704e+02
2.870326203689492104e+02
2.867219466361971740e+02
2.867114541670026142e+02
2.868711974564087086e+02
2.869055613318260498e+02
2.870116197985550457e+02
2.869904727462591723e+02
2.868140312125579499e+02
2.867368668011727664e+02
2.868159245978303602e+02
2.868847492817276361e+02
2.871090993685971853e+02
2.872335484914901258e+02
2.870857642869326014e+02
2.869698623574693670e+02
2.869816462413847944e+02
2.870083939256376766e+02
2.872143903950306481e+02
2.873387161766522695e+02
2.870427148496449377e+02
2.870105913385303893e+02
2.871268023940776288e+02
2.871816064261869883e+02
2.872080184748126612e+02
2.872428081505574369e+02
2.871176028672267080e+02
2.870672715843197125e+02
2.869893518977421536e+02
2.870883533840804489e+02
2.870725423486118757e+02
2.870480168883535157e+02
2.870821496995401958e+02
2.870872962284765322e+02
2.870308956539636256e+02
2.870802759830873470e+02
2.873685382566550288e+02
2.870952828827060443e+02
2.870406781612772988e+02
2.871969763374085005e+02
2.872449125007690327e+02
2.872771842893046141e+02
2.872579010141079721e+02
2.873319299777388665e+02
2.873898328847637345e+02
2.870975037936706258e+02
2.871310000772111835e+02
2.872633002549738421e+02
2.872195379220334530e+02
2.870833511426577047e+02
2.872571092268315169e+02
2.872393494928263067e+02
2.873979779304497697e+02
2.870539655890648305e+02
2.870856554831143512e+02
2.871164377860790751e+02
2.871281449115381292e+02
2.871707222596161841e+02
2.872652467799634337e+02
2.873404076055327891e+02
2.873146445766904549e+02
2.873053764107018537e+02
2.870154911049959878e+02
2.869301611989725984e+02
2.870602301947000683e+02
2.871615113004050386e+02
2.871445705349576087e+02
2.872168404404094986e+02
2.871624133529127221e+02
2.871416969162174269e+02
2.872862784056334249e+02
2.873270752921493454e+02
2.870882271783864894e+02
2.871570389224250448e+02
2.874026019777036822e+02
2.872128926140740646e+02
2.871847606930571715e+02
2.872661056697948538e+02
2.873889876029519996e+02
2.875356746257814962e+02
2.873990874161311808e+02
2.872784930234830085e+02
2.875010994101637039e+02
2.873220282069685823e+02
2.873422447025536144e+02
2.876096418242409527e+02
2.878094655228978809e+02
2.876251135356187092e+02
2.876019398317543505e+02
2.875407912422388108e+02
2.875105803512737452e+02
2.873992433178480610e+02
2.875484843334059519e+02
2.876035531734051460e+02
2.875881518083275523e+02
2.877370970954330573e+02
2.879264418444514604e+02
2.876618386534949536e+02
2.877357048452847152e+02
2.878566671938125978e+02
2.877066366763176006e+02
2.877960375250318634e+02
2.878688527543770874e+02
2.879654850370843064e+02
2.878565876312403589e+02
2.880333220662462281e+02
2.880070711374868324e+02
2.879813246755088585e+02
2.879878092465207260e+02
2.882077699349203499e+02
2.879915756639263691e+02
2.880229602355681777e+02
2.882492165577093601e+02
