2.867791201780416941e+02
2.867182937464854717e+02
2.865590895903212072e+02
2.866270950941441811e+02
2.866328664504407584e+02
2.866067067393112779e+02
2.866773021396493277e+02
2.867137671272674311e+02
2.867730174482433654e+02
2.867826970828870685e+02
2.866305047797629868e+02
2.866120363181114499e+02
2.864703440932821650e+02
2.866151192183339163e+02
2.866673997722377294e+02
2.866166739236147123e+02
2.866495007886659323e+02
2.866382534917883618e+02
2.866894044620506179e+02
2.867228240383422531e+02
2.865643585655832908e+02
2.865769407543525631e+02
2.867186455111445298e+02
2.867361116284259879e+02
2.868078537066883769e+02
2.867346065366631933e+02
2.866876265822169785e+02
2.866240703612893981e+02
2.865660731516135797e+02
2.867405141225294187e+02
2.867929322119038602e+02
2.868756387767463707e+02
2.868025893638181856e+02
2.867431675854948594e+02
2.864753051675081110e+02
2.867689761366427206e+02
2.865552129545523599e+02
2.864596689116867765e+02
2.865639830587827532e+02
2.866609248279577287e+02
2.866464910295703135e+02
2.866270894190291756e+02
2.867094003465872447e+02
2.868054584664106414e+02
2.866657096543182774e+02
2.866523111530898973e+02
2.866176520143837934e+02
2.866863030094368128e+02
2.868389845442783326e+02
2.868125637267087313e+02
2.868435126767790848e+02
2.866993429325191869e+02
2.866295879338223358e+02
2.866870430069917006e+02
2.866417788347154669e+02
2.867347537761417016e+02
2.868544164813816906e+02
2.868150245533701082e+02
2.867894732122211394e+02
2.866749181631314514e+02
2.867622240718189346e+02
2.869671883817969729e+02
2.868389563150983008e+02
2.865782574317129274e+02
2.865405515159981746e+02
2.867155634888188160e+02
2.868866712050751175e+02
2.869269274787686754e+02
2.868094187115041791e+02
2.870888408761979917e+02
2.869954908949898709e+02
2.868107305343220901e+02
2.866922142289278668e+02
2.867521871710859500e+02
2.867803724085517842e+02
2.868990289623397416e+02
2.871042483394995770e+02
2.870543543809850462e+02
2.869346405218375367e+02
2.869189109209866615e+02
2.870624253801489090e+02
2.869942199407684598e+02
2.868355090671577159e+02
2.869895605852732956e+02
2.869622201536275838e+02
2.869611841366447607e+02
2.869708979193338223e+02
2.869991610357917011e+02
2.870368647417028001e+02
2.870178216293333548e+02
2.869726025950608346e+02
2.868457868563382931e+02
2.870656642947578234e+02
2.869530517213575536e+02
2.869896345822923536e+02
2.870127504297371956e+02
2.869152687375474784e+02
2.869136329154240457e+02
2.869839387816152225e+02
2.869900006199496261e+02
2.871570405987503705e+02
2.871785740449683431e+02
2.871231307045490553e+02
2.870230714989004923e+02
2.867412695671725373e+02
2.867927390940147347e+02
2.868246247943371827e+02
2.869434805234405985e+02
2.870161268667469017e+02
2.870670210450292643e+02
2.870325705157315497e+02
2.868199931313357069e+02
2.869377774633779836e+02
2.869764395443734770e+02
2.868785472978314033e+02
2.868120283973514120e+02
2.869286937056967872e+02
2.869596143986896664e+02
2.869230683107414848e+02
2.868579308331138122e+02
2.867443335063845780e+02
2.868186430312971993e+02
2.869994789910255690e+02
2.869963257616141163e+02
2.869290437551705395e+02
2.868732759991159469e+02
2.870393802020686849e+02
2.869260189758874162e+02
2.869831176403017139e+02
2.870900200460661722e+02
2.871091495083999803e+02
2.872675511525497427e+02
2.872429359686827297e+02
2.871957350269015024e+02
2.872782505680268059e+02
2.872257802036900216e+02
2.873139458357458125e+02
2.872819445153723450e+02
2.873367775020523140e+02
2.873122515126029271e+02
2.874292578635804034e+02
2.873836335966630600e+02
2.871110656191567614e+02
2.872851626799604787e+02
2.872026427653252654e+02
2.872551091183638619e+02
2.873458161652678768e+02
2.872461227268494781e+02
2.874462514935403874e+02
2.874053388694072169e+02
2.874711026749000098e+02
2.875371102317912460e+02
2.874582943616646844e+02
2.875098166165961970e+02
2.875228379213220364e+02
2.877592569488793970e+02
2.877285642762817588e+02
2.875220676821393226e+02
2.874777141667985347e+02
2.875734967495750993e+02
2.877268424044494850e+02
2.877488151766586952e+02
2.877388500999829262e+02
2.877387826151244212e+02
2.878094106505847094e+02
