2.867172626300779825e+02
2.867685917243107951e+02
2.866502163861904933e+02
2.867412616352539771e+02
2.867238609975597683e+02
2.866826861019993089e+02
2.868491244337890862e+02
2.869182156332456657e+02
2.866807366449135088e+02
2.867141078770794707e+02
2.866449902780954631e+02
2.865047229756764295e+02
2.866697799166674372e+02
2.866285207261260553e+02
2.865144757336117323e+02
2.864874347145963043e+02
2.865994784567153602e+02
2.866120100562582138e+02
2.865455737924775690e+02
2.865517616662345972e+02
2.865129438454368938e+02
2.865993784433621840e+02
2.867571051079481208e+02
2.865456385175288005e+02
2.865590428909761158e+02
2.864592884511449142e+02
2.864971360171792298e+02
2.867912757111137694e+02
2.868861465454053814e+02
2.867719177097748684e+02
2.868307537802355114e+02
2.867699090729726095e+02
2.867257211838931994e+02
2.866747389752878803e+02
2.864787954410619477e+02
2.863783596192762388e+02
2.863858806192851034e+02
2.864950475030718735e+02
2.866618459777808994e+02
2.866780132000361050e+02
2.864635728296659067e+02
2.864135740363250875e+02
2.865508754837995298e+02
2.866049999278850464e+02
2.866287216721698883e+02
2.867286626560244827e+02
2.867283575220724288e+02
2.866240060220010264e+02
2.866231497571055797e+02
2.866808970851025720e+02
2.867245236185877957e+02
2.867171266366736404e+02
2.867457826781892436e+02
2.864786059537302663e+02
2.863734207641333001e+02
2.863445760059183272e+02
2.862704998785381463e+02
2.862996124636857758e+02
2.863917446924768342e+02
2.864708892726044951e+02
2.864805845851350909e+02
2.864837629911109502e+02
2.863484807501289993e+02
2.864326474900747712e+02
2.862948985233304029e+02
2.862762346961081334e+02
2.864536537048674063e+02
2.862803280448355849e+02
2.863038588736980614e+02
2.862568076867227091e+02
2.861754634129616193e+02
2.862186368418230700e+02
2.863187477278630695e+02
2.863681414197329218e+02
2.865104604879633143e+02
2.864600198840689700e+02
2.864622749631539591e+02
2.864258951611068937e+02
2.862924218151666196e+02
2.862015995046808143e+02
2.862834216221667134e+02
2.862361413364166651e+02
2.862218081874971176e+02
2.862214710902530896e+02
2.862182973595445219e+02
2.860255968889341034e+02
2.861549512052611703e+02
2.863503768280593818e+02
2.864343263588808099e+02
2.861897752761717584e+02
2.863514013449654954e+02
2.864753752902990414e+02
2.865841709175346637e+02
2.864557555030046387e+02
2.865573185452572602e+02
2.867521669437451237e+02
2.867321739659687978e+02
2.864015869522583557e+02
2.863443373825898561e+02
2.864731452790520621e+02
2.865757058685858851e+02
2.866596925192647518e+02
2.866638557034240762e+02
2.866462171900918179e+02
2.865629381864490028e+02
2.867055937304746180e+02
2.868362384701218275e+02
2.865023180397180909e+02
2.864043939351178665e+02
2.864216931902846568e+02
2.863572737238495733e+02
2.865374759334013106e+02
2.865553192709155610e+02
2.862909315340731951e+02
2.860430447929834941e+02
2.860629355158691283e+02
2.861864161273153968e+02
2.861532853381219752e+02
2.859725128413785455e+02
2.861400538300414951e+02
2.861681345308280129e+02
2.862302528856109234e+02
2.863996583130193017e+02
2.864100605394471017e+02
2.863154357469027218e+02
2.864251518866109905e+02
2.864453728443134537e+02
2.864798690638598941e+02
2.865997988726633707e+02
2.865728772969773104e+02
2.866454702802194561e+02
2.867203538976240225e+02
2.866397267786444445e+02
2.865649272406743648e+02
2.865898871967435184e+02
2.865441538989784362e+02
2.865967392861309122e+02
2.866748817630137296e+02
2.868771514983104680e+02
2.866988350339313456e+02
2.867181751744058147e+02
2.868045229325444438e+02
2.865861629644812751e+02
2.866437330172680049e+02
2.866239733078534186e+02
2.867613555231170039e+02
2.868484379143473006e+02
2.871354763735760685e+02
2.871821498159700354e+02
2.871254460306769261e+02
2.870658668838642029e+02
2.871003064683658863e+02
2.872105991560401890e+02
2.872136278362735879e+02
2.872673455070798809e+02
2.872357728758652797e+02
2.871462013441035310e+02
2.873473679005772397e+02
2.873484740850750541e+02
2.873532249805101060e+02
2.874113319057262856e+02
2.875364189772168970e+02
2.875711235304590900e+02
2.877622388257059356e+02
2.879605875443115224e+02
