2.863296024302509863e+02
2.862644626662244036e+02
2.863116210964579409e+02
2.863186184510727230e+02
2.862574007289227325e+02
2.863709870639825681e+02
2.863409037471761280e+02
2.862745874500871537e+02
2.862396045863608833e+02
2.861979999626827862e+02
2.862199771129240276e+02
2.862499129146729615e+02
2.861938448585947299e+02
2.861216903509148324e+02
2.861201550200749466e+02
2.860989010402631152e+02
2.861531585094616617e+02
2.861625669753565830e+02
2.862285681872249938e+02
2.861254586471665107e+02
2.860829713375185861e+02
2.861105798102852305e+02
2.861780724557768849e+02
2.862884371125954317e+02
2.862261379717825207e+02
2.862199186180861830e+02
2.861877745387677692e+02
2.860927294619448276e+02
2.862512733820128119e+02
2.860901414815548378e+02
2.862222734597073668e+02
2.862390992701097616e+02
2.861441248703803808e+02
2.860942614626900991e+02
2.858766353893025780e+02
2.860926750702565755e+02
2.861317894867024734e+02
2.860618051785856437e+02
2.861341623388482844e+02
2.862999726665330513e+02
2.862103178274347215e+02
2.861317460401763242e+02
2.862214738675416470e+02
2.862124826201982728e+02
2.862788018173235969e+02
2.862717837421909621e+02
2.862668216474482392e+02
2.863223358243254779e+02
2.862689848553034722e+02
2.863921601958712131e+02
2.862292262094619559e+02
2.862745012038023447e+02
2.863131540083788309e+02
2.860770359328996051e+02
2.861225443863027067e+02
2.862772457772998109e+02
2.862848068818955767e+02
2.862712975478258954e+02
2.863379023362606972e+02
2.862756008221140291e+02
2.862905798369794752e+02
2.862536979617051998e+02
2.862002722508603938e+02
2.861613328430617571e+02
2.862535181315886916e+02
2.863215281395098941e+02
2.863933446170157140e+02
2.863657479843101896e+02
2.863774043075497389e+02
2.864281784552117642e+02
2.864232849379883987e+02
2.865071397253385044e+02
2.863308276131081698e+02
2.863460213026187944e+02
2.862742664896245515e+02
2.863264750684021465e+02
2.863628886715483759e+02
2.863834132335808249e+02
2.863299760572460855e+02
2.864560547601656140e+02
2.864489499666520373e+02
2.864120326942301062e+02
2.865514994160351421e+02
2.866464438394775129e+02
2.865609161968959029e+02
2.865350247958894556e+02
2.865165969726991193e+02
2.864282242523312902e+02
2.864293613570341108e+02
2.866875743027656540e+02
2.866465068059711143e+02
2.865013720546571108e+02
2.866547412286331564e+02
2.865578007234901747e+02
2.866258855004969064e+02
2.865767787837200444e+02
2.865833112185397908e+02
2.866355670291899855e+02
2.866003810074030298e+02
2.866304351102077703e+02
2.865955564483405738e+02
2.866340844894534712e+02
2.866961073620225307e+02
2.865770896815378705e+02
2.866760413429625487e+02
2.867103540513161875e+02
2.867057657901751213e+02
2.866775646704637097e+02
2.866596079236398396e+02
2.865978235128148413e+02
2.866849453741676257e+02
2.866188659380279091e+02
2.864802500872486348e+02
2.863597351119290693e+02
2.863609352915132149e+02
2.863524232123170350e+02
2.865569963032898499e+02
2.865136736873615178e+02
2.864955501402891400e+02
2.865751334524584877e+02
2.866263840036888269e+02
2.865414101309954162e+02
2.865507035804724296e+02
2.865942418496321693e+02
2.865932085497796038e+02
2.864898834790384967e+02
2.866179129769482756e+02
2.865660783918016818e+02
2.866717854028968873e+02
2.868143154222092335e+02
2.867934235925544044e+02
2.868164452453035551e+02
2.867082175992290445e+02
2.862255758167602266e+02
2.862856923530706013e+02
2.865075009767562619e+02
2.865902542122714749e+02
2.867958199640775661e+02
2.868151524351100079e+02
2.867885419510124052e+02
2.868375054096916870e+02
2.867967532383080993e+02
2.864107450611787158e+02
2.863692479410490819e+02
2.865942587072779020e+02
2.866690302661333476e+02
2.867150109001540841e+02
2.868073693348308666e+02
2.868654151602385696e+02
2.869061697106798761e+02
2.870231383894129635e+02
2.870142945817677287e+02
2.870895144188264112e+02
2.870550213650107594e+02
2.870851431175244670e+02
2.871455886736148955e+02
2.870270724266568436e+02
2.868975183952022121e+02
2.869092027120890975e+02
2.870988238930784746e+02
2.869662481919226593e+02
2.869436100330312343e+02
2.870921796450197121e+02
2.871619847512993147e+02
2.872160422810727596e+02
