2.856695170323572484e+02
2.855498219442181380e+02
2.856681254520706830e+02
2.856701654428063080e+02
2.856878853723713974e+02
2.857058575019955242e+02
2.855735777097635832e+02
2.855632054793949806e+02
2.857469493442727639e+02
2.855533333906048483e+02
2.856762717000179350e+02
2.857340588033148379e+02
2.856422617287793742e+02
2.857176018063753418e+02
2.857535778413734988e+02
2.856570154332736706e+02
2.855890431040218687e+02
2.856475245418918689e+02
2.856170858828036785e+02
2.857374580388844265e+02
2.855983415698333943e+02
2.854811187944451376e+02
2.856368405099900087e+02
2.855537417049213786e+02
2.855211193796641282e+02
2.854877143471284739e+02
2.854752196835106020e+02
2.855393273024124028e+02
2.855336708268455936e+02
2.857073437037812482e+02
2.856526804287898926e+02
2.856923588377688930e+02
2.856765349243293031e+02
2.856663107706598339e+02
2.856550763203187557e+02
2.855412715327437922e+02
2.855042404808420997e+02
2.856136215753057286e+02
2.855537306707581138e+02
2.855692647268709266e+02
2.855796906618190292e+02
2.856067146525971339e+02
2.856426866132807163e+02
2.856822684545000470e+02
2.855744984167232587e+02
2.857520659245205934e+02
2.857290623959556797e+02
2.857030892400762809e+02
2.856823480196353557e+02
2.856185414299507670e+02
2.855490783865045046e+02
2.856354021086634702e+02
2.856636878689179184e+02
2.856241810379939920e+02
2.855991715130276702e+02
2.856500072273850037e+02
2.856603079890047070e+02
2.856518360256728215e+02
2.856397587071120938e+02
2.856916273178605934e+02
2.857297230143536240e+02
2.857973701226229650e+02
2.855655931421979403e+02
2.855113262664038416e+02
2.855447271515741363e+02
2.856312855786092086e+02
2.856305011989893501e+02
2.855736478187092757e+02
2.858021865494061444e+02
2.858439979763275005e+02
2.857451080937462962e+02
2.857906011836507219e+02
2.858309666661804727e+02
2.856712910971132260e+02
2.855054139707296486e+02
2.856434366945117631e+02
2.856473003832123823e+02
2.857497735438859650e+02
2.856127750646590471e+02
2.856038427718413573e+02
2.856175588127213700e+02
2.856465124266199496e+02
2.856386673324519165e+02
2.858187808240817844e+02
2.857222962984937453e+02
2.855973460650138804e+02
2.856425610582802506e+02
2.857223221089281537e+02
2.857182379364986105e+02
2.856587724516866160e+02
2.856509868104362226e+02
2.856638937469835469e+02
2.856215737276899631e+02
2.856562267961008388e+02
2.857126266020889602e+02
2.857303459174632394e+02
2.858336668803719931e+02
2.857764059362870626e+02
2.858113977146080060e+02
2.857996901527089904e+02
2.857898130655283353e+02
2.856792351613040637e+02
2.855658869447139523e+02
2.857661072710126859e+02
2.858132045603200027e+02
2.858019170508652564e+02
2.858201220246922389e+02
2.859561288078461416e+02
2.857978642679017867e+02
2.858482905081849026e+02
2.858801980337736381e+02
2.857658157824504315e+02
2.857492202304395050e+02
2.857066462840966778e+02
2.857978945031654234e+02
2.856215464895212222e+02
2.857676067278348455e+02
2.857147990989698769e+02
2.856122496582093504e+02
2.855352321885824836e+02
2.856424441926179725e+02
2.856032969062541156e+02
2.855659185584320880e+02
2.857414166049974256e+02
2.857269546878972051e+02
2.856075310674359002e+02
2.855984176361124014e+02
2.857073371952405978e+02
2.858486243996370035e+02
2.858074130617440574e+02
2.858998200004719479e+02
2.858691507933392586e+02
2.858868428377934947e+02
2.857976178207703697e+02
2.858262466055861637e+02
2.859510836280612125e+02
2.860251418853309247e+02
2.858551365263721209e+02
2.860550409271800731e+02
2.861242734702796611e+02
2.860751964832892895e+02
2.860830599478065892e+02
2.859310224469693935e+02
2.859134427749080487e+02
2.859461437879756431e+02
2.859545278166332878e+02
2.860041795230466164e+02
2.860392471391650702e+02
2.860367210918167302e+02
2.860558328124720333e+02
2.861905213456829529e+02
2.863372242273903225e+02
2.861719015066108227e+02
2.861923183321527517e+02
2.864130605649326640e+02
2.863535240134396531e+02
2.861785541460948821e+02
2.863038082137009042e+02
2.863781160166850555e+02
2.862909940584166293e+02
2.863987472436035659e+02
2.864791273503150819e+02
2.863187867685152810e+02
2.864227512917075842e+02
2.866083354255385416e+02
