2.867148189279166104e+02
2.869501629375371863e+02
2.870799456645027590e+02
2.867712101091053114e+02
2.865544008234850821e+02
2.866260227141031010e+02
2.869660951578369463e+02
2.868908223266946607e+02
2.866343498184014038e+02
2.867493220313357369e+02
2.869511499982610303e+02
2.867180882329336669e+02
2.867058226726034036e+02
2.868648865227783631e+02
2.870183918674845813e+02
2.869829513026355698e+02
2.865258581913323042e+02
2.866870334948359300e+02
2.869765270380115112e+02
2.868194718957740292e+02
2.866689431236953851e+02
2.867297488859023247e+02
2.868212682334865349e+02
2.867246925356898259e+02
2.868381323221977937e+02
2.867077002860073662e+02
2.865361858190725570e+02
2.866658265128358494e+02
2.866205351197102686e+02
2.867260075134893214e+02
2.869013306325825283e+02
2.869345815844064305e+02
2.868885181917582372e+02
2.864662944400144511e+02
2.862424935117185214e+02
2.865825432785613884e+02
2.867376525799883211e+02
2.865484481396869683e+02
2.866550026944908041e+02
2.868634675029435925e+02
2.868445132793886501e+02
2.867650341742157707e+02
2.868587010196399092e+02
2.867729911664993097e+02
2.867659586282305213e+02
2.868092571817078351e+02
2.868691786825732493e+02
2.867530627501913614e+02
2.867237831038289073e+02
2.869952323714822455e+02
2.868057579173341765e+02
2.865220966527362521e+02
2.865975938020768012e+02
2.866405575480721950e+02
2.867942526123152334e+02
2.865271767990210492e+02
2.866072151953467824e+02
2.867196500813475382e+02
2.869989480807496420e+02
2.868260792858773129e+02
2.867299310144214246e+02
2.867954436167640893e+02
2.867240477886181793e+02
2.869287343444268572e+02
2.869802911638215051e+02
2.867026599586586713e+02
2.867406576889542293e+02
2.866930324021493561e+02
2.868364621884973644e+02
2.867853214701339084e+02
2.868060236146407647e+02
2.870541043077324161e+02
2.867419858842536087e+02
2.866805221982714329e+02
2.867431015788599211e+02
2.870086493491538135e+02
2.870305744893829001e+02
2.867549282909241697e+02
2.867430281517442268e+02
2.870172813732056056e+02
2.870628206956797044e+02
2.868917505203399401e+02
2.867655839802031323e+02
2.870240408081261307e+02
2.870933005432518144e+02
2.867205645550584450e+02
2.866354997183902356e+02
2.869839187669625176e+02
2.870371586206723009e+02
2.868321387993782423e+02
2.868318437159537666e+02
2.869375261259759213e+02
2.868331815152304785e+02
2.870180618649501980e+02
2.871287884585800043e+02
2.868044801079324202e+02
2.866870193542671927e+02
2.867569879744932564e+02
2.872218881810905486e+02
2.871962838206683841e+02
2.868652126653639129e+02
2.868584769076134080e+02
2.868739553555497537e+02
2.866979550252747799e+02
2.868010968992618359e+02
2.871274546398814209e+02
2.870660825516233672e+02
2.868003691487605806e+02
2.866993204765944370e+02
2.869022044864052532e+02
2.871481249751838618e+02
2.869707294772695150e+02
2.867141307593153101e+02
2.866921114632313561e+02
2.868273237547314238e+02
2.868233404206735599e+02
2.866886633964221573e+02
2.868195607997023444e+02
2.871341473426942912e+02
2.870546555463910749e+02
2.868866201448876723e+02
2.868531374311932041e+02
2.869712117645242984e+02
2.868375513937646133e+02
2.867526992971788218e+02
2.870549036985132716e+02
2.870416147231578066e+02
2.868915646793856808e+02
2.867316699002729479e+02
2.869998639908964719e+02
2.871446685159872345e+02
2.869961293635230959e+02
2.869268394150464587e+02
2.867999587248413036e+02
2.868681235762301753e+02
2.870235723084416009e+02
2.873213429389060707e+02
2.873599679384889214e+02
2.869719887822815849e+02
2.870215612857159044e+02
2.873738107843705620e+02
2.872553572724100377e+02
2.868088155336527620e+02
2.868836902547957379e+02
2.870739572996893116e+02
2.873262666562108620e+02
2.872838052286833204e+02
2.870363198225064139e+02
2.872152937083009760e+02
2.875401285283596167e+02
2.875141184099723546e+02
2.876470015150788981e+02
2.872737680242510692e+02
2.872555152323233756e+02
2.875928855826549579e+02
2.876552793191152659e+02
2.873960244387863554e+02
2.875106084871405869e+02
2.878838823069956447e+02
2.877173909738434645e+02
2.874101256488319791e+02
2.875851314753871293e+02
2.876644666836058946e+02
2.874718214764226900e+02
2.874261041219451727e+02
