2.871328770991789838e+02
2.871033171876881624e+02
2.870664416007478508e+02
2.870236401133299182e+02
2.870810358412739447e+02
2.870899538120211787e+02
2.870148556223709306e+02
2.871244600528663682e+02
2.870726716932146587e+02
2.868742291264587152e+02
2.870354167839950037e+02
2.870088013279766983e+02
2.869034886260658368e+02
2.869128135349049558e+02
2.869085605081475592e+02
2.869775195226117717e+02
2.870522226528867691e+02
2.870577817553411819e+02
2.870474204270713017e+02
2.870747276000749935e+02
2.870827116406731534e+02
2.869760608078699988e+02
2.871279131362643398e+02
2.870818725198894867e+02
2.869121310294423779e+02
2.870218240374313154e+02
2.871125283197238787e+02
2.870788532432704301e+02
2.871036479553269487e+02
2.870283035765352793e+02
2.870938099760108457e+02
2.871244913030409975e+02
2.868354947597042042e+02
2.868550738366944302e+02
2.865857015971289457e+02
2.866078485917620924e+02
2.865305043911223493e+02
2.864628617267688355e+02
2.866741293980792875e+02
2.870562533041127153e+02
2.870529032912969001e+02
2.867574909479706093e+02
2.866965784985883943e+02
2.866435107201964456e+02
2.866705621043539054e+02
2.865752463452352572e+02
2.868866604119593831e+02
2.870459217589751120e+02
2.869148523553337213e+02
2.869942445278637706e+02
2.870411806979143989e+02
2.867620890440441030e+02
2.868007220218131579e+02
2.867113513525567896e+02
2.867406034600838325e+02
2.867350780281764173e+02
2.867048474151928872e+02
2.866466119231345715e+02
2.867577021096664112e+02
2.868234031926552916e+02
2.868231887748306121e+02
2.867822193340436456e+02
2.868376266719068894e+02
2.868446870709508971e+02
2.869226492364272758e+02
2.869129410768263142e+02
2.868364461755047046e+02
2.869643272828665772e+02
2.869548312567970356e+02
2.869493893218460698e+02
2.869455961054690079e+02
2.870217873370075949e+02
2.869101337058754666e+02
2.871611800732385404e+02
2.872165347282917196e+02
2.870251107375502784e+02
2.869638974360354382e+02
2.870840622646666702e+02
2.871233349959695715e+02
2.871820383052079251e+02
2.871552444217075504e+02
2.870639367199241292e+02
2.870131792652037461e+02
2.870385729059722166e+02
2.871769573497807073e+02
2.872739777302016364e+02
2.871078230964324121e+02
2.873679283250950789e+02
2.871232689878536917e+02
2.871522983098132613e+02
2.872230605153774263e+02
2.872170662092031534e+02
2.873174243192416384e+02
2.870300615416251162e+02
2.871417639046293289e+02
2.874600281560348662e+02
2.872126783873775366e+02
2.873166738990522617e+02
2.874057546509960730e+02
2.874101923129699685e+02
2.875316800157119133e+02
2.875116506257505193e+02
2.875883141647580032e+02
2.874461991813637383e+02
2.874264662132655417e+02
2.875717757125035519e+02
2.875484334405518894e+02
2.874559647416160146e+02
2.875700737618914786e+02
2.875615621944135682e+02
2.875180130177474211e+02
2.874638086144673821e+02
2.874752767398986748e+02
2.873348667549476545e+02
2.872353063855164237e+02
2.873851918996938366e+02
2.874381147214388079e+02
2.873600262343141480e+02
2.874632650640886595e+02
2.875033595277494101e+02
2.874779778855464087e+02
2.875724491620255208e+02
2.876889355642035184e+02
2.875588748603528870e+02
2.875836275675828801e+02
2.875607824601335665e+02
2.875821096690339687e+02
2.875239940506538687e+02
2.875993015926096064e+02
2.877351114253681317e+02
2.877096153251556530e+02
2.876939287302091657e+02
2.877210983543814677e+02
2.876614905868819960e+02
2.875757706897268235e+02
2.874679963285232702e+02
2.874595879634780431e+02
2.878455545579782324e+02
2.878763616043115690e+02
2.875892580735776960e+02
2.877962445972366368e+02
2.876510844178296225e+02
2.874385830818809495e+02
2.874404966252436111e+02
2.875427356090650051e+02
2.876486156843808999e+02
2.877619182281588337e+02
2.878617313272537217e+02
2.880291362540048681e+02
2.881361461372346753e+02
2.881738255151730641e+02
2.881196458447285522e+02
2.881952029646048459e+02
2.880941369154806466e+02
2.881804131341426114e+02
2.882326345401488084e+02
2.881711853778982118e+02
2.881199337431882554e+02
2.882363488980362831e+02
2.880789812761644271e+02
2.881739835525575018e+02
2.884468874301725236e+02
2.882594073856675436e+02
2.882557270929476658e+02
2.883928948296594967e+02
