2.872648668893219792e+02
2.872151534758407934e+02
2.871589996798063567e+02
2.872402580378408743e+02
2.871814785418660563e+02
2.871824005578550327e+02
2.872957528375837342e+02
2.874700413247346091e+02
2.872405127503155882e+02
2.871727877039198233e+02
2.872339488119889666e+02
2.871833455893985843e+02
2.869952914373353678e+02
2.870132574035673656e+02
2.871654276342187018e+02
2.873652650351240823e+02
2.872437949054375963e+02
2.872473586226999487e+02
2.871846248605935443e+02
2.872081736770780935e+02
2.870461115435531951e+02
2.870545306428784329e+02
2.871987013253140049e+02
2.874043880853164978e+02
2.873213361713951599e+02
2.871952493176576695e+02
2.872041379354237165e+02
2.872310524672379302e+02
2.874060416889245175e+02
2.873856287343282361e+02
2.873330011668752491e+02
2.870758423550109342e+02
2.871537933836789875e+02
2.873681911500585215e+02
2.870733457351612401e+02
2.870704486993115552e+02
2.872233611873736550e+02
2.873453869144373698e+02
2.873013916161939392e+02
2.874198729122092004e+02
2.875213676477633840e+02
2.871845201726426353e+02
2.871345952500882959e+02
2.873197028267105111e+02
2.873377869158790645e+02
2.874193059170489164e+02
2.873969390204874230e+02
2.873876703699073119e+02
2.872425192915657703e+02
2.871317860798688457e+02
2.872385034885048185e+02
2.873280733580759829e+02
2.873266603934255841e+02
2.870798212282172130e+02
2.871050504020018366e+02
2.872381496768011289e+02
2.872221355887392633e+02
2.872029264016567822e+02
2.874853394918151821e+02
2.873344530408900823e+02
2.873406528457326772e+02
2.874247620556296283e+02
2.872879958687448720e+02
2.872239659800861205e+02
2.872401204913055039e+02
2.872147734418818459e+02
2.873399032930533394e+02
2.874013176797867004e+02
2.875156543386394219e+02
2.873879178120219535e+02
2.874430649213713309e+02
2.874255522852978970e+02
2.873836481443083812e+02
2.875158257911189139e+02
2.873027299455100092e+02
2.873623241821207444e+02
2.873528440880601806e+02
2.875585439908030594e+02
2.876197576014704396e+02
2.875424288127658201e+02
2.874085732692378201e+02
2.875788311034010007e+02
2.876978824370723942e+02
2.875470338606377254e+02
2.874093958091082186e+02
2.875763236130977702e+02
2.876931159011998034e+02
2.874331055318191943e+02
2.875014178398936906e+02
2.875535697877734265e+02
2.874568891420192358e+02
2.874360029807558021e+02
2.875651813344125003e+02
2.875368903820764217e+02
2.873848133318409737e+02
2.873896546321661276e+02
2.875354252155255494e+02
2.876739894239762521e+02
2.877307268912228437e+02
2.873913692972812441e+02
2.875596939834848627e+02
2.875859884845946794e+02
2.876515509556299435e+02
2.876967755633773436e+02
2.875782637688024579e+02
2.875293911289521702e+02
2.877730404773190571e+02
2.874996020402825820e+02
2.874765449867507527e+02
2.876523706349000236e+02
2.877340468714976964e+02
2.875438180886950477e+02
2.874947475833920976e+02
2.873736970245897169e+02
2.871953455414775931e+02
2.872192599970874767e+02
2.873856880245348862e+02
2.873901434837978854e+02
2.872074088082999310e+02
2.872144894074098147e+02
2.874606236935314882e+02
2.876514413206006680e+02
2.875754538158702758e+02
2.874158857828377336e+02
2.875066158125160314e+02
2.876536817210654249e+02
2.875683288245247127e+02
2.876473207333801270e+02
2.875771355320326279e+02
2.875651311187621104e+02
2.876635368394346983e+02
2.878955075233409957e+02
2.876279693206892034e+02
2.875814843075824569e+02
2.878391666017294597e+02
2.878215570232138703e+02
2.878034970546373188e+02
2.879097401271855006e+02
2.878463540995323910e+02
2.876956269099967471e+02
2.877969515269700764e+02
2.878641605752529244e+02
2.877122663039184545e+02
2.878388036409655797e+02
2.878697037761747310e+02
2.878297324823416830e+02
2.880052314982376060e+02
2.879024141264906689e+02
2.878942432684868322e+02
2.879410785580083143e+02
2.880203141198401795e+02
2.879585686002021134e+02
2.880975993685063372e+02
2.882925772897038428e+02
2.883243464779817486e+02
2.881942733910721017e+02
2.879247641963330011e+02
2.882522986779196117e+02
2.884559551636979791e+02
2.882547866561312730e+02
2.881949653884823306e+02
2.881632661391049623e+02
2.881727418476719436e+02
2.882041697567885308e+02
2.882291420944990818e+02
