2.871318484206450989e+02
2.869913770354213511e+02
2.871079783540054677e+02
2.873150022798804457e+02
2.874713134546908009e+02
2.875520483624457597e+02
2.873239211781392441e+02
2.871945061755288862e+02
2.872071447874762953e+02
2.874802297348134630e+02
2.874791002006492704e+02
2.873785787630951063e+02
2.871240028089800376e+02
2.870210314403151983e+02
2.872493084774367276e+02
2.874713610491648978e+02
2.874059195062461640e+02
2.871066948571127568e+02
2.871583492447916228e+02
2.873584318588553401e+02
2.873997322696145602e+02
2.872076197433002562e+02
2.871456067882327829e+02
2.874513955229058411e+02
2.876238208837233969e+02
2.873544521947844714e+02
2.871190341820043272e+02
2.870774123161194780e+02
2.872206179004596720e+02
2.873290069517178722e+02
2.874983693566799730e+02
2.873176118290712679e+02
2.872437179001228174e+02
2.872404662457136624e+02
2.872364879438542857e+02
2.871406129666816582e+02
2.871110868608402598e+02
2.870544041515179856e+02
2.870976917874044716e+02
2.872815299423021429e+02
2.874772968347382971e+02
2.874074909057179070e+02
2.871556166376036003e+02
2.872339946581366235e+02
2.873730290322016572e+02
2.876060261880168127e+02
2.872853831473733521e+02
2.870553414135507069e+02
2.872394736638497648e+02
2.876024208141915892e+02
2.875208169469615314e+02
2.872900342930273041e+02
2.873055079848218156e+02
2.871697137728285725e+02
2.871754206279700838e+02
2.874122557444528638e+02
2.875740320939784738e+02
2.874173386709617830e+02
2.872801187379893690e+02
2.874333622137371549e+02
2.874538541866813262e+02
2.873385427395674583e+02
2.874061463678633004e+02
2.873326495402976093e+02
2.871825967905926404e+02
2.871651260450241239e+02
2.873586074163462172e+02
2.875539212186441773e+02
2.875869129347437934e+02
2.872664358070654771e+02
2.871875286931464188e+02
2.873713117427939778e+02
2.874441385305070185e+02
2.875233501656645672e+02
2.875596445176077509e+02
2.876284312753632548e+02
2.872681869279977604e+02
2.871862344417681356e+02
2.873671140773946604e+02
2.875983229675366033e+02
2.876279022734941577e+02
2.873196658544512161e+02
2.873021116832418898e+02
2.875322264330772555e+02
2.875638434221818329e+02
2.873234618166721361e+02
2.873502096547252336e+02
2.875403856189740850e+02
2.876703159098404399e+02
2.874904718439043450e+02
2.874155549443726727e+02
2.876834625760607764e+02
2.876179050101697499e+02
2.873002801624651283e+02
2.874453114103428675e+02
2.875860784411080999e+02
2.876375508555386205e+02
2.876086990757162880e+02
2.872607984494865718e+02
2.872143999431186216e+02
2.875114330764346278e+02
2.876327131521645128e+02
2.874409933006864435e+02
2.874155796712098550e+02
2.875568643056223550e+02
2.877457920911949714e+02
2.874761454062973485e+02
2.872825147230926746e+02
2.874389222425984372e+02
2.875131985261051000e+02
2.877569587126646411e+02
2.877242325609429372e+02
2.874072368982378975e+02
2.870358671910329917e+02
2.870718297252811340e+02
2.873230800481327947e+02
2.875252095216011980e+02
2.875036531233983510e+02
2.872116538544728996e+02
2.872107117963604423e+02
2.874626902106129478e+02
2.876943307932759240e+02
2.873853883430499536e+02
2.873264338135644493e+02
2.875243292270459392e+02
2.876148233003398218e+02
2.871512016858613379e+02
2.871999376855999344e+02
2.874913217024788992e+02
2.877628088067032763e+02
2.878744027266814101e+02
2.876773953648606152e+02
2.873860784229573824e+02
2.873280592100683748e+02
2.877058086819552614e+02
2.877748954409321414e+02
2.874515897781895433e+02
2.874768627821504765e+02
2.877445776645123487e+02
2.880081927301293376e+02
2.879618300770270594e+02
2.876662864836729341e+02
2.874623241116175336e+02
2.877307377742724839e+02
2.879195987155470675e+02
2.876956147651175684e+02
2.879790134469362215e+02
2.879888740648589192e+02
2.878240156496191844e+02
2.876886413665871487e+02
2.876803511466914074e+02
2.879393515639281418e+02
2.881230376368798716e+02
2.878431834689850461e+02
2.878239664743081789e+02
2.880399910489413173e+02
2.883933595138148007e+02
2.883226834717846145e+02
2.879796117375859694e+02
2.878390763722964607e+02
2.880069336988755140e+02
2.883587631559004762e+02
2.882465658882465505e+02
2.881024157809168287e+02
2.880782748909672932e+02
