1.850000000000000000e+03 -3.900000000000000133e-01 7.000000000000000666e-02 5.500000000000000028e-02 4.299999999999999656e-02
1.851000000000000000e+03 -2.240000000000000047e-01 6.800000000000000488e-02 5.299999999999999850e-02 4.200000000000000261e-02
1.852000000000000000e+03 -2.620000000000000107e-01 6.800000000000000488e-02 5.299999999999999850e-02 4.299999999999999656e-02
1.853000000000000000e+03 -3.220000000000000084e-01 6.700000000000000400e-02 5.099999999999999672e-02 4.399999999999999745e-02
1.854000000000000000e+03 -2.610000000000000098e-01 6.700000000000000400e-02 5.199999999999999761e-02 4.200000000000000261e-02
1.855000000000000000e+03 -2.600000000000000089e-01 6.600000000000000311e-02 5.099999999999999672e-02 4.200000000000000261e-02
1.856000000000000000e+03 -3.880000000000000115e-01 6.600000000000000311e-02 5.099999999999999672e-02 4.200000000000000261e-02
1.857000000000000000e+03 -4.859999999999999876e-01 6.500000000000000222e-02 5.000000000000000278e-02 4.100000000000000172e-02
1.858000000000000000e+03 -4.219999999999999862e-01 6.400000000000000133e-02 4.900000000000000189e-02 4.200000000000000261e-02
1.859000000000000000e+03 -3.599999999999999867e-01 6.400000000000000133e-02 4.900000000000000189e-02 4.200000000000000261e-02
1.860000000000000000e+03 -4.590000000000000191e-01 6.700000000000000400e-02 5.299999999999999850e-02 4.100000000000000172e-02
1.861000000000000000e+03 -4.889999999999999902e-01 6.700000000000000400e-02 5.299999999999999850e-02 4.100000000000000172e-02
1.862000000000000000e+03 -5.859999999999999654e-01 6.800000000000000488e-02 5.399999999999999939e-02 4.100000000000000172e-02
1.863000000000000000e+03 -3.910000000000000142e-01 6.800000000000000488e-02 5.399999999999999939e-02 4.100000000000000172e-02
1.864000000000000000e+03 -4.789999999999999813e-01 6.600000000000000311e-02 5.299999999999999850e-02 3.899999999999999994e-02
1.865000000000000000e+03 -3.439999999999999725e-01 6.500000000000000222e-02 5.099999999999999672e-02 4.100000000000000172e-02
1.866000000000000000e+03 -3.109999999999999987e-01 6.700000000000000400e-02 5.099999999999999672e-02 4.299999999999999656e-02
1.867000000000000000e+03 -3.639999999999999902e-01 6.700000000000000400e-02 5.099999999999999672e-02 4.299999999999999656e-02
1.868000000000000000e+03 -2.800000000000000266e-01 6.800000000000000488e-02 5.099999999999999672e-02 4.499999999999999833e-02
1.869000000000000000e+03 -3.079999999999999960e-01 6.600000000000000311e-02 5.099999999999999672e-02 4.200000000000000261e-02
1.870000000000000000e+03 -3.439999999999999725e-01 5.899999999999999689e-02 4.299999999999999656e-02 4.000000000000000083e-02
1.871000000000000000e+03 -3.619999999999999885e-01 5.800000000000000294e-02 4.299999999999999656e-02 3.899999999999999994e-02
1.872000000000000000e+03 -3.180000000000000049e-01 5.899999999999999689e-02 4.200000000000000261e-02 4.100000000000000172e-02
1.873000000000000000e+03 -2.999999999999999889e-01 5.899999999999999689e-02 4.200000000000000261e-02 4.000000000000000083e-02
1.874000000000000000e+03 -3.870000000000000107e-01 5.800000000000000294e-02 4.000000000000000083e-02 4.200000000000000261e-02
1.875000000000000000e+03 -3.780000000000000027e-01 5.800000000000000294e-02 4.100000000000000172e-02 4.100000000000000172e-02
1.876000000000000000e+03 -3.890000000000000124e-01 5.700000000000000205e-02 3.899999999999999994e-02 4.100000000000000172e-02
1.877000000000000000e+03 -8.500000000000000611e-02 5.700000000000000205e-02 4.000000000000000083e-02 4.100000000000000172e-02
1.878000000000000000e+03 3.000000000000000062e-03 5.800000000000000294e-02 4.100000000000000172e-02 4.100000000000000172e-02
1.879000000000000000e+03 -2.610000000000000098e-01 5.600000000000000117e-02 3.899999999999999994e-02 4.000000000000000083e-02
1.880000000000000000e+03 -2.889999999999999791e-01 5.099999999999999672e-02 3.099999999999999978e-02 4.000000000000000083e-02
1.881000000000000000e+03 -2.280000000000000082e-01 5.099999999999999672e-02 3.200000000000000067e-02 4.100000000000000172e-02
1.882000000000000000e+03 -2.869999999999999774e-01 5.099999999999999672e-02 2.999999999999999889e-02 4.100000000000000172e-02
1.883000000000000000e+03 -3.420000000000000262e-01 5.099999999999999672e-02 2.999999999999999889e-02 4.100000000000000172e-02
1.884000000000000000e+03 -5.020000000000000018e-01 4.900000000000000189e-02 2.900000000000000147e-02 4.000000000000000083e-02
1.885000000000000000e+03 -4.849999999999999867e-01 4.900000000000000189e-02 2.900000000000000147e-02 4.000000000000000083e-02
1.886000000000000000e+03 -4.540000000000000147e-01 5.000000000000000278e-02 2.800000000000000058e-02 4.100000000000000172e-02
1.887000000000000000e+03 -4.939999999999999947e-01 5.000000000000000278e-02 2.900000000000000147e-02 4.000000000000000083e-02
1.888000000000000000e+03 -3.420000000000000262e-01 4.900000000000000189e-02 2.699999999999999969e-02 4.000000000000000083e-02
1.889000000000000000e+03 -2.079999999999999905e-01 4.800000000000000100e-02 2.599999999999999881e-02 4.000000000000000083e-02
1.890000000000000000e+03 -4.580000000000000182e-01 4.900000000000000189e-02 2.500000000000000139e-02 4.200000000000000261e-02
1.891000000000000000e+03 -3.669999999999999929e-01 4.900000000000000189e-02 2.599999999999999881e-02 4.200000000000000261e-02
1.892000000000000000e+03 -4.719999999999999751e-01 4.900000000000000189e-02 2.500000000000000139e-02 4.200000000000000261e-02
1.893000000000000000e+03 -4.410000000000000031e-01 4.900000000000000189e-02 2.599999999999999881e-02 4.200000000000000261e-02
1.894000000000000000e+03 -4.129999999999999782e-01 5.000000000000000278e-02 2.599999999999999881e-02 4.200000000000000261e-02
1.895000000000000000e+03 -3.780000000000000027e-01 4.800000000000000100e-02 2.400000000000000050e-02 4.100000000000000172e-02
1.896000000000000000e+03 -2.119999999999999940e-01 4.800000000000000100e-02 2.400000000000000050e-02 4.100000000000000172e-02
1.897000000000000000e+03 -2.179999999999999993e-01 4.700000000000000011e-02 2.400000000000000050e-02 4.100000000000000172e-02
1.898000000000000000e+03 -4.460000000000000075e-01 4.700000000000000011e-02 2.100000000000000130e-02 4.200000000000000261e-02
1.899000000000000000e+03 -2.999999999999999889e-01 4.700000000000000011e-02 2.100000000000000130e-02 4.200000000000000261e-02
1.900000000000000000e+03 -1.839999999999999969e-01 4.599999999999999922e-02 2.100000000000000130e-02 4.100000000000000172e-02
1.901000000000000000e+03 -2.300000000000000100e-01 4.800000000000000100e-02 2.100000000000000130e-02 4.299999999999999656e-02
1.902000000000000000e+03 -3.790000000000000036e-01 4.599999999999999922e-02 2.000000000000000042e-02 4.200000000000000261e-02
1.903000000000000000e+03 -4.580000000000000182e-01 4.599999999999999922e-02 2.100000000000000130e-02 4.100000000000000172e-02
1.904000000000000000e+03 -5.100000000000000089e-01 4.599999999999999922e-02 2.100000000000000130e-02 4.100000000000000172e-02
1.905000000000000000e+03 -3.449999999999999734e-01 4.599999999999999922e-02 2.100000000000000130e-02 4.000000000000000083e-02
1.906000000000000000e+03 -2.610000000000000098e-01 4.499999999999999833e-02 2.100000000000000130e-02 4.000000000000000083e-02
1.907000000000000000e+03 -4.239999999999999880e-01 4.299999999999999656e-02 2.100000000000000130e-02 3.799999999999999906e-02
1.908000000000000000e+03 -4.620000000000000218e-01 4.399999999999999745e-02 2.199999999999999872e-02 3.799999999999999906e-02
1.909000000000000000e+03 -5.120000000000000107e-01 4.299999999999999656e-02 2.199999999999999872e-02 3.699999999999999817e-02
1.910000000000000000e+03 -4.919999999999999929e-01 4.299999999999999656e-02 2.299999999999999961e-02 3.699999999999999817e-02
1.911000000000000000e+03 -5.100000000000000089e-01 4.200000000000000261e-02 2.299999999999999961e-02 3.500000000000000333e-02
1.912000000000000000e+03 -4.359999999999999987e-01 4.100000000000000172e-02 2.299999999999999961e-02 3.500000000000000333e-02
1.913000000000000000e+03 -4.030000000000000249e-01 4.100000000000000172e-02 2.199999999999999872e-02 3.400000000000000244e-02
1.914000000000000000e+03 -2.280000000000000082e-01 3.899999999999999994e-02 2.199999999999999872e-02 3.300000000000000155e-02
1.915000000000000000e+03 -1.600000000000000033e-01 3.899999999999999994e-02 2.100000000000000130e-02 3.300000000000000155e-02
1.916000000000000000e+03 -3.970000000000000195e-01 3.899999999999999994e-02 2.100000000000000130e-02 3.300000000000000155e-02
1.917000000000000000e+03 -4.969999999999999973e-01 3.899999999999999994e-02 2.199999999999999872e-02 3.200000000000000067e-02
1.918000000000000000e+03 -3.619999999999999885e-01 3.799999999999999906e-02 2.100000000000000130e-02 3.200000000000000067e-02
1.919000000000000000e+03 -3.009999999999999898e-01 3.699999999999999817e-02 2.100000000000000130e-02 2.999999999999999889e-02
1.920000000000000000e+03 -2.630000000000000115e-01 3.699999999999999817e-02 2.199999999999999872e-02 2.900000000000000147e-02
1.921000000000000000e+03 -2.049999999999999878e-01 3.599999999999999728e-02 2.299999999999999961e-02 2.800000000000000058e-02
1.922000000000000000e+03 -2.939999999999999836e-01 3.699999999999999817e-02 2.299999999999999961e-02 2.800000000000000058e-02
1.923000000000000000e+03 -2.740000000000000213e-01 3.599999999999999728e-02 2.299999999999999961e-02 2.699999999999999969e-02
1.924000000000000000e+03 -2.630000000000000115e-01 3.500000000000000333e-02 2.299999999999999961e-02 2.599999999999999881e-02
1.925000000000000000e+03 -2.280000000000000082e-01 3.400000000000000244e-02 2.100000000000000130e-02 2.599999999999999881e-02
1.926000000000000000e+03 -8.999999999999999667e-02 3.400000000000000244e-02 2.100000000000000130e-02 2.599999999999999881e-02
1.927000000000000000e+03 -1.940000000000000058e-01 3.300000000000000155e-02 2.199999999999999872e-02 2.500000000000000139e-02
1.928000000000000000e+03 -1.700000000000000122e-01 3.099999999999999978e-02 2.000000000000000042e-02 2.400000000000000050e-02
1.929000000000000000e+03 -3.499999999999999778e-01 3.099999999999999978e-02 1.899999999999999953e-02 2.400000000000000050e-02
1.930000000000000000e+03 -1.280000000000000027e-01 2.999999999999999889e-02 2.000000000000000042e-02 2.299999999999999961e-02
1.931000000000000000e+03 -6.900000000000000577e-02 2.999999999999999889e-02 2.100000000000000130e-02 2.100000000000000130e-02
1.932000000000000000e+03 -1.189999999999999947e-01 2.900000000000000147e-02 2.100000000000000130e-02 2.100000000000000130e-02
1.933000000000000000e+03 -2.790000000000000258e-01 2.800000000000000058e-02 2.000000000000000042e-02 2.000000000000000042e-02
1.934000000000000000e+03 -1.409999999999999865e-01 2.699999999999999969e-02 2.000000000000000042e-02 1.899999999999999953e-02
1.935000000000000000e+03 -1.739999999999999880e-01 2.699999999999999969e-02 2.000000000000000042e-02 1.799999999999999864e-02
1.936000000000000000e+03 -1.320000000000000062e-01 2.599999999999999881e-02 2.000000000000000042e-02 1.700000000000000122e-02
1.937000000000000000e+03 2.000000000000000042e-02 2.599999999999999881e-02 2.100000000000000130e-02 1.600000000000000033e-02
1.938000000000000000e+03 1.400000000000000029e-02 2.599999999999999881e-02 2.100000000000000130e-02 1.499999999999999944e-02
1.939000000000000000e+03 -1.099999999999999936e-02 2.599999999999999881e-02 2.100000000000000130e-02 1.499999999999999944e-02
1.940000000000000000e+03 7.000000000000000666e-02 2.699999999999999969e-02 2.199999999999999872e-02 1.600000000000000033e-02
1.941000000000000000e+03 5.600000000000000117e-02 2.900000000000000147e-02 2.199999999999999872e-02 1.799999999999999864e-02
1.942000000000000000e+03 5.000000000000000104e-03 3.200000000000000067e-02 2.199999999999999872e-02 2.299999999999999961e-02
1.943000000000000000e+03 3.799999999999999906e-02 3.200000000000000067e-02 2.299999999999999961e-02 2.299999999999999961e-02
1.944000000000000000e+03 1.449999999999999900e-01 3.300000000000000155e-02 2.299999999999999961e-02 2.400000000000000050e-02
1.945000000000000000e+03 1.700000000000000122e-02 3.200000000000000067e-02 2.199999999999999872e-02 2.299999999999999961e-02
1.946000000000000000e+03 -6.600000000000000311e-02 2.999999999999999889e-02 2.199999999999999872e-02 2.000000000000000042e-02
1.947000000000000000e+03 3.000000000000000062e-03 3.400000000000000244e-02 2.199999999999999872e-02 2.599999999999999881e-02
1.948000000000000000e+03 -7.000000000000000666e-02 3.500000000000000333e-02 2.199999999999999872e-02 2.699999999999999969e-02
1.949000000000000000e+03 -1.140000000000000041e-01 2.999999999999999889e-02 2.199999999999999872e-02 2.000000000000000042e-02
1.950000000000000000e+03 -1.990000000000000102e-01 2.900000000000000147e-02 2.100000000000000130e-02 2.000000000000000042e-02
1.951000000000000000e+03 -2.800000000000000058e-02 2.699999999999999969e-02 2.000000000000000042e-02 1.799999999999999864e-02
1.952000000000000000e+03 4.499999999999999833e-02 2.800000000000000058e-02 2.000000000000000042e-02 1.899999999999999953e-02
1.953000000000000000e+03 1.089999999999999997e-01 2.699999999999999969e-02 2.000000000000000042e-02 1.799999999999999864e-02
1.954000000000000000e+03 -9.199999999999999845e-02 2.599999999999999881e-02 1.899999999999999953e-02 1.700000000000000122e-02
1.955000000000000000e+03 -1.610000000000000042e-01 2.500000000000000139e-02 1.899999999999999953e-02 1.600000000000000033e-02
1.956000000000000000e+03 -2.169999999999999984e-01 2.400000000000000050e-02 1.899999999999999953e-02 1.499999999999999944e-02
1.957000000000000000e+03 1.000000000000000021e-02 2.299999999999999961e-02 1.700000000000000122e-02 1.499999999999999944e-02
1.958000000000000000e+03 2.800000000000000058e-02 2.199999999999999872e-02 1.700000000000000122e-02 1.400000000000000029e-02
1.959000000000000000e+03 -1.000000000000000021e-03 2.199999999999999872e-02 1.700000000000000122e-02 1.299999999999999940e-02
1.960000000000000000e+03 -4.800000000000000100e-02 2.000000000000000042e-02 1.499999999999999944e-02 1.299999999999999940e-02
1.961000000000000000e+03 2.699999999999999969e-02 1.799999999999999864e-02 1.299999999999999940e-02 1.299999999999999940e-02
1.962000000000000000e+03 -1.000000000000000021e-03 1.799999999999999864e-02 1.299999999999999940e-02 1.200000000000000025e-02
1.963000000000000000e+03 3.599999999999999728e-02 1.799999999999999864e-02 1.200000000000000025e-02 1.400000000000000029e-02
1.964000000000000000e+03 -2.399999999999999911e-01 1.799999999999999864e-02 1.200000000000000025e-02 1.400000000000000029e-02
1.965000000000000000e+03 -1.419999999999999873e-01 1.799999999999999864e-02 1.200000000000000025e-02 1.400000000000000029e-02
1.966000000000000000e+03 -7.399999999999999634e-02 1.799999999999999864e-02 1.200000000000000025e-02 1.299999999999999940e-02
1.967000000000000000e+03 -3.699999999999999817e-02 1.600000000000000033e-02 1.099999999999999936e-02 1.099999999999999936e-02
1.968000000000000000e+03 -9.600000000000000200e-02 1.400000000000000029e-02 1.099999999999999936e-02 8.999999999999999320e-03
1.969000000000000000e+03 4.399999999999999745e-02 1.499999999999999944e-02 1.099999999999999936e-02 1.000000000000000021e-02
1.970000000000000000e+03 -1.700000000000000122e-02 1.600000000000000033e-02 1.200000000000000025e-02 1.000000000000000021e-02
1.971000000000000000e+03 -1.539999999999999980e-01 1.700000000000000122e-02 1.299999999999999940e-02 1.000000000000000021e-02
1.972000000000000000e+03 -7.000000000000000666e-02 1.600000000000000033e-02 1.299999999999999940e-02 8.999999999999999320e-03
1.973000000000000000e+03 5.800000000000000294e-02 1.499999999999999944e-02 1.299999999999999940e-02 8.000000000000000167e-03
1.974000000000000000e+03 -1.779999999999999916e-01 1.499999999999999944e-02 1.299999999999999940e-02 7.000000000000000146e-03
1.975000000000000000e+03 -1.219999999999999973e-01 1.400000000000000029e-02 1.299999999999999940e-02 7.000000000000000146e-03
1.976000000000000000e+03 -2.330000000000000127e-01 1.400000000000000029e-02 1.299999999999999940e-02 7.000000000000000146e-03
1.977000000000000000e+03 5.899999999999999689e-02 1.400000000000000029e-02 1.200000000000000025e-02 7.000000000000000146e-03
1.978000000000000000e+03 -5.299999999999999850e-02 1.400000000000000029e-02 1.200000000000000025e-02 8.000000000000000167e-03
1.979000000000000000e+03 3.099999999999999978e-02 1.600000000000000033e-02 1.299999999999999940e-02 8.999999999999999320e-03
1.980000000000000000e+03 1.400000000000000133e-01 1.499999999999999944e-02 1.299999999999999940e-02 8.000000000000000167e-03
1.981000000000000000e+03 1.859999999999999987e-01 1.499999999999999944e-02 1.299999999999999940e-02 8.000000000000000167e-03
1.982000000000000000e+03 -8.999999999999999320e-03 1.700000000000000122e-02 1.400000000000000029e-02 1.000000000000000021e-02
1.983000000000000000e+03 1.769999999999999907e-01 1.899999999999999953e-02 1.600000000000000033e-02 1.000000000000000021e-02
1.984000000000000000e+03 8.000000000000000167e-03 1.899999999999999953e-02 1.600000000000000033e-02 1.000000000000000021e-02
1.985000000000000000e+03 -8.000000000000000167e-03 1.799999999999999864e-02 1.600000000000000033e-02 1.000000000000000021e-02
1.986000000000000000e+03 3.599999999999999728e-02 2.000000000000000042e-02 1.600000000000000033e-02 1.099999999999999936e-02
1.987000000000000000e+03 1.690000000000000113e-01 2.000000000000000042e-02 1.600000000000000033e-02 1.200000000000000025e-02
1.988000000000000000e+03 2.200000000000000011e-01 2.000000000000000042e-02 1.600000000000000033e-02 1.200000000000000025e-02
1.989000000000000000e+03 1.089999999999999997e-01 2.100000000000000130e-02 1.700000000000000122e-02 1.200000000000000025e-02
1.990000000000000000e+03 2.979999999999999871e-01 2.100000000000000130e-02 1.600000000000000033e-02 1.400000000000000029e-02
1.991000000000000000e+03 2.849999999999999756e-01 2.100000000000000130e-02 1.600000000000000033e-02 1.499999999999999944e-02
1.992000000000000000e+03 9.400000000000000022e-02 2.199999999999999872e-02 1.600000000000000033e-02 1.499999999999999944e-02
1.993000000000000000e+03 1.350000000000000089e-01 2.299999999999999961e-02 1.700000000000000122e-02 1.600000000000000033e-02
1.994000000000000000e+03 2.039999999999999869e-01 2.400000000000000050e-02 1.799999999999999864e-02 1.700000000000000122e-02
1.995000000000000000e+03 3.300000000000000155e-01 2.500000000000000139e-02 1.799999999999999864e-02 1.799999999999999864e-02
1.996000000000000000e+03 2.270000000000000073e-01 2.599999999999999881e-02 1.899999999999999953e-02 1.799999999999999864e-02
1.997000000000000000e+03 3.780000000000000027e-01 2.599999999999999881e-02 2.000000000000000042e-02 1.700000000000000122e-02
1.998000000000000000e+03 5.300000000000000266e-01 2.800000000000000058e-02 2.000000000000000042e-02 2.000000000000000042e-02
1.999000000000000000e+03 2.859999999999999765e-01 2.800000000000000058e-02 2.000000000000000042e-02 2.000000000000000042e-02
2.000000000000000000e+03 3.009999999999999898e-01 2.900000000000000147e-02 2.100000000000000130e-02 2.000000000000000042e-02
2.001000000000000000e+03 4.530000000000000138e-01 2.999999999999999889e-02 2.100000000000000130e-02 2.100000000000000130e-02
2.002000000000000000e+03 5.180000000000000160e-01 2.999999999999999889e-02 2.199999999999999872e-02 2.100000000000000130e-02
2.003000000000000000e+03 5.180000000000000160e-01 2.900000000000000147e-02 2.000000000000000042e-02 2.100000000000000130e-02
2.004000000000000000e+03 4.349999999999999978e-01 2.900000000000000147e-02 2.000000000000000042e-02 2.000000000000000042e-02
2.005000000000000000e+03 5.839999999999999636e-01 2.900000000000000147e-02 2.000000000000000042e-02 2.100000000000000130e-02
2.006000000000000000e+03 5.350000000000000311e-01 2.900000000000000147e-02 2.000000000000000042e-02 2.100000000000000130e-02
2.007000000000000000e+03 5.610000000000000542e-01 2.900000000000000147e-02 2.100000000000000130e-02 2.000000000000000042e-02
2.008000000000000000e+03 4.269999999999999907e-01 2.999999999999999889e-02 2.199999999999999872e-02 2.000000000000000042e-02
2.009000000000000000e+03 5.510000000000000453e-01 2.999999999999999889e-02 2.199999999999999872e-02 2.000000000000000042e-02
2.010000000000000000e+03 6.300000000000000044e-01 3.099999999999999978e-02 2.299999999999999961e-02 2.100000000000000130e-02
2.011000000000000000e+03 4.929999999999999938e-01 3.099999999999999978e-02 2.299999999999999961e-02 2.000000000000000042e-02
2.012000000000000000e+03 5.150000000000000133e-01 3.099999999999999978e-02 2.400000000000000050e-02 2.000000000000000042e-02
2.013000000000000000e+03 5.490000000000000435e-01 3.099999999999999978e-02 2.299999999999999961e-02 2.100000000000000130e-02
2.014000000000000000e+03 6.179999999999999938e-01 3.099999999999999978e-02 2.400000000000000050e-02 2.100000000000000130e-02
2.015000000000000000e+03 7.580000000000000071e-01 3.200000000000000067e-02 2.400000000000000050e-02 2.100000000000000130e-02
2.016000000000000000e+03 8.699999999999999956e-01 3.099999999999999978e-02 2.299999999999999961e-02 2.100000000000000130e-02
2.017000000000000000e+03 7.339999999999999858e-01 3.099999999999999978e-02 2.299999999999999961e-02 2.100000000000000130e-02
2.018000000000000000e+03 6.770000000000000462e-01 3.200000000000000067e-02 2.400000000000000050e-02 2.100000000000000130e-02
2.019000000000000000e+03 8.139999999999999458e-01 3.200000000000000067e-02 2.400000000000000050e-02 2.100000000000000130e-02
