2.867289650278239606e+02
2.867816331660081914e+02
2.868585570544811389e+02
2.866798796741038586e+02
2.868238607319314042e+02
2.869682070435199535e+02
2.868387257973473652e+02
2.867333343004017365e+02
2.867063744857972551e+02
2.867085156783454636e+02
2.865197589224481476e+02
2.865499905013675743e+02
2.865540053736768300e+02
2.866210746972304833e+02
2.866258864216210895e+02
2.865763255764266546e+02
2.865390313110365810e+02
2.866033706409768342e+02
2.867178761843977668e+02
2.866315990196916914e+02
2.865435303004380785e+02
2.867723359176152940e+02
2.865915020553726436e+02
2.865674138767362251e+02
2.867621739072826585e+02
2.865637265353475414e+02
2.866723192686550306e+02
2.865563411816647772e+02
2.865118514659001789e+02
2.865623217859643432e+02
2.866439139815469730e+02
2.865927965847956216e+02
2.866120148833824715e+02
2.865918644816117080e+02
2.862865862901871310e+02
2.863682907104085302e+02
2.864595188868058244e+02
2.865847650972154952e+02
2.865792122175992631e+02
2.866461650541552331e+02
2.865850545111260317e+02
2.866050816115727571e+02
2.864226750545776099e+02
2.865890043509007796e+02
2.867497741191871796e+02
2.868606895329227768e+02
2.868070461080621953e+02
2.869072645406310471e+02
2.868788168837421608e+02
2.869728776982253748e+02
2.869225624743002641e+02
2.869079173639459555e+02
2.868785998055865321e+02
2.865918863954416906e+02
2.866629652906478327e+02
2.868851911944548760e+02
2.871339916985093055e+02
2.870552652012394219e+02
2.871373267776130547e+02
2.870750421243180313e+02
2.871669787980850401e+02
2.871324074271037716e+02
2.871703671120414469e+02
2.871864910474500334e+02
2.871706195540437534e+02
2.873094476787691178e+02
2.873939374822436434e+02
2.874084196252875358e+02
2.872359844420339527e+02
2.871946640385662590e+02
2.874571792671422941e+02
2.874546052797460902e+02
2.874581994147026194e+02
2.874430420889758580e+02
2.874899055271751536e+02
2.873518795884510837e+02
2.872737344510853745e+02
2.874426405996202334e+02
2.876594813203590775e+02
2.876133289989966784e+02
2.876059444816363566e+02
2.876733661437584146e+02
2.874785702249496921e+02
2.874913668725014873e+02
2.875864617399464009e+02
2.874380086149607791e+02
2.874689567056245210e+02
2.876055458215803924e+02
2.875977094422144660e+02
2.877107646059143349e+02
2.874475002304558302e+02
2.873836575721084614e+02
2.874780592778080859e+02
2.876378346899485337e+02
2.875849289221939102e+02
2.876308915835290350e+02
2.874898640035069661e+02
2.874275297108441691e+02
2.874408720481085879e+02
2.875734898310695939e+02
2.874672601743039309e+02
2.874352015866664374e+02
2.875654005634409600e+02
2.873617802882546926e+02
2.873352230571961741e+02
2.874246804859171220e+02
2.875656733619406964e+02
2.873245926586643009e+02
2.872431549150358592e+02
2.874190083703791174e+02
2.873816269089654725e+02
2.874816992453748981e+02
2.873885060750276921e+02
2.873750807617345231e+02
2.871832290009907069e+02
2.871126745304337078e+02
2.870501130057263026e+02
2.871680422942438895e+02
2.871693318569825806e+02
2.871202175788491218e+02
2.871830507405563253e+02
2.871876804948237805e+02
2.871524393858592248e+02
2.871976569613755714e+02
2.871495955586335072e+02
2.871159469979418759e+02
2.872068632893631843e+02
2.871923308507329580e+02
2.871296177255701991e+02
2.871887791444389109e+02
2.870810330674808597e+02
2.871663116187609717e+02
2.872236320803399394e+02
2.870167776087962466e+02
2.870513237237533417e+02
2.872679218243349624e+02
2.870379707701303005e+02
2.870116684819933539e+02
2.872317604443765617e+02
2.873322536890614174e+02
2.871032622071341507e+02
2.871827867302072264e+02
2.867943373298249981e+02
2.868786659237763388e+02
2.871205943860347816e+02
2.872543203720148881e+02
2.872393975069512635e+02
2.874060461605693604e+02
2.874486106663362648e+02
2.875386569441162123e+02
2.875593806444323377e+02
2.877571775312078444e+02
2.876680604783753665e+02
2.876749440357120307e+02
2.878028596649407405e+02
2.875970580165552519e+02
2.877514790902974369e+02
2.875966721498902530e+02
2.875286121246178368e+02
2.876156427385870415e+02
2.877706685184706998e+02
2.877861314772445667e+02
2.878167779804198858e+02
2.879549240228215012e+02
2.880219207196970501e+02
