2.856653892989496626e+02
2.856123780841173811e+02
2.856875992945913367e+02
2.856235632266543121e+02
2.856547572969581665e+02
2.857117388416007202e+02
2.856239289861779298e+02
2.854864333474880596e+02
2.855604348368124761e+02
2.855683871901589441e+02
2.856194368205571550e+02
2.857364674072589423e+02
2.857126865100032660e+02
2.856033915503313096e+02
2.855939411141907840e+02
2.855909844324177698e+02
2.855855459136917034e+02
2.856111695305474427e+02
2.855728485418872538e+02
2.854599087970127016e+02
2.854045246395853610e+02
2.854256017008062258e+02
2.854586540651978908e+02
2.853855076330808629e+02
2.855031764310650715e+02
2.855293087851746350e+02
2.856795306617029837e+02
2.855186203869403130e+02
2.855601727864850545e+02
2.855349441655088754e+02
2.854822516601619782e+02
2.854726626647372427e+02
2.854284155649893933e+02
2.854300279406143659e+02
2.853561284889112244e+02
2.854354881713497889e+02
2.855406944298871963e+02
2.855916513505828220e+02
2.856117807468824594e+02
2.855473718781057642e+02
2.854512888701363522e+02
2.855207067208179410e+02
2.855243452325998419e+02
2.854749751327597096e+02
2.855969623866799907e+02
2.856897652031456687e+02
2.856133619108548487e+02
2.854759690467763562e+02
2.855935875659147882e+02
2.855738098940390728e+02
2.856015753009803007e+02
2.855299190411234349e+02
2.855018222045016500e+02
2.856555081940506398e+02
2.856988917399788193e+02
2.856952274865273580e+02
2.854268146595042595e+02
2.855068942282256899e+02
2.855687113352475421e+02
2.856909437864371171e+02
2.855818423334958993e+02
2.856168116688948544e+02
2.856114819525744792e+02
2.855610378252801524e+02
2.854564222571848973e+02
2.855744872012124915e+02
2.855796503822820114e+02
2.855847225341291278e+02
2.855621832791394468e+02
2.854739482823934509e+02
2.856706606189982836e+02
2.857592523582976014e+02
2.857937270410395740e+02
2.857966253412348010e+02
2.855426924291062960e+02
2.856401235563920409e+02
2.856951388545276700e+02
2.857769059742883542e+02
2.857446081256206298e+02
2.855870395972356732e+02
2.856073988195909692e+02
2.857863362717419022e+02
2.857611928683318752e+02
2.855966140113418419e+02
2.855589531007557866e+02
2.855611295560134408e+02
2.856729546287510857e+02
2.857658604825526254e+02
2.856688783256804527e+02
2.856220526019259864e+02
2.855793005669741547e+02
2.856508698175712766e+02
2.856732252341640219e+02
2.856739201722769508e+02
2.856974988142713414e+02
2.857023680224887698e+02
2.857394783073690405e+02
2.856651826650988824e+02
2.857854485768327208e+02
2.857290128389933557e+02
2.858034499207797126e+02
2.858856682779405105e+02
2.857287757085612157e+02
2.857104930572983221e+02
2.857590407367080161e+02
2.857124073527335213e+02
2.857175937396348786e+02
2.857386538914013840e+02
2.857118603360865450e+02
2.857130204568543377e+02
2.856302015735703321e+02
2.856974943514198344e+02
2.858166648690432226e+02
2.855343579521115203e+02
2.855385574091405374e+02
2.855890424689632709e+02
2.857825941773187992e+02
2.857749400866707106e+02
2.856900582564730939e+02
2.857756248335896885e+02
2.857000975250147690e+02
2.857020642792979288e+02
2.856636685362250319e+02
2.856930888646191420e+02
2.857590419670452206e+02
2.857950067239256100e+02
2.858298274952271072e+02
2.857783373116093912e+02
2.859010577375569824e+02
2.858502973592545118e+02
2.859808817678828632e+02
2.859667556842481986e+02
2.858047199026398175e+02
2.858645094689363191e+02
2.859079876649906851e+02
2.858659196616440568e+02
2.858532281642934549e+02
2.860083104679969779e+02
2.861287304689033704e+02
2.858692155415238858e+02
2.859405758559286710e+02
2.860246493608853484e+02
2.859469379472513992e+02
2.858583074392425374e+02
2.860000763709213629e+02
2.861345322895000436e+02
2.859763740703965027e+02
2.861391989363963262e+02
2.862166138118159324e+02
2.861807984536843037e+02
2.861090592687632466e+02
2.861905793475338555e+02
2.861488431810126372e+02
2.862309554384939929e+02
2.863926716979941034e+02
2.863462665893891312e+02
2.863392930079878624e+02
2.864172133262229067e+02
2.863859820373942284e+02
2.863831037810629141e+02
2.864803877806157857e+02
2.864434773115737585e+02
2.864636396682344639e+02
2.864116612290856096e+02
2.865288777054457796e+02
