2.860902654700715857e+02
2.859011850615050321e+02
2.859963949526052716e+02
2.861583111470881136e+02
2.859374932429298042e+02
2.859015722472884704e+02
2.860954579359129752e+02
2.860369919250106818e+02
2.859932282228657527e+02
2.861122818643177084e+02
2.859492855254717938e+02
2.859091197454586109e+02
2.859731292821291504e+02
2.859483243216888582e+02
2.857806350895411356e+02
2.860226648323866243e+02
2.859666467949604112e+02
2.858879665222114568e+02
2.861121178837072989e+02
2.859172924166382472e+02
2.857752662588677595e+02
2.860031516464788979e+02
2.859134782687875145e+02
2.858222728281346008e+02
2.861428065718797598e+02
2.860301445968633516e+02
2.859529733573604631e+02
2.861460920136572099e+02
2.860375466728078777e+02
2.859838333223032123e+02
2.861381061692065373e+02
2.860610877673892105e+02
2.858621305524148397e+02
2.860205168081270699e+02
2.857624387051159260e+02
2.856444384034059567e+02
2.858886282368509342e+02
2.857970074495208905e+02
2.857768004993094451e+02
2.858425528606560988e+02
2.858923709741798120e+02
2.856536223891827149e+02
2.859432149933109599e+02
2.857820346998221339e+02
2.857702006205201428e+02
2.859913128572672463e+02
2.859641715510352356e+02
2.858322105452548954e+02
2.859658707286263848e+02
2.859970054638242800e+02
2.858708080530840334e+02
2.860783562610592412e+02
2.859819554506659642e+02
2.857580374970675621e+02
2.859261102166447017e+02
2.859311211907880761e+02
2.859894662144179165e+02
2.858931557704111697e+02
2.859685258918225941e+02
2.860436787523937596e+02
2.859865197865688629e+02
2.859390433059602401e+02
2.857962549908900769e+02
2.858921582611384338e+02
2.858956654882518365e+02
2.858999519002181842e+02
2.859088249357734526e+02
2.859263832245396202e+02
2.860268640355536149e+02
2.860857503557267592e+02
2.859813744991747626e+02
2.862128925134878159e+02
2.861872767472605119e+02
2.859575306474360445e+02
2.860768568183255525e+02
2.860957040429619269e+02
2.860240947908500289e+02
2.861449366117449813e+02
2.861173690699810095e+02
2.858936247828801243e+02
2.861298115357271286e+02
2.861385107321343639e+02
2.860329393478500037e+02
2.862587988018635201e+02
2.862171849293753780e+02
2.861497665142811684e+02
2.861990888105977433e+02
2.861736207666595533e+02
2.862803969322624766e+02
2.862519910565648047e+02
2.864323569558832219e+02
2.863447608291265283e+02
2.863950248662433751e+02
2.863368323410447829e+02
2.864500780359984446e+02
2.863852588839905025e+02
2.862603320726531706e+02
2.863743728858049167e+02
2.864050188829149874e+02
2.862091114703299013e+02
2.863948538880600267e+02
2.862407329118408938e+02
2.862318306656384266e+02
2.862822312120334800e+02
2.861135939539397555e+02
2.860645534021669505e+02
2.863285423241387093e+02
2.862819503568417190e+02
2.861808142206692196e+02
2.861299306642164879e+02
2.863115154397904121e+02
2.863466020021363079e+02
2.862370439925282994e+02
2.861285228642905736e+02
2.859957021061418345e+02
2.860703102693379378e+02
2.862314872113681758e+02
2.861195884669013481e+02
2.862896233988302015e+02
2.862828078624269779e+02
2.863962553208859845e+02
2.863202899334484641e+02
2.864029767008936460e+02
2.863590090976324518e+02
2.864188911751184037e+02
2.864643469364212365e+02
2.864054524848780261e+02
2.865617827690115291e+02
2.865601727854172509e+02
2.865913874157733403e+02
2.865153579071793501e+02
2.865701571344044964e+02
2.867126946346232330e+02
2.865170561107332787e+02
2.863558537304032257e+02
2.865371537512967279e+02
2.866696454836858265e+02
2.866273268108066645e+02
2.868124698200637681e+02
2.868657161952370416e+02
2.867831341386681174e+02
2.867400782338698946e+02
2.864410386739558589e+02
2.864533048773699306e+02
2.864682086250808197e+02
2.867302837843143948e+02
2.866825933509920219e+02
2.867284158695688348e+02
2.868888401317146872e+02
2.868341407582486227e+02
2.869030287632115801e+02
2.870206928726221918e+02
2.869026966438685804e+02
2.868736230235840594e+02
2.871200596872111532e+02
2.870156050095673095e+02
2.867697710207866635e+02
2.868874342865290146e+02
2.869206813641696954e+02
2.868616693745266275e+02
2.871058970925499239e+02
2.869956240133209917e+02
2.869147396742073397e+02
2.872755197434179877e+02
2.870882759227391148e+02
2.870385826833376086e+02
2.871526731117172062e+02
