2.856439010466839932e+02
2.857096204439585563e+02
2.856598663009173720e+02
2.855053336766027883e+02
2.856608369359574340e+02
2.857736075476772157e+02
2.856406854627625194e+02
2.855625883153783207e+02
2.856275295884118464e+02
2.857816806384371944e+02
2.857998738201097240e+02
2.857831927369634855e+02
2.856115206818301999e+02
2.856512640574634929e+02
2.855537633163222040e+02
2.855327365653500920e+02
2.855527923243551527e+02
2.856327720244567558e+02
2.856875417010741671e+02
2.855746518939733392e+02
2.856144992222702399e+02
2.856844838273632945e+02
2.855538024284760468e+02
2.854029264059487900e+02
2.854284117534766096e+02
2.854562362747889779e+02
2.854628525073674723e+02
2.854629626323126672e+02
2.854665611393663198e+02
2.855057358177092510e+02
2.855795387919392283e+02
2.854596673485170868e+02
2.854971947901797762e+02
2.854261611517975439e+02
2.855031236718362493e+02
2.855500208546278031e+02
2.854599750465760621e+02
2.855991034770237889e+02
2.857152700598683737e+02
2.854559248875582966e+02
2.855157026512162588e+02
2.855623130960102571e+02
2.855929997364511905e+02
2.855294465505853054e+02
2.854857511430720365e+02
2.856389498556689546e+02
2.857768545683602497e+02
2.855897497968473999e+02
2.856328153960760687e+02
2.857567464788435814e+02
2.856015441266683865e+02
2.856049851000101398e+02
2.857074086998449616e+02
2.856428376065703674e+02
2.855540114091499504e+02
2.856315422708249230e+02
2.855160263950676836e+02
2.855189651807290261e+02
2.855944921628897646e+02
2.854665753629669211e+02
2.856505321797796455e+02
2.855920366668474912e+02
2.854773924552851554e+02
2.854821785909720688e+02
2.853578583603131733e+02
2.854853125387111845e+02
2.855477624084969079e+02
2.853953030717557908e+02
2.855938605602955818e+02
2.856551316297586141e+02
2.855832179630519363e+02
2.857441095470541654e+02
2.856848633459547955e+02
2.856800931265084387e+02
2.856578628693677615e+02
2.857320568287501601e+02
2.855951253424831293e+02
2.856219347765076577e+02
2.857736522883201928e+02
2.857543211437056243e+02
2.856805356432643634e+02
2.854595785463378093e+02
2.854550957065444550e+02
2.855600914027808699e+02
2.855759453854337266e+02
2.855624479261284137e+02
2.857947177118520585e+02
2.857888336140946421e+02
2.857253173571107823e+02
2.857742110007540646e+02
2.856417968552545403e+02
2.856209360936733219e+02
2.855860292097907518e+02
2.855257265402793223e+02
2.854338620481519797e+02
2.856139102463591257e+02
2.856317374821474004e+02
2.856113061509345243e+02
2.856111378356033583e+02
2.856818282693299693e+02
2.858140257952297247e+02
2.857067408259933359e+02
2.855669720558622089e+02
2.856456929941253406e+02
2.856146825854993381e+02
2.858117079952878044e+02
2.857354271339361844e+02
2.857910142537133993e+02
2.857054734258229018e+02
2.858581269184704183e+02
2.857974973583485507e+02
2.858177933466066065e+02
2.858932817000197133e+02
2.857688597521155884e+02
2.855786625509645660e+02
2.855781361835927896e+02
2.857127697127125430e+02
2.857854678918880040e+02
2.856086402889531541e+02
2.857865458260231435e+02
2.857391115735964036e+02
2.857331588998532652e+02
2.857369508809730974e+02
2.857262599438118968e+02
2.858735704131375428e+02
2.857968029320886671e+02
2.858642940651473054e+02
2.858187886948996947e+02
2.858435015805732746e+02
2.861085188522762905e+02
2.859677034061477912e+02
2.857788716397007533e+02
2.857821743548162203e+02
2.858990767445775418e+02
2.860459946349942015e+02
2.860481812106127677e+02
2.860976549696153484e+02
2.859859511270216785e+02
2.861879220840046969e+02
2.861173938212737085e+02
2.859757064081367730e+02
2.859447632611557424e+02
2.858392993224751422e+02
2.859372527702693105e+02
2.860079696900877479e+02
2.859350299744364747e+02
2.860087521777276720e+02
2.861519196470423481e+02
2.861528809547464220e+02
2.863325884888635073e+02
2.862244652642667120e+02
2.861874450991512617e+02
2.861710896646863489e+02
2.862930590348615283e+02
2.865233719291986176e+02
2.865667220062094316e+02
2.865050245558126107e+02
2.863703735052703792e+02
2.864364230253560208e+02
2.863206015667029192e+02
2.864035402451394248e+02
2.863564543804357641e+02
2.863074719573673406e+02
2.863108059330602941e+02
2.863784645108215727e+02
