2.878173492809777372e+02
2.877307196228605903e+02
2.874292716947965687e+02
2.874217087500008461e+02
2.873451839074375016e+02
2.874886887584110013e+02
2.874742584110443318e+02
2.876213536293593620e+02
2.873968358297740906e+02
2.874969928229443212e+02
2.874955295036530174e+02
2.875330722053547561e+02
2.874124811328333067e+02
2.874021438575460934e+02
2.875402289456491758e+02
2.876238776854737011e+02
2.875746163808113920e+02
2.874951738043160958e+02
2.875176112726468887e+02
2.875833037833173762e+02
2.875546758416334683e+02
2.876203270443488123e+02
2.875520264341934649e+02
2.876576115725486034e+02
2.877642260479395304e+02
2.878679748184528080e+02
2.874227772009743944e+02
2.874413517298148690e+02
2.876236762547834473e+02
2.876417069406707583e+02
2.876066651302251103e+02
2.877267936586540031e+02
2.876516581140344897e+02
2.875949928071444788e+02
2.871529250568872271e+02
2.873714929846697146e+02
2.874839277159747439e+02
2.874508356906869722e+02
2.874135073363186734e+02
2.875067100665123689e+02
2.874830965872258730e+02
2.873596919763184587e+02
2.875045135112825960e+02
2.877172861568527082e+02
2.878046732527479321e+02
2.876945494109637025e+02
2.875420750892835713e+02
2.876161532003124535e+02
2.876849196567962395e+02
2.876375359471967954e+02
2.876554317245179959e+02
2.875638073969167294e+02
2.874734915950529626e+02
2.874476466211349361e+02
2.876687846400857893e+02
2.874931808241095155e+02
2.874000219173637447e+02
2.875655579102374872e+02
2.876540263712380465e+02
2.876454088828516547e+02
2.873518249461777714e+02
2.873139675614873454e+02
2.872556693772066296e+02
2.873965904114481305e+02
2.876704597621032349e+02
2.876216815810508365e+02
2.875005902260549533e+02
2.874737785182675225e+02
2.874016899180633118e+02
2.876100469171196323e+02
2.877946021320360046e+02
2.879164524226484332e+02
2.875776077329533678e+02
2.873961448872028086e+02
2.874907227435675736e+02
2.877118394867225675e+02
2.877927335717639608e+02
2.878634406835845425e+02
2.877940170730764180e+02
2.877408388385239277e+02
2.875253116746848718e+02
2.875644089629326459e+02
2.877704556475713389e+02
2.878378326276578605e+02
2.877569712301964842e+02
2.877414731986735319e+02
2.875596189131062488e+02
2.875865624348745087e+02
2.876252384575312249e+02
2.876497071028336450e+02
2.876572115458488383e+02
2.877561354820708743e+02
2.879373858824041008e+02
2.877460027133530502e+02
2.876679330446069685e+02
2.877615422479381664e+02
2.877762800080139982e+02
2.878536157838227609e+02
2.878452839044271627e+02
2.879554204045283541e+02
2.880059034218110696e+02
2.877616869060931322e+02
2.878607673352065035e+02
2.880874696511427260e+02
2.881021830213958879e+02
2.878564243456244753e+02
2.876743546237785836e+02
2.878080480079513563e+02
2.878531592413465887e+02
2.878560950795883286e+02
2.878874803492139449e+02
2.879150940809781787e+02
2.878689059579593277e+02
2.876275825943332620e+02
2.874828205880227188e+02
2.875406366780924259e+02
2.877041048391301388e+02
2.877654649646525513e+02
2.877135591078374546e+02
2.878995745390030265e+02
2.878311310228804700e+02
2.878037666709112727e+02
2.879074779804683999e+02
2.879814055259975589e+02
2.878159520110429526e+02
2.876880922768952473e+02
2.876113993021098736e+02
2.876261039836132909e+02
2.875839283606344452e+02
2.878403183293357301e+02
2.880439281001872587e+02
2.878914189139233599e+02
2.877947296008008493e+02
2.876937568794734261e+02
2.878598804908522766e+02
2.880610798676811442e+02
2.883341459171357997e+02
2.881371833318599442e+02
2.879350828078763698e+02
2.879542751263614377e+02
2.881931932774068059e+02
2.881856690292729013e+02
2.880552084312874399e+02
2.882560911057308317e+02
2.882501645017226224e+02
2.881148819350951840e+02
2.881774361627365693e+02
2.884067588969973599e+02
2.885578482132292493e+02
2.884773524217726504e+02
2.884751126257977489e+02
2.883716307141107222e+02
2.885294576594776004e+02
2.885969876580750793e+02
2.886155656758450618e+02
2.885021736519901765e+02
2.886404231282533033e+02
2.888887653045621846e+02
2.889370097758262546e+02
2.885568814515466443e+02
2.885016646975392973e+02
2.886227533330632014e+02
2.887800257617973898e+02
2.890514465847391534e+02
2.888975129231014876e+02
