2.870074596263046942e+02
2.869871074346281148e+02
2.870509892487349930e+02
2.868255113317964629e+02
2.869743465241733134e+02
2.870179368007804328e+02
2.867641013227875533e+02
2.869178214355842442e+02
2.869214214550705151e+02
2.868152314412224655e+02
2.868800705607183090e+02
2.868225813100178243e+02
2.867568283769693949e+02
2.868209290358937551e+02
2.868225410271430746e+02
2.867640951915226992e+02
2.867703455460502369e+02
2.867677014972380221e+02
2.869240470078873386e+02
2.866914224841436294e+02
2.868176017197833403e+02
2.867777681256678193e+02
2.868027801706746800e+02
2.868476978407609295e+02
2.868948603095565204e+02
2.867066787338079621e+02
2.867669222884599094e+02
2.867848389877543696e+02
2.868417230216441567e+02
2.867306552945430553e+02
2.866872220348046199e+02
2.866885417591389000e+02
2.866804427113574434e+02
2.866469611010302287e+02
2.866514301032292451e+02
2.865481065894059043e+02
2.866891890768056896e+02
2.865490018075250305e+02
2.866682627686625437e+02
2.867949688942111948e+02
2.867271130247064548e+02
2.866335650695036179e+02
2.866741039574928323e+02
2.865912258030902535e+02
2.866969329290200790e+02
2.866746402598593590e+02
2.867062747200973831e+02
2.867281471187776560e+02
2.865876957562654752e+02
2.866544065457050010e+02
2.867114586371401970e+02
2.865027874307987759e+02
2.866233091665278607e+02
2.863083361307562313e+02
2.866922244831749254e+02
2.867412393325107587e+02
2.864543299459219838e+02
2.865480627719495033e+02
2.866298028484408746e+02
2.865617898329894615e+02
2.864941325216573773e+02
2.866051361450690820e+02
2.863804422786647024e+02
2.865230646304744369e+02
2.863875484383074195e+02
2.864438273272277797e+02
2.865019180460403163e+02
2.865947376813433607e+02
2.865906948727649137e+02
2.864796593611715707e+02
2.865877365145398130e+02
2.866695188476012959e+02
2.864340140040955589e+02
2.865521925368893221e+02
2.865853606983602617e+02
2.865394615253361508e+02
2.866612960439821904e+02
2.865233750828307393e+02
2.866420890287332099e+02
2.867668785732331003e+02
2.867955475214913577e+02
2.866730139137183073e+02
2.865015966191006100e+02
2.866218789671610239e+02
2.866842056185176943e+02
2.865229333291047169e+02
2.868161467679917109e+02
2.866588551549726844e+02
2.867512655471135758e+02
2.865619781960101591e+02
2.865478952719382164e+02
2.865043926460855346e+02
2.866917966116437242e+02
2.866788486355426926e+02
2.866946574803492354e+02
2.867445355554207254e+02
2.866579186668603256e+02
2.866741794556547234e+02
2.866898348003111892e+02
2.868554803391899100e+02
2.869854401753690922e+02
2.866613520943713525e+02
2.866676073352550134e+02
2.867864111542808132e+02
2.867547384024606458e+02
2.868192159163242536e+02
2.868497097242033647e+02
2.870518976042397981e+02
2.868862054091522964e+02
2.869591881514505758e+02
2.869425350522798794e+02
2.869361060026649284e+02
2.869657127501023979e+02
2.868423672496022050e+02
2.867707949822288356e+02
2.870082914540836896e+02
2.869296318681157345e+02
2.870654803103272457e+02
2.870999592162773979e+02
2.869803318167126349e+02
2.870804344683299973e+02
2.870885876295985213e+02
2.869887747243712965e+02
2.870038231057619669e+02
2.870480605689489835e+02
2.870735233227892991e+02
2.870841573216738993e+02
2.871685704629816769e+02
2.871337411949027683e+02
2.870189960619861154e+02
2.869975280117996022e+02
2.872079030555848931e+02
2.871538599833008902e+02
2.868767292390948001e+02
2.869807069866957931e+02
2.871069638772077610e+02
2.871323012944982906e+02
2.872147382027505955e+02
2.871317758637817406e+02
2.874543228241050201e+02
2.873265226113279027e+02
2.871570136309814529e+02
2.872325202716409080e+02
2.872550989811484783e+02
2.871395575796331059e+02
2.871127919046304555e+02
2.873834898705080718e+02
2.872992157437552123e+02
2.872475795960023675e+02
2.873353801541683197e+02
2.875815304945361390e+02
2.875724585247294840e+02
2.873648760951487020e+02
2.873474706327576769e+02
2.874775957788058918e+02
2.874013106038783008e+02
2.875621573318134665e+02
2.875349270459229842e+02
2.874405329314768096e+02
2.875630706548224111e+02
2.875761006759076963e+02
2.874672660422049262e+02
2.875544764258821147e+02
2.875473791800313279e+02
2.875385589972397042e+02
