2.873854882042911072e+02
2.872346753828605301e+02
2.874063293001146349e+02
2.875810933381149539e+02
2.874054266950032570e+02
2.871377607049780636e+02
2.873029025184995930e+02
2.875088193213062482e+02
2.874695879686669855e+02
2.870658469736403049e+02
2.871158697191240208e+02
2.873169600069251146e+02
2.874105859034986565e+02
2.871569539239083610e+02
2.872271016330694806e+02
2.874410466669685889e+02
2.873770773007231583e+02
2.872908494920372391e+02
2.873599263551710123e+02
2.875537581292538221e+02
2.875692644834814473e+02
2.872894996542220269e+02
2.870702442397953860e+02
2.873517133892209472e+02
2.875508787259628320e+02
2.873118972377039313e+02
2.870757179311914911e+02
2.872052599358916609e+02
2.875853935125526846e+02
2.874885657065544251e+02
2.871674634665459394e+02
2.870291163012333868e+02
2.872006942379534280e+02
2.875451949888895342e+02
2.870938689582009715e+02
2.871869043076401908e+02
2.872735443699127131e+02
2.869512785819124474e+02
2.869531410962160294e+02
2.873994543112380597e+02
2.874883147957716574e+02
2.871410441193972360e+02
2.871060756600721220e+02
2.873329666806571936e+02
2.876344286403673891e+02
2.876456584538662469e+02
2.872396802257717354e+02
2.872741934031491837e+02
2.875782714934711066e+02
2.876759354469400023e+02
2.873299302838047993e+02
2.870263728797962131e+02
2.870933393205738753e+02
2.872395901325466525e+02
2.874774426972517176e+02
2.872400523434590696e+02
2.871874833837304664e+02
2.873679205564077392e+02
2.875537148533077243e+02
2.873735891799344699e+02
2.873060738947093000e+02
2.873043737964146089e+02
2.872199885153542596e+02
2.873654294148047939e+02
2.875525879110035135e+02
2.874208884933109402e+02
2.873181922652064486e+02
2.873000113884085636e+02
2.874908827595054390e+02
2.877357246390592422e+02
2.873982169980174035e+02
2.872449220625290991e+02
2.873350365442922225e+02
2.873916238095667381e+02
2.874278729782608934e+02
2.875577017510390760e+02
2.875048890793859186e+02
2.875631658948473728e+02
2.876528320618313614e+02
2.874214917829617661e+02
2.874284142343321946e+02
2.875308464937090207e+02
2.874817252975790893e+02
2.873726632087865482e+02
2.874731581453668809e+02
2.876913300867458929e+02
2.876929908832085516e+02
2.874583827463698071e+02
2.873325848157109590e+02
2.875043933645164884e+02
2.876336714834379791e+02
2.878990066777545849e+02
2.877334083286769442e+02
2.873102626088300440e+02
2.872632475207502694e+02
2.876133473140941419e+02
2.877877216909776621e+02
2.877650328220343567e+02
2.875024532447946513e+02
2.872898012074178382e+02
2.874956066169056612e+02
2.877243189114026904e+02
2.877403354679748304e+02
2.875289256557487647e+02
2.873248141580348261e+02
2.874734877526380501e+02
2.877166432793503077e+02
2.877486081000292302e+02
2.876018464104200234e+02
2.874658598231999918e+02
2.875516472528591407e+02
2.877680137908326969e+02
2.876127988051618445e+02
2.873111192677993699e+02
2.872192493264439577e+02
2.874021956414086389e+02
2.876121975582557866e+02
2.873963373567926283e+02
2.873159032414563967e+02
2.874248756309171426e+02
2.875270638279376385e+02
2.875331583046936430e+02
2.873360838330742695e+02
2.873950266959715805e+02
2.876011610669257834e+02
2.876929549283936467e+02
2.873964653255528106e+02
2.872005578858963304e+02
2.873687479881830882e+02
2.875560320316130856e+02
2.876263907644597566e+02
2.877414744308689478e+02
2.878920116501499251e+02
2.876316542867371595e+02
2.874579129532141337e+02
2.872980829343763389e+02
2.875256073410699287e+02
2.876942672415911488e+02
2.878367517954101231e+02
2.877186378762835375e+02
2.877796908260615396e+02
2.877710292580031251e+02
2.876894101718998513e+02
2.875302971634187656e+02
2.874996628705662829e+02
2.877352368153554494e+02
2.879444129115806277e+02
2.878253959488831697e+02
2.876170714132056787e+02
2.877320619048257413e+02
2.880476095889426347e+02
2.880495517392841407e+02
2.878935959238201008e+02
2.879564979241216633e+02
2.881614077951963964e+02
2.881972019079798883e+02
2.880766671777491865e+02
2.875419808623329914e+02
2.875459703782730116e+02
2.878374808766901083e+02
2.881816343900366064e+02
2.881110292772517028e+02
2.879347049804415519e+02
2.882187288173573165e+02
2.884538453430887444e+02
