2.862170436018093937e+02
2.861796466009321875e+02
2.860993844865960227e+02
2.861823525540293645e+02
2.861800918726751775e+02
2.863121164698301868e+02
2.863428409014366594e+02
2.862534435414490304e+02
2.861709342351392138e+02
2.862460992445356851e+02
2.862499454531334777e+02
2.862207823474863062e+02
2.861387313210270236e+02
2.861972753781263918e+02
2.863761886326528270e+02
2.863135352835543586e+02
2.862875786161937981e+02
2.863136466339495314e+02
2.863083516755998517e+02
2.862550509441092004e+02
2.862083648612108391e+02
2.862473690718698549e+02
2.863428414537908111e+02
2.863272726793482548e+02
2.864159693529175570e+02
2.863918472916196265e+02
2.863682005436242548e+02
2.862057285077704591e+02
2.862014391639613677e+02
2.862099475043597181e+02
2.863437338978274624e+02
2.863342153596014441e+02
2.863452517860933995e+02
2.862989111109904456e+02
2.860070720134634712e+02
2.861303186674609265e+02
2.862483029057287354e+02
2.862984172531799913e+02
2.862774098351059706e+02
2.862659070919550572e+02
2.863061823623668261e+02
2.861462668914170422e+02
2.861915926630322815e+02
2.861585943397704455e+02
2.863564964967217179e+02
2.863083946500137813e+02
2.862335957060710712e+02
2.863550628609439741e+02
2.863753000132895181e+02
2.864068865107518036e+02
2.862983070262942533e+02
2.863132862185564136e+02
2.862059831999961261e+02
2.861097721549054995e+02
2.861960100741812880e+02
2.862644382121207514e+02
2.862910503975402321e+02
2.863034184269783395e+02
2.863042364358280452e+02
2.863044453199470354e+02
2.862290698093759715e+02
2.862820089272929067e+02
2.861245744482864097e+02
2.861949593557114895e+02
2.862413365045640035e+02
2.863434088164769378e+02
2.864022126485290869e+02
2.864039642997700525e+02
2.863076046369982919e+02
2.863535048574577218e+02
2.864537765726880707e+02
2.864799409348476615e+02
2.864499776201960799e+02
2.865507424169728097e+02
2.865240717244612938e+02
2.863830541832052745e+02
2.863880179999105167e+02
2.864377071453523627e+02
2.864334137383890493e+02
2.864054000242212510e+02
2.864033792653235651e+02
2.865117135030490658e+02
2.865403880968271437e+02
2.864708823758475660e+02
2.863259204469169958e+02
2.864649738745534364e+02
2.865070863554232119e+02
2.866566080221406878e+02
2.866375328025677618e+02
2.865228433449719319e+02
2.865965364460348610e+02
2.865988581215164572e+02
2.865483341896119214e+02
2.865861414335420250e+02
2.866085240973732766e+02
2.865197957761957355e+02
2.865859526450618091e+02
2.866388432746546187e+02
2.867513270568992425e+02
2.866739700314995503e+02
2.866694286961433704e+02
2.866347415318384151e+02
2.865900393312136316e+02
2.866043388474081439e+02
2.866175452540396691e+02
2.866679804079638529e+02
2.866096627840832980e+02
2.865143425908199220e+02
2.866663223025795446e+02
2.867240304834572271e+02
2.867306116682626680e+02
2.867090217423445324e+02
2.865763381470388254e+02
2.864289756958197017e+02
2.863573722091617242e+02
2.864369842503514860e+02
2.864636770435799349e+02
2.864734112996021054e+02
2.864205166296416678e+02
2.864409930950254193e+02
2.864186414148867357e+02
2.865359026379975944e+02
2.864728637821778534e+02
2.866573390833457893e+02
2.867294674726700237e+02
2.866639669397513330e+02
2.866897098197857190e+02
2.866906065424883536e+02
2.867176748532080524e+02
2.867198465362935735e+02
2.868199070073455914e+02
2.867393839009578755e+02
2.866914923472544956e+02
2.863848292181737634e+02
2.863429874488800806e+02
2.864716592642046749e+02
2.865201730280894594e+02
2.864788180492611218e+02
2.866614033448947225e+02
2.867430653387544339e+02
2.868054297069517133e+02
2.867395167069287822e+02
2.863378435678341134e+02
2.863681055195413023e+02
2.866439261298698398e+02
2.867052456049558486e+02
2.867496936334323436e+02
2.868257287586095003e+02
2.868805106494082224e+02
2.869922755716222582e+02
2.871122143386278935e+02
2.870728079508282917e+02
2.870809466873284350e+02
2.870476234419389812e+02
2.869493657625571359e+02
2.870734079183729932e+02
2.870882431066716549e+02
2.870937709471045878e+02
2.871501046239254151e+02
2.871831174378212950e+02
2.871911628685827509e+02
2.871844415734354357e+02
2.871948223477871238e+02
2.871817294400805736e+02
2.871950467837186238e+02
