2.866304724181213146e+02
2.867141108988461724e+02
2.866115575776614719e+02
2.866501716697856637e+02
2.866154775367825209e+02
2.866291184559653402e+02
2.866842734856423363e+02
2.866840282229283048e+02
2.866209947657643511e+02
2.866158457484545465e+02
2.866555777102369689e+02
2.866073249620019965e+02
2.865363790286975814e+02
2.865797929245532032e+02
2.865702011024371245e+02
2.865731986387509664e+02
2.865419413919560725e+02
2.866994374636244061e+02
2.866709994223272702e+02
2.866255492734646850e+02
2.865170203898157411e+02
2.864715009705411148e+02
2.866786336104956376e+02
2.869128162759217844e+02
2.866119926087183103e+02
2.866099679394526447e+02
2.868668342143243990e+02
2.868218611702429826e+02
2.865561469332020010e+02
2.865370755892661236e+02
2.865217285811108923e+02
2.866312085199675153e+02
2.866200999569672945e+02
2.864842117828146115e+02
2.863489779642624171e+02
2.865074302731968601e+02
2.863879499862712237e+02
2.864075473617147054e+02
2.866272119462415162e+02
2.867088348674816984e+02
2.867170817474760156e+02
2.867665020982922215e+02
2.866138043445806716e+02
2.867056736773806733e+02
2.866037818935804466e+02
2.867559881218228384e+02
2.868205803454066540e+02
2.866478224421704795e+02
2.867056192118844251e+02
2.867305938685383921e+02
2.867611439063439889e+02
2.868777799724961142e+02
2.868109410543791569e+02
2.866554977822093520e+02
2.865755518885183051e+02
2.867164565545268715e+02
2.866019032409963643e+02
2.866237292439231510e+02
2.865793885048841503e+02
2.867036715591331131e+02
2.867730406990563097e+02
2.867980437338080719e+02
2.867745857129029901e+02
2.868679855695339143e+02
2.869830104847018788e+02
2.867330043332750051e+02
2.866759493746228600e+02
2.866574104045014906e+02
2.866937092993305782e+02
2.867895001647024174e+02
2.866710030404356644e+02
2.866969754977825460e+02
2.869023639045837513e+02
2.868987362657364315e+02
2.865947229318430232e+02
2.867340858591711026e+02
2.867309862776228329e+02
2.868539869530616215e+02
2.868298313997689206e+02
2.867834890737761384e+02
2.866942962490498985e+02
2.868095461833851800e+02
2.868066745152449357e+02
2.869272070509423997e+02
2.870462428237978543e+02
2.869450582267864434e+02
2.869479312785787783e+02
2.869528332639487758e+02
2.869900718911115973e+02
2.870079793803374741e+02
2.868951542581465333e+02
2.868509197308083003e+02
2.869314007949745360e+02
2.869947794064673303e+02
2.869079988290481538e+02
2.868446106593650597e+02
2.869853613422224612e+02
2.871013994983016460e+02
2.869809784208337646e+02
2.867199162125475027e+02
2.868101531866745972e+02
2.868578168177580778e+02
2.869696561330645181e+02
2.868884733943439755e+02
2.867924141607147703e+02
2.868451954489393643e+02
2.867922928441698787e+02
2.870307578135268614e+02
2.869597429718116359e+02
2.868038171856476310e+02
2.870536367587589552e+02
2.870400126380711185e+02
2.868882638648632906e+02
2.869903078902635229e+02
2.869415169386128923e+02
2.870823007734633734e+02
2.869613273558699689e+02
2.870378848117606481e+02
2.868874648924594908e+02
2.868702351643123620e+02
2.871292087525148418e+02
2.870331593733687896e+02
2.869585205204246563e+02
2.869649008202001710e+02
2.868702537412695506e+02
2.868601888112492588e+02
2.868981414501269001e+02
2.871231848362380674e+02
2.871169520633168304e+02
2.870789191004320742e+02
2.872170526779381703e+02
2.869783578625555833e+02
2.869778873876215357e+02
2.871160070058889460e+02
2.873346339017771811e+02
2.871564343752659170e+02
2.870666674939432710e+02
2.871038258020998910e+02
2.873663948743654259e+02
2.873570901034025269e+02
2.872947650417507361e+02
2.873441630263155844e+02
2.870502216349977402e+02
2.870898022037521287e+02
2.871626739569637152e+02
2.874631389848292997e+02
2.875836628610696266e+02
2.875588210196494288e+02
2.874562581310569840e+02
2.875495596943673036e+02
2.874894402181295732e+02
2.875623939177127681e+02
2.876128898367115312e+02
2.877901590958761062e+02
2.878338070459720370e+02
2.878174445834114294e+02
2.878543466816417435e+02
2.878183915356232205e+02
2.875576704775619987e+02
2.875249042900037466e+02
2.876611178069015864e+02
2.877026814228631224e+02
2.876196876892153114e+02
2.875415763528802131e+02
2.876661933166122935e+02
