2.865718449981293929e+02
2.866722704003968829e+02
2.867482340138618611e+02
2.867250745403497945e+02
2.869083371807583376e+02
2.868558733023306218e+02
2.868363985564496375e+02
2.867064466973463368e+02
2.867012442344886267e+02
2.868608748781716145e+02
2.870139915974147584e+02
2.868955774962215060e+02
2.868191026903048169e+02
2.868220701678218916e+02
2.868411562716693197e+02
2.868461457737726619e+02
2.868723138259865095e+02
2.869390230027492521e+02
2.870743788998657919e+02
2.869928813178698874e+02
2.869299774539855434e+02
2.869919612063237082e+02
2.871054252035251579e+02
2.872099848842997289e+02
2.869913194225347866e+02
2.868449006542319921e+02
2.869186876394273327e+02
2.869021696069813743e+02
2.867606937823536555e+02
2.868414835962769871e+02
2.867590053804131003e+02
2.867437561051419834e+02
2.868714384237286481e+02
2.866002409895307892e+02
2.866090249727809010e+02
2.867521002086382396e+02
2.868061207866918494e+02
2.867989936646395677e+02
2.869554183011412078e+02
2.870455593294668120e+02
2.868718714999421877e+02
2.868065126763997910e+02
2.869231129875977899e+02
2.868527504981661878e+02
2.870385402260582737e+02
2.869511630723507665e+02
2.871508930538859090e+02
2.870065872472379738e+02
2.869608533768981147e+02
2.870667569926351348e+02
2.870820794640341092e+02
2.869650498834764107e+02
2.866422887335327232e+02
2.867523627491695493e+02
2.867861199497745019e+02
2.865732251074231840e+02
2.868263561386347646e+02
2.870128473431765315e+02
2.868065996309466641e+02
2.870804748332753320e+02
2.870681275199902416e+02
2.870796236810277833e+02
2.867620911851759615e+02
2.868468065981977020e+02
2.869390472475228648e+02
2.868451251034805978e+02
2.868855126440659546e+02
2.868580327178083849e+02
2.869358306929893274e+02
2.869638135577574189e+02
2.870738443339270702e+02
2.869860145574814965e+02
2.869773494122902662e+02
2.869330176819567555e+02
2.869413451463092883e+02
2.871202242015090746e+02
2.871336928178063204e+02
2.870467135087018846e+02
2.872137609384543566e+02
2.872794818629551514e+02
2.870554283883072344e+02
2.871764977491602053e+02
2.871390702905934518e+02
2.870962658883649397e+02
2.870100933519738646e+02
2.871000483762688305e+02
2.871292631828142135e+02
2.872766866039377760e+02
2.872524090113882380e+02
2.871429816537878992e+02
2.870512034281856018e+02
2.870231116977154784e+02
2.871583840063548791e+02
2.871073307664475465e+02
2.871538377381332907e+02
2.871965688496219400e+02
2.872760093183864001e+02
2.872516916733125072e+02
2.872484054498058299e+02
2.872432367879579829e+02
2.872102438038016317e+02
2.871003982263195553e+02
2.872882909070393112e+02
2.872784391958742276e+02
2.871485678348716988e+02
2.872272817309343509e+02
2.873270890713454833e+02
2.872794741244472334e+02
2.874056864249963041e+02
2.872986667725090797e+02
2.871155120726595555e+02
2.872759883918125183e+02
2.872102068469676510e+02
2.870535837362454004e+02
2.871261218866118270e+02
2.872321218724451910e+02
2.871377670550530752e+02
2.872297408309598268e+02
2.873318891465683009e+02
2.872531001253739191e+02
2.873061405740415353e+02
2.874847062615629625e+02
2.874969567356869788e+02
2.873460804388436713e+02
2.873072749805488115e+02
2.872022131252139729e+02
2.873500204693395403e+02
2.871168499055595476e+02
2.872144683592979959e+02
2.874204883550486898e+02
2.873156154264165139e+02
2.872114216125247594e+02
2.874001951013912617e+02
2.875199292528528190e+02
2.873094284495798547e+02
2.875090849824659358e+02
2.875653565406910843e+02
2.874496279805439940e+02
2.877064269075653442e+02
2.876635131989070828e+02
2.874676123329961683e+02
2.876048558285295940e+02
2.875921982102552761e+02
2.874380195338416684e+02
2.876112045235893220e+02
2.876980328127902453e+02
2.877206573653999726e+02
2.877197726831107616e+02
2.877176221524586595e+02
2.876910198595211909e+02
2.878343233942513848e+02
2.879632927596584295e+02
2.878737932951456173e+02
2.878475350594056295e+02
2.877742522410457582e+02
2.878780669636342395e+02
2.878301942939303331e+02
2.878518762203083838e+02
2.880148075867428474e+02
2.880639349205566191e+02
2.879892335012060016e+02
2.880299739053082817e+02
2.882471123011104055e+02
2.880916621691033583e+02
