2.856807710909121738e+02
2.855731516665480854e+02
2.856432293179445310e+02
2.857483543213391499e+02
2.856562917882534407e+02
2.856137608598208431e+02
2.855683410611194972e+02
2.856650730819815749e+02
2.855188363613578986e+02
2.856800610507084457e+02
2.856307189513797198e+02
2.855639792138107964e+02
2.855500076769623092e+02
2.854769821187028924e+02
2.855882901484883405e+02
2.857092371523694396e+02
2.856630863107733376e+02
2.854707076309138643e+02
2.856414126821860577e+02
2.857468692012312772e+02
2.856743109058509162e+02
2.856272131856574674e+02
2.855031811688497214e+02
2.854293289767026067e+02
2.855636530842006664e+02
2.856205310760163343e+02
2.855405549371734537e+02
2.854623044267233354e+02
2.855691890767536165e+02
2.857031913464333002e+02
2.854699327477723045e+02
2.855234377982308160e+02
2.856881207422437114e+02
2.857152165840121825e+02
2.853821012520401723e+02
2.853339668061231009e+02
2.854023448901737652e+02
2.854603244312334027e+02
2.853892546867415945e+02
2.854935058930440732e+02
2.854574339525958067e+02
2.853324440426049478e+02
2.854477495522257300e+02
2.855429151582357576e+02
2.854987201128175229e+02
2.856634836348460453e+02
2.856896762346549963e+02
2.856645548563577108e+02
2.856297615110827905e+02
2.856967530743741008e+02
2.856570728342856000e+02
2.856221318207665831e+02
2.856939705366226576e+02
2.854067401868139200e+02
2.854138259000818039e+02
2.854752142325037312e+02
2.855358483715074840e+02
2.857005496660547692e+02
2.856785005167008080e+02
2.857041041008026809e+02
2.855691933376245402e+02
2.856325209726019807e+02
2.855347993183357289e+02
2.854509682861259421e+02
2.855666231135998601e+02
2.856081688928126141e+02
2.854829443615461173e+02
2.854319087850897176e+02
2.853818633373162470e+02
2.853893715671593441e+02
2.854852396047476191e+02
2.856212295542026141e+02
2.855952801117971944e+02
2.856343587122725012e+02
2.856641415154755350e+02
2.855561533306450315e+02
2.854675712432223236e+02
2.856457644128872175e+02
2.855544975721887226e+02
2.856434479972847953e+02
2.857204466774600746e+02
2.857523365988762407e+02
2.856998601938573188e+02
2.855453538034141161e+02
2.856458992671095984e+02
2.857177039642702425e+02
2.855950871368906405e+02
2.855581564808362032e+02
2.856952734121230151e+02
2.856405373004857893e+02
2.855988166944292175e+02
2.856763225192314621e+02
2.854875266274268597e+02
2.856084437240839975e+02
2.856145142669550978e+02
2.855329366032548251e+02
2.856853367074874086e+02
2.858285513478261350e+02
2.856283211198049798e+02
2.856083221425098486e+02
2.857115500227576490e+02
2.858194026035691309e+02
2.858981034129892009e+02
2.856821332597730247e+02
2.855572185132430718e+02
2.856402715284729084e+02
2.857640837784488781e+02
2.856816137533069764e+02
2.855169017389382589e+02
2.855907008855553499e+02
2.858259822431573980e+02
2.858263190998338246e+02
2.856813987149708396e+02
2.855475470440150616e+02
2.856094916749987647e+02
2.855951225184376767e+02
2.855694715006450224e+02
2.856700824624584243e+02
2.857067638948195167e+02
2.857695634311004937e+02
2.858256072946271615e+02
2.859054203432357326e+02
2.857662637149706484e+02
2.858097271790870195e+02
2.858151613235680202e+02
2.859178945870883695e+02
2.857781577289631514e+02
2.859328680834989314e+02
2.859748914660573291e+02
2.859350747085777016e+02
2.859981716187344318e+02
2.859286762477958632e+02
2.859857249660980756e+02
2.859193602058143711e+02
2.859732331860364525e+02
2.860282042655280179e+02
2.860389369283961400e+02
2.859440330434258044e+02
2.859962694437926984e+02
2.860521633588309101e+02
2.859165097466643033e+02
2.860584677030918783e+02
2.859923989265235491e+02
2.858942434348988968e+02
2.860186992597098765e+02
2.860808138001542034e+02
2.861557733769458878e+02
2.863753268391555480e+02
2.863460304538402283e+02
2.861115814588891908e+02
2.862388314050276108e+02
2.863652931228405123e+02
2.864883516104426349e+02
2.866297143022159730e+02
2.865076456908878413e+02
2.863143597921460355e+02
2.862997077184456316e+02
2.863317051971291676e+02
2.864038641938139449e+02
2.864677577735772616e+02
2.864899426532135749e+02
2.866128243502301416e+02
2.864104052230945854e+02
2.864925409136181429e+02
2.864433086022144721e+02
