2.881849143957552428e+02
2.881291536770424386e+02
2.881706271458570541e+02
2.883065839015638971e+02
2.882300580408024189e+02
2.881819763289936418e+02
2.883998975773710640e+02
2.883435200474754652e+02
2.880371916991709895e+02
2.881076425609880403e+02
2.882180145895622445e+02
2.881596369128630499e+02
2.882113860974264981e+02
2.882293094463498733e+02
2.881903006392963675e+02
2.882870879706591154e+02
2.881855836270836448e+02
2.881938484125012678e+02
2.881681785789773471e+02
2.882418046832470395e+02
2.883120090795180772e+02
2.882042158728547179e+02
2.881656847030951099e+02
2.881482220308112687e+02
2.881688342049154130e+02
2.882802325553044511e+02
2.883453121301828901e+02
2.882886786369637662e+02
2.882231557058370299e+02
2.882033402834368303e+02
2.882275350081855549e+02
2.882711172746286934e+02
2.881940779587729935e+02
2.880911986149876043e+02
2.879156849937322704e+02
2.881264989825838825e+02
2.880298426963029783e+02
2.879168658251217039e+02
2.880423306779054542e+02
2.881699477595831809e+02
2.882632574277120625e+02
2.879168781638435917e+02
2.879210185487272611e+02
2.880437679016609422e+02
2.882418954684122241e+02
2.883412438155914970e+02
2.880669008056977418e+02
2.880071812010830854e+02
2.881346670462857560e+02
2.881468337512988569e+02
2.882458257874538958e+02
2.882360653053513602e+02
2.882665513830331179e+02
2.880507749651420113e+02
2.881447130197648789e+02
2.882011011115845918e+02
2.881507489744220152e+02
2.881035131849621393e+02
2.881107716295275054e+02
2.881614510773247844e+02
2.882904161282461928e+02
2.883539280352222818e+02
2.880832997545305716e+02
2.880502294266889862e+02
2.880971504022180625e+02
2.881114168571097025e+02
2.881687406925081518e+02
2.881759327430104918e+02
2.881628901738807258e+02
2.883447997925986783e+02
2.885043024411193642e+02
2.881024914566763755e+02
2.880180139976591249e+02
2.881407018468049728e+02
2.883657202090014948e+02
2.884557668118974334e+02
2.881873202383795842e+02
2.881795097904144995e+02
2.882468668266110967e+02
2.884786611403093843e+02
2.885997008094140597e+02
2.882238739980530227e+02
2.880580855962205646e+02
2.881605725119312638e+02
2.882781600575065681e+02
2.884166971730077762e+02
2.884674159654103391e+02
2.882566090438913307e+02
2.882441091832164943e+02
2.885018326284318846e+02
2.886567137560217020e+02
2.883567360913369839e+02
2.883028873592292030e+02
2.882306946732849724e+02
2.884724972413234241e+02
2.886581881668522556e+02
2.885061638853196087e+02
2.884442462288517390e+02
2.886254761108021398e+02
2.885433186049952496e+02
2.881838552888526692e+02
2.881329265356430938e+02
2.883706485676416946e+02
2.886643094982989055e+02
2.884528479915942398e+02
2.882904311113043718e+02
2.883120749052236533e+02
2.884579902011295189e+02
2.885799230481437121e+02
2.882348127637853281e+02
2.881310828422332975e+02
2.881439429605384248e+02
2.882392558601059704e+02
2.884249002712653578e+02
2.882446170237116689e+02
2.880491923529498308e+02
2.881452907690546112e+02
2.882278292028684064e+02
2.885033804918207352e+02
2.885694031239264632e+02
2.881942193336250853e+02
2.882213937176526315e+02
2.882320667020284191e+02
2.881858258491201354e+02
2.885219640087014454e+02
2.886027052634487404e+02
2.882096807247407924e+02
2.881334305314831568e+02
2.883083916100395641e+02
2.886494210000909106e+02
2.887188557493823282e+02
2.882775372951671784e+02
2.881868565598234113e+02
2.882786856668222413e+02
2.883774152788720926e+02
2.884943188820153068e+02
2.885206757881017552e+02
2.885057681844626245e+02
2.885120648147262159e+02
2.884879811283751678e+02
2.884031511991783532e+02
2.885750605956649224e+02
2.886614960412477444e+02
2.883828369317129727e+02
2.882787676461271076e+02
2.883269307969073907e+02
2.885367816876255347e+02
2.887842267691658549e+02
2.888595123461821004e+02
2.885609738707872225e+02
2.885000372196897729e+02
2.886487080229842377e+02
2.887841424536762247e+02
2.890877341932298918e+02
2.888331290451457676e+02
2.886727131843724692e+02
2.887778147873164585e+02
2.889438338008270080e+02
2.890879970261070184e+02
2.887821341100284940e+02
2.886239626799759890e+02
2.887800308308346757e+02
2.889158749187762965e+02
2.889576770587659098e+02
2.890102298997182402e+02
