2.867536437515985881e+02
2.868561702997997713e+02
2.869050761922135848e+02
2.868485519719152421e+02
2.868244764197254995e+02
2.868152492279432408e+02
2.867410444050052547e+02
2.869075808477030023e+02
2.867567191053169040e+02
2.869197438052315192e+02
2.869571254248172636e+02
2.869299188763670259e+02
2.868300739625400411e+02
2.868335397742442865e+02
2.868262814644552350e+02
2.867607051371372222e+02
2.867777831217463245e+02
2.870073690667583151e+02
2.868783519690304615e+02
2.869256805241447523e+02
2.868620592782830272e+02
2.869344485836801937e+02
2.869455368183272981e+02
2.869782891855192588e+02
2.869917773347147545e+02
2.870353056209985425e+02
2.870728908919330138e+02
2.870027374221961622e+02
2.871876473625619610e+02
2.872130814604977900e+02
2.872615781282679563e+02
2.870312024221911429e+02
2.870516532885886249e+02
2.870558732665006119e+02
2.867997071281819785e+02
2.869141926345662910e+02
2.871994265954883758e+02
2.870913965781529100e+02
2.872996098489327892e+02
2.872029013699715279e+02
2.870525763870994638e+02
2.870056136277482892e+02
2.870588340298666594e+02
2.869999414911926578e+02
2.870404500395797527e+02
2.871231114088535605e+02
2.872603231219849818e+02
2.870703977415226404e+02
2.871165871208308431e+02
2.872097845996710248e+02
2.871058165472740029e+02
2.871316744860654921e+02
2.873869698962377583e+02
2.871591726302384018e+02
2.870185657590971573e+02
2.870795410306630515e+02
2.871455581765653164e+02
2.872166263441378078e+02
2.871967432510755884e+02
2.869873160726464789e+02
2.870134255699040864e+02
2.869864014355002837e+02
2.869054418170379108e+02
2.868070529695892219e+02
2.869626232934148788e+02
2.871210586745140176e+02
2.871356254487514548e+02
2.871065881790069056e+02
2.872146899938970819e+02
2.872672555226455984e+02
2.870758800180839785e+02
2.871414781914394894e+02
2.871093678186229567e+02
2.871462823849333859e+02
2.870328713594187207e+02
2.869441606343070248e+02
2.870477600326902916e+02
2.870994685086668596e+02
2.870723678206646241e+02
2.870243436977199849e+02
2.869372445154279490e+02
2.870689272719357064e+02
2.870316218341610579e+02
2.870326117334845435e+02
2.870734004459124549e+02
2.869526873663614310e+02
2.869411964595872746e+02
2.868937363481493890e+02
2.870272490463991630e+02
2.869198706640023033e+02
2.870828929246643497e+02
2.870192584101948796e+02
2.869586975677551095e+02
2.870393419457810751e+02
2.869690096957495484e+02
2.868340938089226597e+02
2.868683183170807638e+02
2.868617288515777091e+02
2.869098235517649300e+02
2.868636275613300199e+02
2.868676977787068267e+02
2.869904890337317624e+02
2.869523912109509070e+02
2.867827845147116363e+02
2.869217872407049867e+02
2.868895135923736461e+02
2.867580590825457421e+02
2.867134254139004952e+02
2.867957177574683101e+02
2.869027916747815539e+02
2.869758203537355143e+02
2.869666475806141079e+02
2.868282177223202893e+02
2.868550337353007649e+02
2.869484892186911225e+02
2.866809812886332907e+02
2.867784285456428393e+02
2.867271672086760077e+02
2.867657353001491742e+02
2.868944191013660543e+02
2.868581435672190310e+02
2.869506135806582847e+02
2.870426530868509758e+02
2.871118060089827964e+02
2.868737914770175053e+02
2.869560970466861249e+02
2.869626352702211420e+02
2.870581929205199572e+02
2.872167373739322329e+02
2.872918930641550901e+02
2.870782332352148956e+02
2.872977650234171847e+02
2.873210845951655301e+02
2.870185766903803710e+02
2.870464660871060119e+02
2.873419264893018976e+02
2.873848698473679519e+02
2.871983350822892476e+02
2.871977209390948360e+02
2.873455970620394169e+02
2.874960292473993491e+02
2.876197440648748511e+02
2.870936027602762124e+02
2.870832693698094431e+02
2.872394745450637288e+02
2.872813869625404664e+02
2.874862013268300984e+02
2.877315622305910097e+02
2.877738503731443984e+02
2.878236717939924461e+02
2.877236193028533648e+02
2.877718085271821451e+02
2.879884267012336636e+02
2.880939087108311583e+02
2.881484000577083293e+02
2.880143740182310239e+02
2.882115039202307116e+02
2.881179098256648672e+02
2.881290844366002943e+02
2.881915885705112714e+02
2.884422119890448357e+02
2.885081991560610959e+02
2.884610905419070832e+02
2.882274409416567664e+02
2.883075506361607836e+02
