2.867891275723324611e+02
2.868837670855480724e+02
2.869991639113677024e+02
2.869146062710574938e+02
2.867406170089378179e+02
2.868729031818394901e+02
2.868703783396385916e+02
2.869721339750925608e+02
2.869018558289604357e+02
2.868254897011522075e+02
2.867370102408022490e+02
2.867981320718205893e+02
2.867172146089608873e+02
2.867914303491562578e+02
2.868999695825650633e+02
2.870833343788928005e+02
2.870086269475580707e+02
2.870135139522622012e+02
2.870303295211532486e+02
2.869990852154300569e+02
2.871380230130101836e+02
2.872464593965907511e+02
2.871941761440137384e+02
2.873066278045239414e+02
2.870396230549036432e+02
2.870832980556327811e+02
2.872003500767180526e+02
2.871208309164409229e+02
2.870984905958405875e+02
2.872183634694218313e+02
2.869310101391366175e+02
2.870432957397731002e+02
2.871349434929690005e+02
2.870928267803448080e+02
2.868973166569177806e+02
2.868680215073570139e+02
2.870977155202813265e+02
2.870686930085122981e+02
2.869680549251079924e+02
2.871321562984909974e+02
2.872116143747201704e+02
2.871500653651924040e+02
2.869363374506049809e+02
2.871880571699788334e+02
2.872975419604194940e+02
2.871537200726884862e+02
2.869807526808877469e+02
2.871678000901670771e+02
2.872109381736948421e+02
2.871965360582462949e+02
2.872014949457972079e+02
2.871915638213918669e+02
2.869917032581265062e+02
2.869067291954031020e+02
2.869668657321683440e+02
2.869459199927789541e+02
2.869686629791792143e+02
2.869225229589721380e+02
2.870083273145052658e+02
2.870977242720501295e+02
2.868597963868270426e+02
2.869364908503055744e+02
2.869560446918034700e+02
2.869068041461769667e+02
2.869918242226535199e+02
2.871336690973597001e+02
2.871029695850228904e+02
2.870340556078984946e+02
2.870321428105621635e+02
2.871077078265315663e+02
2.872921538362451770e+02
2.873252795204239192e+02
2.873216428138663332e+02
2.873344349556527959e+02
2.872776738522266555e+02
2.869962892800131726e+02
2.869547568326254918e+02
2.870354089555568748e+02
2.871761821200126406e+02
2.871760401684642261e+02
2.871717796974381258e+02
2.870957815826071169e+02
2.870887782269015247e+02
2.870486617177086259e+02
2.872445990180492004e+02
2.873111658821576953e+02
2.873479325710520129e+02
2.872886081599121439e+02
2.873042443404078199e+02
2.873846958195658203e+02
2.873619105022744975e+02
2.871187074540332560e+02
2.871134929796034498e+02
2.871011639183803936e+02
2.871027778256604392e+02
2.871823489075648013e+02
2.872482782386117037e+02
2.872396945305740701e+02
2.872348652768467900e+02
2.872922114851380684e+02
2.872221604490169398e+02
2.872986821308031722e+02
2.872903695417711560e+02
2.872855797545723817e+02
2.871682367456797351e+02
2.872915162517497265e+02
2.870622136996528866e+02
2.870732665715518692e+02
2.871493606718620981e+02
2.872001654317697898e+02
2.871361538953350987e+02
2.871369213116531682e+02
2.871850607138415512e+02
2.870477789542551932e+02
2.868610100008468180e+02
2.868344963783065396e+02
2.868349209164381364e+02
2.870930674389209116e+02
2.871627395058416710e+02
2.870581196598960219e+02
2.871756762053053649e+02
2.870564128268623563e+02
2.870696698210430782e+02
2.871823967384844991e+02
2.873296125894421493e+02
2.872017462683891722e+02
2.872991205872459091e+02
2.873495978821243284e+02
2.874771674928343828e+02
2.875281822968449319e+02
2.874982441668069555e+02
2.874737515522692206e+02
2.873541738890441479e+02
2.873538531041314741e+02
2.874707485801324083e+02
2.875273457944937832e+02
2.874856640905276777e+02
2.874683613975666390e+02
2.874175250078448585e+02
2.873309738088246377e+02
2.874665075398576732e+02
2.875138651357524964e+02
2.874695144841370507e+02
2.876242404051101857e+02
2.876205009045339693e+02
2.876299819955673343e+02
2.876896793013275442e+02
2.877611516396937077e+02
2.879717242858945383e+02
2.878752772996859335e+02
2.877523809866261786e+02
2.879304076195908237e+02
2.879979260896368487e+02
2.879422313982331616e+02
2.880365267910489706e+02
2.880652413990520131e+02
2.881518542442764215e+02
2.881944308845709202e+02
2.880396483678094910e+02
2.880779774206620800e+02
2.880176903758560343e+02
2.881995036460114079e+02
2.883968402705193057e+02
2.884361374707157211e+02
2.883252357449410397e+02
