2.870212913410954911e+02
2.869452743932379235e+02
2.866095172150559733e+02
2.866152461138321428e+02
2.866662922854062003e+02
2.866039655756229649e+02
2.867066782745974365e+02
2.867932759748901503e+02
2.868028535958566181e+02
2.865702750885816954e+02
2.865963272020318868e+02
2.866895120373107488e+02
2.866583609736210292e+02
2.866485875102223417e+02
2.865937618134160516e+02
2.865651584321020664e+02
2.868205140219653799e+02
2.866869604353752834e+02
2.866277282239374244e+02
2.866960873070527214e+02
2.866207956622088204e+02
2.867139316708218075e+02
2.866763820362063484e+02
2.865910807355704151e+02
2.865806941732551536e+02
2.866479724070164252e+02
2.866168323009531491e+02
2.865533565797716733e+02
2.865735302504764945e+02
2.865884090086237848e+02
2.865802707018979731e+02
2.865120124597892186e+02
2.864607644114771574e+02
2.864141795474217247e+02
2.861563147979661039e+02
2.863275493160458609e+02
2.864225870414776409e+02
2.863330568228210495e+02
2.862451566447395521e+02
2.862442738155307893e+02
2.863482496593399560e+02
2.864284474571160786e+02
2.865207701061580678e+02
2.864439980042728848e+02
2.865492188549011416e+02
2.867152803330624806e+02
2.864309620547149393e+02
2.864293516925478684e+02
2.865971561395948584e+02
2.865997605427680810e+02
2.865490029917448851e+02
2.863770016368212055e+02
2.864944317749123570e+02
2.863517319111352322e+02
2.864403907775493394e+02
2.865031723305202718e+02
2.863805832986550399e+02
2.864450926887776063e+02
2.865606799359083539e+02
2.865873111899206265e+02
2.864871159069305691e+02
2.865970399120199659e+02
2.864810049247271877e+02
2.863898542800102405e+02
2.863914716925832522e+02
2.864137821191409330e+02
2.864903894195252860e+02
2.864038712991181796e+02
2.864381601615423278e+02
2.863384129178349440e+02
2.863651013688236731e+02
2.864873127357816429e+02
2.864958369841388617e+02
2.864596349100219754e+02
2.865026961956529590e+02
2.866497863806544615e+02
2.866321177748869786e+02
2.865812229590465563e+02
2.865982321693952031e+02
2.864011855980867836e+02
2.864963100406487797e+02
2.866041250295957070e+02
2.865999047398717607e+02
2.866785501190873902e+02
2.866300321162971727e+02
2.865109262051456653e+02
2.864820143862622217e+02
2.865771897963807646e+02
2.864894114653044426e+02
2.865961654789080626e+02
2.866814333325037865e+02
2.865638476149800340e+02
2.866192147731011914e+02
2.866610042157654448e+02
2.867776927559636420e+02
2.867931816011370074e+02
2.866592563485128835e+02
2.867140668143272251e+02
2.867237704108447929e+02
2.864802434133350744e+02
2.864723048610362071e+02
2.866578961311917055e+02
2.868207635080495379e+02
2.867627583902236097e+02
2.865322367307884406e+02
2.865299802755000087e+02
2.866324308632634370e+02
2.867543871501929402e+02
2.867802717132718158e+02
2.866562195412890901e+02
2.866268258801656543e+02
2.866254908164477797e+02
2.866188242055965816e+02
2.865775704111274536e+02
2.865821778016106123e+02
2.863650673398503272e+02
2.863918662250826515e+02
2.864490364304846253e+02
2.863637082779655998e+02
2.863172173348052638e+02
2.863355210131690001e+02
2.864305889199260946e+02
2.864356803204470339e+02
2.865998812683417896e+02
2.866699089518157848e+02
2.864366290665338397e+02
2.864084948882744470e+02
2.864261615572584674e+02
2.864964264765529833e+02
2.865565976044444483e+02
2.866078310607039725e+02
2.866859629388594044e+02
2.865119991369851391e+02
2.865134454853608759e+02
2.865618047048438939e+02
2.867156541336372584e+02
2.868296111981619561e+02
2.867190669647925461e+02
2.868189918029392516e+02
2.868395845574968348e+02
2.868823445415083029e+02
2.868650374672517955e+02
2.864505042477486541e+02
2.863735421956321829e+02
2.865623643626346961e+02
2.866907267308953351e+02
2.868381904744142048e+02
2.869411746235123246e+02
2.870810018777265213e+02
2.870749300507247312e+02
2.872129126633459464e+02
2.872006428997628404e+02
2.871443276494769066e+02
2.871840607195500752e+02
2.872258882736564942e+02
2.871386010950947707e+02
2.872067247919379724e+02
2.872403582969183731e+02
2.872474513742813542e+02
2.873402834218185831e+02
2.874060185849888853e+02
2.873905444981019173e+02
2.874663088625463274e+02
2.874677823507454946e+02
2.874853383138358254e+02
