2.869516007972717375e+02
2.870002020725787020e+02
2.870194408326606208e+02
2.869982229211254321e+02
2.868504939740402619e+02
2.869491727966413350e+02
2.869677831646623076e+02
2.870456048080031337e+02
2.869069300406263778e+02
2.869601249441248569e+02
2.870972771930144631e+02
2.868753228807921687e+02
2.868004883403381768e+02
2.870039989457699789e+02
2.869693744820575034e+02
2.868989577027446671e+02
2.869546293756160367e+02
2.869516988682148053e+02
2.869196788813316630e+02
2.869241735386490859e+02
2.868453817349507062e+02
2.869533274703688335e+02
2.869757172914538046e+02
2.870010955445057448e+02
2.869489298426335608e+02
2.870114391629367674e+02
2.869385564458413000e+02
2.870222259443644361e+02
2.869942230207277021e+02
2.870525432447338972e+02
2.870996796088836049e+02
2.869860991469607825e+02
2.870325843172378768e+02
2.869645551531282308e+02
2.864922801857006220e+02
2.865718246270054692e+02
2.865465864780957759e+02
2.867589043704695655e+02
2.868126253954791878e+02
2.868003382219699802e+02
2.868885258512339078e+02
2.867872275405742926e+02
2.866361161797936461e+02
2.866458627045749950e+02
2.867583395291399029e+02
2.866185488447106309e+02
2.867762281339095694e+02
2.868534195016546846e+02
2.869842676335895248e+02
2.869958258704275522e+02
2.870430013819390638e+02
2.868383716632371261e+02
2.868108097981572087e+02
2.866149695147203715e+02
2.867140824921074795e+02
2.867111593194525199e+02
2.867821403362938213e+02
2.868880207832229985e+02
2.868467590168432366e+02
2.870581022048117461e+02
2.870996775403924062e+02
2.870215203426540143e+02
2.869775263981592275e+02
2.869431886434958869e+02
2.870089313934715278e+02
2.870795256144631935e+02
2.871573185442620684e+02
2.872695568855252191e+02
2.869959197482725131e+02
2.871076268252388104e+02
2.870624916986416224e+02
2.871465071675985996e+02
2.870907018050325519e+02
2.872247676957752560e+02
2.872353109023428601e+02
2.871690596839915202e+02
2.872429843236361080e+02
2.873218091186778906e+02
2.874833333870389538e+02
2.873442600877503423e+02
2.871661640378524680e+02
2.873056251784528854e+02
2.873985185362242305e+02
2.872840895365636698e+02
2.873839305777273125e+02
2.873703320631130396e+02
2.874296207101945697e+02
2.875860314599183880e+02
2.873474148281368912e+02
2.874634988574388785e+02
2.874096110256677434e+02
2.872922278100316476e+02
2.874210152033728036e+02
2.874578402842514038e+02
2.873608767496954215e+02
2.873230598378570448e+02
2.875542901143123231e+02
2.876329741735565335e+02
2.875481298505896461e+02
2.876834259622099239e+02
2.877700449179660040e+02
2.877220127110174417e+02
2.876790970075854830e+02
2.874635422609487705e+02
2.876568585567969194e+02
2.878393781253097927e+02
2.876784307256606326e+02
2.874875874859416740e+02
2.875998542828980931e+02
2.876512520414699452e+02
2.875598845468886680e+02
2.875974797188695788e+02
2.877377009225202187e+02
2.874572293916513104e+02
2.873281897155123374e+02
2.873444700955186022e+02
2.874939309830534739e+02
2.876420431653613150e+02
2.875526500048836738e+02
2.873547408668336516e+02
2.873027231590724000e+02
2.873943316356149467e+02
2.875792347596488412e+02
2.876437792238770612e+02
2.876739997295664466e+02
2.874998182524724939e+02
2.876467033230439938e+02
2.876373710710628870e+02
2.875476467420906488e+02
2.875606896964615657e+02
2.875180585083190294e+02
2.875901921154252250e+02
2.875911406205860317e+02
2.874800585540096449e+02
2.875355321940750741e+02
2.877449045448622655e+02
2.877956975006002267e+02
2.878511363996875048e+02
2.879322870752550330e+02
2.878662250651518661e+02
2.880130995473215876e+02
2.879479710334038032e+02
2.876890516832015123e+02
2.875557224361354542e+02
2.877808721669348415e+02
2.877720017833006523e+02
2.878946716642773822e+02
2.878714639866703351e+02
2.877342753851196449e+02
2.879200006354655557e+02
2.879990502172711331e+02
2.883252029469647937e+02
2.881401624181350485e+02
2.880881891192607327e+02
2.883918830416740207e+02
2.882764324188416936e+02
2.878698010668421716e+02
2.878996931866591353e+02
2.880411789989555018e+02
2.881682440141387929e+02
2.881352939680722329e+02
2.882751314836595498e+02
2.882009375374390743e+02
2.884190627982653155e+02
2.883991271419671989e+02
