2.860511534318582108e+02
2.860289420807352485e+02
2.861083691021898971e+02
2.860843477263093177e+02
2.860545236705125376e+02
2.860690348745414440e+02
2.858758981625642264e+02
2.860380643831678640e+02
2.859799862153737422e+02
2.858992993207057225e+02
2.861544051805631170e+02
2.861095923584080083e+02
2.858642673240198633e+02
2.859451008480747873e+02
2.861584164172164719e+02
2.860621910590004973e+02
2.860811814030050186e+02
2.861483864910458124e+02
2.861991747830652457e+02
2.861946745778832906e+02
2.859578530695506515e+02
2.861531146692811376e+02
2.862309678377369551e+02
2.861853539539544613e+02
2.860436890463099076e+02
2.859500334783189714e+02
2.861746754608873857e+02
2.860528096947130052e+02
2.861975363673661263e+02
2.862218359766212075e+02
2.860952120825209590e+02
2.861364392382134270e+02
2.860866306880475918e+02
2.859966989252397411e+02
2.858073725217657852e+02
2.856972184365060912e+02
2.857527233683773034e+02
2.857634528541079248e+02
2.857574741176372299e+02
2.859648421344421081e+02
2.859213929832438339e+02
2.858969870992097526e+02
2.859059715497289176e+02
2.858676133276653104e+02
2.859088128923820591e+02
2.859610356942122849e+02
2.859837163428708209e+02
2.857963742565125926e+02
2.858497238296012597e+02
2.859354891455276970e+02
2.858982517003424277e+02
2.859416162854770391e+02
2.860025514207185324e+02
2.857749886129270180e+02
2.857915832330307921e+02
2.858450993877740416e+02
2.859882576704653161e+02
2.858080445685572499e+02
2.858691860916113114e+02
2.860853806390557565e+02
2.860696130831409505e+02
2.861090156352399276e+02
2.857358554664515964e+02
2.856955224752089748e+02
2.859360691091262083e+02
2.857681872841461086e+02
2.858850625956699218e+02
2.858724166155741955e+02
2.858489373673300520e+02
2.861519253948385426e+02
2.860398856371070906e+02
2.861240667038547372e+02
2.860920320310657985e+02
2.859349242594690850e+02
2.859771456808277890e+02
2.860064803025628066e+02
2.859053608460785654e+02
2.858968820841088245e+02
2.860203583970156274e+02
2.859884472506763018e+02
2.859167981080458389e+02
2.858310299977959517e+02
2.859351543463114922e+02
2.860771318019806699e+02
2.860714473393937283e+02
2.860598505131437719e+02
2.859028146020213512e+02
2.859840949133165964e+02
2.859369395330286352e+02
2.859893805561349041e+02
2.860197779437584700e+02
2.860564839175039538e+02
2.859096170509031936e+02
2.859399242561659662e+02
2.859722497908877017e+02
2.860043368571498377e+02
2.862357194600184016e+02
2.863489882879580364e+02
2.862904663578171949e+02
2.863095278191892135e+02
2.862169738147831026e+02
2.860236462416805239e+02
2.860453117902534359e+02
2.862645346679033196e+02
2.863361640472803629e+02
2.863388767336019782e+02
2.863479469009898253e+02
2.864372169446332919e+02
2.864098817645443660e+02
2.864595661434262297e+02
2.863395778100917255e+02
2.862431460939033627e+02
2.861769882297045910e+02
2.861284507965803527e+02
2.861447099527731552e+02
2.861387437599350392e+02
2.865131926982093660e+02
2.865136926668473620e+02
2.863675131524130961e+02
2.865378455491965042e+02
2.863995541867591896e+02
2.865495789257770980e+02
2.866064039529365459e+02
2.864509758759461988e+02
2.863976534209222677e+02
2.864059310324039416e+02
2.864154311924049239e+02
2.864541702559988607e+02
2.864824367276369799e+02
2.866775068443473060e+02
2.867700342313351030e+02
2.866197419625506768e+02
2.866094835149567075e+02
2.865010680889038213e+02
2.866046971132112162e+02
2.864999050987337341e+02
2.866591450977823001e+02
2.868867048106371271e+02
2.866631875596970076e+02
2.869820886201300141e+02
2.870629053993264392e+02
2.869700864876720630e+02
2.867329213759870186e+02
2.866541273000706838e+02
2.869254782451183132e+02
2.870069488427366764e+02
2.867902809683567966e+02
2.867696693508115118e+02
2.868721616647010819e+02
2.871089157532140348e+02
2.871557686181812983e+02
2.872803883711894741e+02
2.871401433572045221e+02
2.870297727994704928e+02
2.870414543449733742e+02
2.870313214017448900e+02
2.873368235279211262e+02
2.874058357378766004e+02
2.872153015395932130e+02
2.871951844523630939e+02
2.873163829592696175e+02
2.875126487985928065e+02
2.872678480899208466e+02
2.872487618009793664e+02
2.874484755880433227e+02
