2.863738506321546993e+02
2.863196497157874774e+02
2.863653018926555092e+02
2.864786944004510474e+02
2.863239337622566154e+02
2.863769071292257991e+02
2.863962697857203352e+02
2.863157203069669094e+02
2.865242177806539416e+02
2.867381673886952171e+02
2.866378937998848642e+02
2.864821552533400677e+02
2.864125287680312795e+02
2.865239952311312095e+02
2.864263566527527587e+02
2.864853050585924734e+02
2.865166932666381285e+02
2.865124595254588371e+02
2.864254002020432495e+02
2.865831113201741687e+02
2.866406009411995228e+02
2.864696484956503468e+02
2.865656918209974151e+02
2.864631165723509980e+02
2.864013984365759597e+02
2.862784859509296211e+02
2.863999680544175135e+02
2.865422090090052620e+02
2.866506730596611305e+02
2.866332223260839669e+02
2.865516453418879905e+02
2.865642975353806605e+02
2.864364995611182394e+02
2.864795627350034124e+02
2.862266835010171917e+02
2.862046012509599109e+02
2.864632277026650513e+02
2.864503566013589761e+02
2.865542845377405570e+02
2.865720488783741189e+02
2.864991667781922047e+02
2.864972379447370372e+02
2.865489540792193566e+02
2.866392160449022981e+02
2.867305520222359974e+02
2.865020410419915606e+02
2.865012875917792030e+02
2.866105924792942119e+02
2.866312205929569359e+02
2.864709383923123482e+02
2.863837850242869649e+02
2.865082112667703882e+02
2.866169680950611678e+02
2.862049749804758108e+02
2.862685806706239759e+02
2.864059137018562637e+02
2.864840801809894515e+02
2.862049633281120009e+02
2.863240376504143114e+02
2.863248571062932228e+02
2.863582490069923097e+02
2.864874471895075203e+02
2.864192033226185572e+02
2.862780560628321496e+02
2.863594755825444622e+02
2.864829704776299764e+02
2.863191995249063098e+02
2.862090245579069006e+02
2.863422576396395129e+02
2.864805847818777238e+02
2.865406703406355859e+02
2.863280990881766570e+02
2.864666313725301734e+02
2.864930286150324150e+02
2.865510710804176142e+02
2.865998568437358358e+02
2.863944800148491368e+02
2.865050099585463954e+02
2.865452534070539627e+02
2.865452706683589099e+02
2.867308526148562464e+02
2.865915544996168478e+02
2.865329544881889774e+02
2.865488907457337859e+02
2.866834618837777953e+02
2.866421871157118630e+02
2.865441376616722096e+02
2.866268059989255903e+02
2.867099860553167332e+02
2.866356341010368851e+02
2.865286939561005966e+02
2.865147093247963994e+02
2.864502448571137165e+02
2.865056392861424115e+02
2.864976715188664116e+02
2.865906964813468107e+02
2.865474363368684294e+02
2.865545654624596636e+02
2.864422094522380462e+02
2.865810654951985157e+02
2.867191831703406706e+02
2.865240990395853373e+02
2.864458815050419958e+02
2.863990523839770503e+02
2.864104617811441358e+02
2.862704215874068154e+02
2.863464485575414074e+02
2.865149857293533842e+02
2.864614211851513232e+02
2.863822129593314116e+02
2.863458482087523294e+02
2.863150229789584387e+02
2.863249229998764918e+02
2.863712628449727617e+02
2.864015333615137138e+02
2.862151237982598673e+02
2.863228798967926423e+02
2.864838333772855208e+02
2.863908563746614959e+02
2.862835347855967711e+02
2.864237986706420429e+02
2.863104540912934795e+02
2.864563585654603912e+02
2.863384897762978767e+02
2.863614298931921098e+02
2.863044673906799176e+02
2.864067416782213513e+02
2.864581410952911824e+02
2.863670416957250495e+02
2.864213021008753799e+02
2.865492121491768671e+02
2.862086860882943142e+02
2.862753635400194412e+02
2.862773425999509982e+02
2.863676611255432931e+02
2.866361552549066687e+02
2.865907445665777686e+02
2.865647706943353796e+02
2.867089412744520018e+02
2.866452056918391236e+02
2.867936805082330807e+02
2.866303868969330892e+02
2.862625034144915048e+02
2.864586554843890553e+02
2.865823212488569425e+02
2.867532499465502838e+02
2.866842539113313819e+02
2.866565853005041049e+02
2.870047894416412078e+02
2.870791450530651900e+02
2.870549119252696073e+02
2.871778823960430032e+02
2.872206136460395669e+02
2.872634324861509754e+02
2.872991604731608390e+02
2.870841845486529564e+02
2.872825738219953564e+02
2.873874307933081127e+02
2.875525044844640661e+02
2.875057907636510208e+02
2.875422166511246473e+02
2.877053363766887628e+02
2.875696348490149035e+02
2.876191474367468004e+02
2.876783906970184148e+02
