2.876444707686329707e+02
2.874526171818343414e+02
2.871984911669350709e+02
2.872905628062803771e+02
2.874918047184339684e+02
2.874011100369792189e+02
2.871648267247460922e+02
2.873200563993138985e+02
2.874700241707891450e+02
2.872584330394548147e+02
2.871268982953318414e+02
2.871937229375594711e+02
2.871530551455378486e+02
2.871625507022658326e+02
2.873066661162648643e+02
2.874689984128339120e+02
2.872397122744837361e+02
2.871094837564473892e+02
2.871048815852553275e+02
2.874071276787288411e+02
2.873233611040664641e+02
2.871047638175973589e+02
2.871242723823654615e+02
2.874404923497413620e+02
2.874192174835688434e+02
2.870874721877727325e+02
2.870480960255055152e+02
2.873968585309427795e+02
2.874863590544004524e+02
2.872509063292137057e+02
2.871803314000505338e+02
2.872821647276588237e+02
2.874637115908141709e+02
2.871790666785263966e+02
2.867825428998796724e+02
2.867450771892602575e+02
2.870739384727419292e+02
2.873544938225038550e+02
2.874334539242174742e+02
2.872491423157569557e+02
2.871315546658126436e+02
2.871037723516187157e+02
2.873928500525016716e+02
2.874479608096126526e+02
2.872138195423038383e+02
2.870297320883769885e+02
2.871637238051910685e+02
2.872609227193534025e+02
2.875069770977937083e+02
2.873166878301470319e+02
2.870449295504556062e+02
2.871220835923166419e+02
2.872849413403919243e+02
2.872900389290408611e+02
2.872565700367633212e+02
2.873656311172875348e+02
2.871471199042612739e+02
2.870256276765723555e+02
2.871111506021829314e+02
2.874387689023228063e+02
2.875181555478341693e+02
2.872592519138920011e+02
2.870766035513468637e+02
2.871647862095651931e+02
2.874353911290363612e+02
2.872392771465754890e+02
2.872016081714004940e+02
2.873376720559119235e+02
2.875526685661587294e+02
2.873617880042598358e+02
2.872296524336654215e+02
2.874344581723464103e+02
2.875068379371209062e+02
2.875545512341100789e+02
2.871613213875097017e+02
2.872218796695976266e+02
2.875047512558618905e+02
2.875222240145793080e+02
2.872339315497161465e+02
2.871863374724157438e+02
2.872957595992408528e+02
2.875246076418092684e+02
2.877644578113359444e+02
2.874023086791932542e+02
2.872491714125629869e+02
2.874594672564696793e+02
2.877078098028058548e+02
2.873252762359398389e+02
2.873024019169709504e+02
2.875600776507383785e+02
2.875206105828611385e+02
2.872000944266489455e+02
2.872107496255885053e+02
2.876190089800971350e+02
2.876423190850663900e+02
2.874603052604539357e+02
2.874324978290304102e+02
2.875589711876847900e+02
2.876671365545386720e+02
2.876984381261738122e+02
2.874649491413481996e+02
2.874296473286374862e+02
2.876688506286026268e+02
2.876959960529617888e+02
2.872381050210890976e+02
2.872544527597491992e+02
2.874470358762411593e+02
2.876361790674505983e+02
2.876008150436064739e+02
2.874114969524962362e+02
2.875249348707257582e+02
2.877192944404928312e+02
2.876466770858616542e+02
2.872170099997271677e+02
2.870588108795065523e+02
2.874500188130214724e+02
2.875318947737821418e+02
2.872266693530609132e+02
2.872797666375322478e+02
2.874457735627155444e+02
2.877141846494052402e+02
2.876457080221364890e+02
2.876748977372266722e+02
2.876607086792818677e+02
2.877691784877774808e+02
2.875915973127831649e+02
2.872137042181116158e+02
2.871624285675242163e+02
2.875249892824771223e+02
2.877527829713089318e+02
2.877642346641289919e+02
2.876034649536643997e+02
2.874874305433543782e+02
2.876810346586892706e+02
2.877652984485600314e+02
2.874624643714653871e+02
2.874176061097705883e+02
2.876932440722180218e+02
2.878747595046987726e+02
2.879811180468665839e+02
2.878930256984286871e+02
2.877295510150861446e+02
2.873640754489508140e+02
2.875918398901706610e+02
2.879171151287682164e+02
2.877522981620294900e+02
2.875900702846386139e+02
2.877804055959818470e+02
2.879335701675683481e+02
2.879445161905985628e+02
2.877424516161156021e+02
2.877644880963737819e+02
2.879953840982900601e+02
2.880310479596220716e+02
2.879141073556084507e+02
2.878506012635884872e+02
2.881781339067981094e+02
2.883133257239425689e+02
2.883252222264632110e+02
2.882165585887150314e+02
2.880758717232506001e+02
2.880074485146004690e+02
2.881200673396177194e+02
2.881538769689302057e+02
2.877505510787396474e+02
