2.856506267798635577e+02
2.857233588907947137e+02
2.855900646523449495e+02
2.857107636683750229e+02
2.856796407513205622e+02
2.856433071389296288e+02
2.856000327469835156e+02
2.856674683064700844e+02
2.856507664909461255e+02
2.857399079680984073e+02
2.857159963257411732e+02
2.856642816907141764e+02
2.856263525182408216e+02
2.856684937477161270e+02
2.857594178810381322e+02
2.854841793687643872e+02
2.855587803549976229e+02
2.856264738608540483e+02
2.855616776906349514e+02
2.854607401247314442e+02
2.855109562051593457e+02
2.856723952243143003e+02
2.856757609603281480e+02
2.857274812945183839e+02
2.858020497687621742e+02
2.857493781129813328e+02
2.856537383117137665e+02
2.855076252380746951e+02
2.855915413674929937e+02
2.856488512805496498e+02
2.856485566783068748e+02
2.856905076201946372e+02
2.857082980667842662e+02
2.856215397439931962e+02
2.854187149108093422e+02
2.854213612229565342e+02
2.855225819268231930e+02
2.854842791751840991e+02
2.853864736147750136e+02
2.854337648049493623e+02
2.855689261131965964e+02
2.857192309286198224e+02
2.857102798109314676e+02
2.854986054383826399e+02
2.856045029473091290e+02
2.856967430908650840e+02
2.854691515728551963e+02
2.855704171743232678e+02
2.856088318165766964e+02
2.856594302232911673e+02
2.856108084449645048e+02
2.856840790147547864e+02
2.856194705591140064e+02
2.855915073764094814e+02
2.856853819221644812e+02
2.858768178312075747e+02
2.857345228881383150e+02
2.855346476070608901e+02
2.856320157474047505e+02
2.857165170701534862e+02
2.856925798575397835e+02
2.856366204619087625e+02
2.854829749834578365e+02
2.855507147207829917e+02
2.855726367506530892e+02
2.854686968414951593e+02
2.855559103217287316e+02
2.858115157262430444e+02
2.857427532945952748e+02
2.855539689387122166e+02
2.856780389199677188e+02
2.856849387795717234e+02
2.856087934926551384e+02
2.855962881393290900e+02
2.856459478510242889e+02
2.857031946452048601e+02
2.856073906405077310e+02
2.856940278197400858e+02
2.857183065918807756e+02
2.856010522344849392e+02
2.856463284705850469e+02
2.855128609888713527e+02
2.855756470154075828e+02
2.857184212534170342e+02
2.855989759789599134e+02
2.856301103667362327e+02
2.856757715832065401e+02
2.855933161988471625e+02
2.857185783656221929e+02
2.856552884066785509e+02
2.858041934068780279e+02
2.856564015249509794e+02
2.856015235723334627e+02
2.856510353739342918e+02
2.857587202728304874e+02
2.859835303245559430e+02
2.857301703883313735e+02
2.856138375113712868e+02
2.855768028779352790e+02
2.855915974804877919e+02
2.857897026065099340e+02
2.856499983761424346e+02
2.858041850056454223e+02
2.857262634259251968e+02
2.856626561863418488e+02
2.856976151854390196e+02
2.856842644024032438e+02
2.857490302749097282e+02
2.857244563204557721e+02
2.856154168376207849e+02
2.857126269210970690e+02
2.856901523609100195e+02
2.858116771305083716e+02
2.856713541819595434e+02
2.856522226671083331e+02
2.855677613298236679e+02
2.856658497910023016e+02
2.857800940342075364e+02
2.859024407144908650e+02
2.858292444696574535e+02
2.857062703740230063e+02
2.856841619169499609e+02
2.857873826475445753e+02
2.858269724997233538e+02
2.858829847237320791e+02
2.857975642007222064e+02
2.857347126801868740e+02
2.857771827147403769e+02
2.857550688875274432e+02
2.858300825672409360e+02
2.859271521300194649e+02
2.860622578020373226e+02
2.859642121653027402e+02
2.857292639884668120e+02
2.857529059242956464e+02
2.857803822362936899e+02
2.859208491886336674e+02
2.859137316377088496e+02
2.858702782786189687e+02
2.859773377983931937e+02
2.859809177724299047e+02
2.859650907334875569e+02
2.860304534365347990e+02
2.860092762429785012e+02
2.859495902050501286e+02
2.858889365484149607e+02
2.861102603007526000e+02
2.861839226073932991e+02
2.860492474844105573e+02
2.861308588945261704e+02
2.861507226921153801e+02
2.862304061287565560e+02
2.863172326850580589e+02
2.863828685023203207e+02
2.863860164691207615e+02
2.864389269818670982e+02
2.865529452861586037e+02
2.864848120447822453e+02
2.864775942031710656e+02
2.865254272266685689e+02
2.865971055142720161e+02
2.865191661835422110e+02
2.863325235882752509e+02
2.864339854561518450e+02
2.865390283345628291e+02
