2.866559505475717629e+02
2.867432088043326530e+02
2.869586980194648618e+02
2.867973782426975617e+02
2.865712147766536759e+02
2.866625026703421213e+02
2.869457853352922143e+02
2.867673346130227401e+02
2.865733061672227677e+02
2.866974511109746686e+02
2.867487430167264506e+02
2.866878707125253527e+02
2.866761815430810429e+02
2.868732399570612301e+02
2.867236867654810908e+02
2.866179644294530817e+02
2.866333844360868284e+02
2.867742876090060236e+02
2.865470311653746762e+02
2.866119755570705934e+02
2.869655670481324137e+02
2.865386474677073352e+02
2.865155404229301439e+02
2.866297726097959639e+02
2.867851308669041259e+02
2.868181394711680809e+02
2.867330860661291467e+02
2.865682913605919566e+02
2.866347103680605528e+02
2.869609886504487690e+02
2.869731348101996105e+02
2.865904363198825990e+02
2.866209308768284814e+02
2.868517498292063692e+02
2.867025821996581385e+02
2.864139163018337513e+02
2.864278320644451128e+02
2.866377643922951961e+02
2.869670097544201326e+02
2.869582485375335636e+02
2.865239589917950411e+02
2.864387692692934024e+02
2.866612904612703119e+02
2.869491436042196142e+02
2.869960290084318331e+02
2.866161771069367319e+02
2.866091847388702831e+02
2.867930932480480237e+02
2.869851421317354720e+02
2.867572750474735699e+02
2.865751369546183582e+02
2.865981930621609308e+02
2.867193873301579288e+02
2.869150856040844815e+02
2.868302690092164084e+02
2.867438201084668776e+02
2.869393205705816285e+02
2.869917562536086848e+02
2.867546373278188412e+02
2.866849715125413240e+02
2.867461131821581262e+02
2.868687394203737426e+02
2.868660945981725376e+02
2.868374020542624407e+02
2.868267735540355829e+02
2.867783578973173917e+02
2.867684552295073672e+02
2.868380040211290520e+02
2.871053406473804444e+02
2.869001679584205817e+02
2.867532747208401815e+02
2.867996875918705086e+02
2.869667002138327803e+02
2.870088488421855573e+02
2.866843135901594337e+02
2.866422640696773101e+02
2.869401843763871511e+02
2.869167183543556803e+02
2.870635057340290928e+02
2.870189123737930572e+02
2.868047649460793878e+02
2.867329240218235213e+02
2.869751617712386746e+02
2.871753773664943310e+02
2.869419487491372251e+02
2.868216320991220414e+02
2.867710578426489860e+02
2.869030417449991432e+02
2.872004610492683696e+02
2.871804870612054970e+02
2.871367340684849978e+02
2.868011858585788900e+02
2.866857463730621021e+02
2.867738437640715574e+02
2.870765182468467742e+02
2.871401213813747404e+02
2.868827493097256820e+02
2.866922294459176328e+02
2.868907483230760818e+02
2.871033953278256377e+02
2.871507153259592542e+02
2.871114157784366512e+02
2.870418931177078434e+02
2.869343727206384642e+02
2.869782185170494131e+02
2.872593650985419913e+02
2.870982904714373376e+02
2.867758025106038531e+02
2.867540694749981753e+02
2.869079025273076127e+02
2.870292683701995884e+02
2.870521528698358793e+02
2.869096627929631040e+02
2.868667675280290155e+02
2.868707106809547440e+02
2.866044446232772884e+02
2.865121280703957609e+02
2.867121141268090696e+02
2.869343292101171414e+02
2.869621435015623661e+02
2.869425368625505257e+02
2.869106723564727304e+02
2.868385976598764842e+02
2.868766162997748665e+02
2.870861373618696462e+02
2.870497148357150650e+02
2.869606779612378773e+02
2.868679084106537402e+02
2.870693234115923929e+02
2.871639525951713381e+02
2.872913965857974858e+02
2.870371573486733610e+02
2.869121933191023004e+02
2.868719294931032096e+02
2.870386288494486848e+02
2.870428399369252475e+02
2.870995121377241048e+02
2.871430683298803501e+02
2.871216763240989849e+02
2.869946816020334950e+02
2.871290554228024234e+02
2.872874334745957299e+02
2.871277340511073248e+02
2.869343636511238174e+02
2.869664618265851459e+02
2.869069262890236587e+02
2.871238231528466827e+02
2.873698958137320005e+02
2.872073170541989384e+02
2.872578026736143784e+02
2.875336516658455821e+02
2.876129000554910249e+02
2.873186142647000452e+02
2.872756398175435493e+02
2.875116282159121397e+02
2.875335456879586218e+02
2.873485604041036936e+02
2.873430794494254883e+02
2.874883946990810841e+02
2.876923365724156270e+02
2.873373117656458930e+02
2.874613950624617473e+02
2.876209530297337551e+02
2.875322156289802820e+02
2.875936644999007399e+02
