2.872383816386738431e+02
2.872370182529053295e+02
2.872317709782169004e+02
2.872905202462437160e+02
2.871895943968935967e+02
2.872101526332410231e+02
2.871837598208849727e+02
2.869232630114350400e+02
2.868871444394127934e+02
2.868999642048590317e+02
2.869787306213694364e+02
2.870162677794965020e+02
2.869637162516071385e+02
2.868939982169239897e+02
2.867855072681057322e+02
2.868701602110799627e+02
2.868941017077609672e+02
2.869101515148020098e+02
2.870662808714072298e+02
2.869822312520943228e+02
2.867477866584052322e+02
2.870073940556401908e+02
2.870693735708953795e+02
2.871149964461419586e+02
2.871628486542209089e+02
2.868919223592834555e+02
2.869234657177877352e+02
2.869219752474877509e+02
2.871944480270250892e+02
2.870544349552672543e+02
2.871914295913713318e+02
2.871859621081527507e+02
2.870772575516046459e+02
2.868961166957510045e+02
2.861951649583627955e+02
2.864600711524930148e+02
2.866923231175709930e+02
2.869229084862934656e+02
2.870061576056208992e+02
2.870363499484013232e+02
2.869942700057000025e+02
2.869577832009268263e+02
2.870617248708786065e+02
2.869058618288331672e+02
2.868047429719015895e+02
2.868431509318762664e+02
2.870102786640760542e+02
2.871172121153497869e+02
2.870066710267040548e+02
2.871184933822573271e+02
2.871128804150271208e+02
2.873769160682770121e+02
2.872617125612460427e+02
2.865485080306684154e+02
2.866285516140594041e+02
2.867970806821757037e+02
2.868551607974471267e+02
2.871292351849048714e+02
2.869356559622257237e+02
2.867972613215426350e+02
2.868504404718078717e+02
2.869580878304797693e+02
2.869757516345583213e+02
2.869782491350361511e+02
2.871027974008509887e+02
2.869850715515323714e+02
2.870915946951432147e+02
2.872537604315302247e+02
2.871735308880569733e+02
2.870376149484575876e+02
2.871202998006319262e+02
2.871724703350560617e+02
2.870840138476186212e+02
2.870816561391731057e+02
2.872314595346350075e+02
2.871045071525580852e+02
2.872572932270219326e+02
2.872832460368022680e+02
2.874160881835281884e+02
2.872916246528422448e+02
2.872476259620034966e+02
2.872888005811289531e+02
2.872565666591380591e+02
2.873649011099997210e+02
2.872702239120215495e+02
2.871678597781178155e+02
2.874850206320663801e+02
2.873740336502560808e+02
2.874443725391321891e+02
2.873836311743872898e+02
2.873764581769215170e+02
2.873183525746428586e+02
2.873693753712258854e+02
2.872831120559403075e+02
2.875304050622448813e+02
2.873956524475589163e+02
2.873723433884388214e+02
2.874011002395610603e+02
2.873809924734193260e+02
2.873289310119246807e+02
2.872607847062406563e+02
2.873628303111692617e+02
2.875980027447864700e+02
2.875288521763755512e+02
2.870963107156405840e+02
2.872951272764831288e+02
2.873463889714093966e+02
2.874415896105558090e+02
2.874956212280379759e+02
2.870853548398660564e+02
2.872634025659755821e+02
2.874329546319273163e+02
2.871907987191326015e+02
2.872104793990684470e+02
2.871954950785507776e+02
2.870147145704754053e+02
2.870675076820779168e+02
2.872316217003138945e+02
2.872366449007236611e+02
2.873826115015222626e+02
2.874446159568090593e+02
2.875454619150614803e+02
2.873138268544734615e+02
2.872771986431729943e+02
2.871984201717398264e+02
2.871858436763666873e+02
2.873109737909550745e+02
2.873843282181300651e+02
2.872989875504078441e+02
2.872164610285387880e+02
2.872298073265616836e+02
2.873164009954199400e+02
2.872893694457587799e+02
2.871563596507123748e+02
2.872909264370937876e+02
2.873682231338037809e+02
2.873695966162439390e+02
2.874491759475949948e+02
2.876524658099734211e+02
2.876346975976986755e+02
2.876075055459429564e+02
2.874814630709876724e+02
2.871646224624143429e+02
2.870473309421581121e+02
2.872941498121748509e+02
2.872963523975467410e+02
2.874695355119530973e+02
2.876231004335450621e+02
2.874119808031458092e+02
2.874376439201017206e+02
2.873585410359231105e+02
2.875836606619569125e+02
2.874546273213670133e+02
2.876457179212354163e+02
2.876812672739908407e+02
2.876134096549729406e+02
2.877953040513316409e+02
2.877282836260416730e+02
2.875909465748654270e+02
2.876064060131904512e+02
2.875623268230800136e+02
2.877005655197899046e+02
2.877280959216337237e+02
2.877485179349313285e+02
2.878032737387748625e+02
