2.871861638018044118e+02
2.872111173938436082e+02
2.872424057277538054e+02
2.871971236001094780e+02
2.871241558165533547e+02
2.870570379890038453e+02
2.873085280704242450e+02
2.872138401727132191e+02
2.872403174134222468e+02
2.871953424358607663e+02
2.872322074772148994e+02
2.870799221774759076e+02
2.869670633170375140e+02
2.868943183380352480e+02
2.870416784434779061e+02
2.871084759675228497e+02
2.871603810277524076e+02
2.871118035074198360e+02
2.871721000650210840e+02
2.871427821464287149e+02
2.870911312740707331e+02
2.872332502769712619e+02
2.870712981565680479e+02
2.870186633190791667e+02
2.871000581143881618e+02
2.871138213823276715e+02
2.870182195965179517e+02
2.871684671950657162e+02
2.871066762439675699e+02
2.871601989823166718e+02
2.870398332348538588e+02
2.869944184365409114e+02
2.871507681829135095e+02
2.871601490747353296e+02
2.868042139621807678e+02
2.867437758946749113e+02
2.869914007845612218e+02
2.869628373857989914e+02
2.869377150071397296e+02
2.869885551726907238e+02
2.869144108274044243e+02
2.868748879159043668e+02
2.870099542077181809e+02
2.869608266459005677e+02
2.869802647299999876e+02
2.869424412346295981e+02
2.869370039572419842e+02
2.870850852606559442e+02
2.870849687778469388e+02
2.870743925988799106e+02
2.870196462193130174e+02
2.871316174289314063e+02
2.870889338490101750e+02
2.868941560449059693e+02
2.868733652679080706e+02
2.869197972848130576e+02
2.869431361267662055e+02
2.870186900380509769e+02
2.870158509247360143e+02
2.868915518663893636e+02
2.869373842792630285e+02
2.869328362882769170e+02
2.867394637712798726e+02
2.867678623256391006e+02
2.868984231700029000e+02
2.868299561493378746e+02
2.868933879065087922e+02
2.870522073023398093e+02
2.871717028088110624e+02
2.869151786863815801e+02
2.869198039598509240e+02
2.869912108591706215e+02
2.870343135383768072e+02
2.870392112186546569e+02
2.870802503686366549e+02
2.869053302444835936e+02
2.869042619737174959e+02
2.870158195395257508e+02
2.869598294536427261e+02
2.871542397097443882e+02
2.869877106946129288e+02
2.870189373363491541e+02
2.870155100532453503e+02
2.869365158971943401e+02
2.870808874968614646e+02
2.869703822652701888e+02
2.871006922606566150e+02
2.871153806622507432e+02
2.872361449822762438e+02
2.872600773972504271e+02
2.872555732358425189e+02
2.872240357201010852e+02
2.874040564655667254e+02
2.872060588958187850e+02
2.871256996541360991e+02
2.871393021536204628e+02
2.871608208944870171e+02
2.873081563349136331e+02
2.875096650018462014e+02
2.875863769184127250e+02
2.875012920405438877e+02
2.874250524625779235e+02
2.875618011225250825e+02
2.876583270604431277e+02
2.875211134682730858e+02
2.874558521801653228e+02
2.875982255606539297e+02
2.877363101929336153e+02
2.875437664568592027e+02
2.876285321998918221e+02
2.875676306597543430e+02
2.877188013845852765e+02
2.875152667300356484e+02
2.874815645681580918e+02
2.874068940472605505e+02
2.871852274479035145e+02
2.873220705012545864e+02
2.873507984541791416e+02
2.873881117853865703e+02
2.874569442722255417e+02
2.874832074842320253e+02
2.875533852707293931e+02
2.874533929002655555e+02
2.874697346321983673e+02
2.876195685103047595e+02
2.877127590785258349e+02
2.874315085619482488e+02
2.875561578232777151e+02
2.877783713681371864e+02
2.878535887495462475e+02
2.878028107878250808e+02
2.878969351827482228e+02
2.878185964426333499e+02
2.875969866075717505e+02
2.877132074163307038e+02
2.877092278775308500e+02
2.876522101006220851e+02
2.877383172416861044e+02
2.878999733553668534e+02
2.879122029827762503e+02
2.878552686280078774e+02
2.879958275900772264e+02
2.878144475483285305e+02
2.875255333225589993e+02
2.876636790941128083e+02
2.878669560697263705e+02
2.880052608520815625e+02
2.880121171771158970e+02
2.879964384686945778e+02
2.881645652627227037e+02
2.881357490202115628e+02
2.881230104628470485e+02
2.881978036055962775e+02
2.882857145248672737e+02
2.882653243375562511e+02
2.882770516238439882e+02
2.881852597111949876e+02
2.882866490651255731e+02
2.881961390722787542e+02
2.882986118743023667e+02
2.882775300732984647e+02
2.883628370034481350e+02
2.885134417472206110e+02
2.881997160990175075e+02
2.883837574340878405e+02
