2.862516357129314315e+02
2.864912190048265188e+02
2.866534979769126039e+02
2.866840486984317522e+02
2.866042001905415191e+02
2.864926163430670272e+02
2.865815630618241698e+02
2.867966454732550687e+02
2.865686256270151375e+02
2.865042097995643076e+02
2.865708811582824751e+02
2.864666495136395952e+02
2.863141872996937423e+02
2.863377349966054339e+02
2.864220121033799273e+02
2.864927726319462522e+02
2.864534455107534541e+02
2.865275169850723387e+02
2.865760680732300330e+02
2.865510663869589507e+02
2.865327009529462998e+02
2.866058869972661682e+02
2.865325011185265680e+02
2.865186871624552509e+02
2.867297649538288056e+02
2.867479623982318913e+02
2.867856154152374870e+02
2.867164019498933385e+02
2.865463524382197988e+02
2.864361483049607955e+02
2.864600983278682520e+02
2.866521925742956114e+02
2.863797430992976274e+02
2.865489939876893004e+02
2.864449782043874961e+02
2.862912780826773655e+02
2.862949319939216366e+02
2.864487368358739445e+02
2.864319561516364843e+02
2.864135674306807573e+02
2.864231452421181530e+02
2.865590417423817939e+02
2.864148413366376076e+02
2.865848527883326824e+02
2.865300983703973543e+02
2.864319156905910404e+02
2.863991031874159034e+02
2.866407399940224536e+02
2.866307931703330496e+02
2.864618195217353787e+02
2.863228217485540767e+02
2.864164985140560020e+02
2.865239192460264235e+02
2.865188801160545609e+02
2.863583532450525126e+02
2.861765264290083337e+02
2.864188767565271405e+02
2.865821809391902661e+02
2.865996981123562932e+02
2.865248626865441679e+02
2.864419740800065597e+02
2.866329151784610190e+02
2.865419942132924120e+02
2.864459147594518527e+02
2.864948474380477137e+02
2.864713832527334603e+02
2.865457050008084821e+02
2.865975664264810234e+02
2.866149044589463415e+02
2.865180072570049106e+02
2.865107871569214808e+02
2.865426009301855288e+02
2.867066706189537513e+02
2.867386299378355261e+02
2.867400629791593474e+02
2.867835721632939681e+02
2.867862634281190708e+02
2.867898092138042898e+02
2.866642601142177114e+02
2.866787353488060717e+02
2.867090342318236367e+02
2.865704955014786606e+02
2.867342191667241877e+02
2.867895226698370266e+02
2.864918623811556131e+02
2.865145546412323370e+02
2.867665915088237512e+02
2.868075213883851120e+02
2.867386225634151629e+02
2.869381733658074722e+02
2.868819592676929346e+02
2.867215173421520262e+02
2.866903005300425207e+02
2.868316055506476800e+02
2.868901329162681009e+02
2.868881978041134175e+02
2.867326179919541005e+02
2.865478314206521304e+02
2.865249973335729123e+02
2.865885934420257968e+02
2.867238774023674068e+02
2.869694772978705828e+02
2.869661543495882938e+02
2.867405380635008783e+02
2.866392097025475891e+02
2.866760599176452615e+02
2.866565814362506330e+02
2.865872421321630554e+02
2.865877759545076628e+02
2.867240587126961486e+02
2.867301829151012385e+02
2.866765721512054483e+02
2.866976582506507611e+02
2.866334548480811577e+02
2.864528600460631651e+02
2.866083391471374284e+02
2.865897368148825990e+02
2.863290106191612381e+02
2.863435991124382554e+02
2.865551888052845584e+02
2.865527538446061158e+02
2.865524963313444005e+02
2.865729392644220752e+02
2.865500268575891027e+02
2.865468339896212910e+02
2.864457772453930033e+02
2.863330139414142650e+02
2.862891412594952953e+02
2.864456387343331585e+02
2.865987802612137330e+02
2.866382246709534343e+02
2.866478247422132313e+02
2.865352311300594579e+02
2.863636083918823374e+02
2.865235286866526963e+02
2.865006728537317713e+02
2.866202596209862463e+02
2.865933541527164152e+02
2.866235094242337027e+02
2.866646954072791118e+02
2.867409474759672321e+02
2.865545222095796021e+02
2.863761849047242549e+02
2.866087078598295648e+02
2.865019934890210038e+02
2.866324954547202992e+02
2.868562744964983153e+02
2.869726670621441826e+02
2.868542432272324163e+02
2.868705581947932615e+02
2.869801225220582523e+02
2.871477279679474464e+02
2.870357712954451586e+02
2.871329559053821754e+02
2.871059017483042339e+02
2.870985742239778347e+02
2.870941419481877119e+02
2.873558515975888099e+02
2.873145124424766550e+02
2.870937442056784334e+02
2.873892896224416518e+02
2.875200362956775280e+02
2.876341376610752150e+02
2.876957617507151781e+02
2.878020506537182541e+02
