2.864026130537542372e+02
2.864052004672387284e+02
2.863700231211221876e+02
2.863129367218151629e+02
2.863918647526057271e+02
2.863573708173672685e+02
2.863847705413489280e+02
2.863042590750199565e+02
2.863467529359540436e+02
2.864256688618494309e+02
2.864163560020733144e+02
2.864015348195974866e+02
2.863772892050959626e+02
2.863760321027515943e+02
2.862970508273480164e+02
2.862463154449843046e+02
2.863541790457882712e+02
2.862989125034335984e+02
2.862512079931909170e+02
2.862055799067970270e+02
2.861160220947996891e+02
2.862153478995966793e+02
2.864191518532038003e+02
2.863235239044181526e+02
2.862994348348666449e+02
2.864686705853466151e+02
2.864003270018199032e+02
2.862995154200987713e+02
2.863226198165755818e+02
2.862548900495474413e+02
2.863059278029363099e+02
2.863250694943455983e+02
2.863556463977509452e+02
2.863555556843920158e+02
2.860279992615326705e+02
2.860477247557806209e+02
2.860431070750340155e+02
2.861067880958759702e+02
2.861130207992578676e+02
2.862278569252065950e+02
2.862172442448596712e+02
2.862838772756462618e+02
2.864450661978396511e+02
2.863294885651445725e+02
2.862536203444617513e+02
2.863590392449195292e+02
2.863418262362884548e+02
2.864218313349126106e+02
2.863466853269029002e+02
2.864161424811692882e+02
2.863511039103820508e+02
2.863320887708513851e+02
2.864214022205882770e+02
2.863002604567808476e+02
2.862631281529890543e+02
2.863188787710113843e+02
2.863860960047338153e+02
2.863079761748302303e+02
2.863725240752418131e+02
2.864311509412470400e+02
2.864739640110807954e+02
2.863790559770850450e+02
2.862667642397055943e+02
2.862171068284996522e+02
2.862310430775232248e+02
2.864236745776406110e+02
2.864412177524285994e+02
2.864669457845224656e+02
2.863083889747742319e+02
2.864482532851108658e+02
2.864330093299458326e+02
2.864805629132759464e+02
2.864197351397411353e+02
2.863976852175773615e+02
2.864203097542010710e+02
2.865772699572544866e+02
2.865657314820638248e+02
2.865257362556556018e+02
2.864718522717355427e+02
2.864711512959653419e+02
2.864946011518130149e+02
2.866137041664724734e+02
2.865932178499887186e+02
2.866833936329215362e+02
2.865992395477508694e+02
2.865545327124311257e+02
2.865797704443070302e+02
2.867277096944389996e+02
2.866732073715072602e+02
2.866298322474282827e+02
2.865418015215294076e+02
2.866109801261222287e+02
2.865667376815775356e+02
2.866253284445000986e+02
2.866483977728051400e+02
2.866390083598811884e+02
2.865940227474588369e+02
2.865862787817517869e+02
2.866183043579569016e+02
2.865919347685083380e+02
2.866359918711253272e+02
2.866826719395790519e+02
2.866041961679297287e+02
2.865535771888484078e+02
2.865612846036808037e+02
2.865917469984991044e+02
2.864843763268926864e+02
2.865754501739046987e+02
2.866111793369112206e+02
2.866258253525834903e+02
2.865929605565785891e+02
2.866020513824105365e+02
2.865985211752812916e+02
2.864718731561474669e+02
2.863707814469971709e+02
2.865228464373152519e+02
2.865209796952382248e+02
2.864694992164159544e+02
2.864401893032292037e+02
2.864914564813923903e+02
2.866807840184662268e+02
2.867533574774699332e+02
2.865575391885784597e+02
2.866516460459085351e+02
2.865699838406834488e+02
2.866005795380601171e+02
2.867346608245775883e+02
2.867375283880762709e+02
2.867690011891839390e+02
2.867090019512552885e+02
2.867743994523900142e+02
2.867029346790142768e+02
2.867202108012950816e+02
2.863057568926369640e+02
2.864872237597449498e+02
2.865543278634219178e+02
2.866068816107407997e+02
2.866397141217603917e+02
2.867323110549771741e+02
2.867206400972001461e+02
2.868204778128207408e+02
2.868203867906120763e+02
2.864727341314619480e+02
2.864751088218405926e+02
2.866846273876522559e+02
2.866839723258508457e+02
2.867942920124705211e+02
2.869083388057850357e+02
2.869064294414924348e+02
2.868567898156749720e+02
2.869472775372622664e+02
2.870388462340106344e+02
2.871033364885095693e+02
2.871822036183725118e+02
2.871510167686287787e+02
2.870898771772677378e+02
2.871422164112329369e+02
2.871071507024024072e+02
2.871421959150446241e+02
2.871927293929434768e+02
2.871007563892956114e+02
2.871521636158117303e+02
2.872522685384485044e+02
2.873064627827262143e+02
2.872602875708951728e+02
