2.870975558273667616e+02
2.869549358917286668e+02
2.868722167486765784e+02
2.867353300158765137e+02
2.867897320824624785e+02
2.868501327150991642e+02
2.869892069917489721e+02
2.868649279366051701e+02
2.869635341426611603e+02
2.869036184188839798e+02
2.868417540670661197e+02
2.867921538929986696e+02
2.868313347003280001e+02
2.865840498011269233e+02
2.867381521159664430e+02
2.867480426179728852e+02
2.868021830705602611e+02
2.869401004370752162e+02
2.868943043235344135e+02
2.868364399770302953e+02
2.870600174996484952e+02
2.867503276174051621e+02
2.868372882638785200e+02
2.868789742723120639e+02
2.867811989724061164e+02
2.868551779322017978e+02
2.868637356096798499e+02
2.869421219962459304e+02
2.869040624488513913e+02
2.868574476508941871e+02
2.870552094007551318e+02
2.870837469820182832e+02
2.869173815296667271e+02
2.866373637231727685e+02
2.866770639652985437e+02
2.866314965269926347e+02
2.866719508008500839e+02
2.868092457098597947e+02
2.868744359581585286e+02
2.869490634654009114e+02
2.867756152010258006e+02
2.869139933696324647e+02
2.869379128174434186e+02
2.868348261222918154e+02
2.869033867016982526e+02
2.869420207025243599e+02
2.870759781645988937e+02
2.869862670943811622e+02
2.870338531832279045e+02
2.870691563605475380e+02
2.870663095791618389e+02
2.870619991922613394e+02
2.868272130300929348e+02
2.867594198544482538e+02
2.867263474250890454e+02
2.869299141992646014e+02
2.868330150663390441e+02
2.869262312644584654e+02
2.869999003356420531e+02
2.868420535075849216e+02
2.869133738909079625e+02
2.870612326775178076e+02
2.869433288646907272e+02
2.868367210443205408e+02
2.868640387962020100e+02
2.869987027729367810e+02
2.870005826835663925e+02
2.870598856430515866e+02
2.871167004027917642e+02
2.870021128660133627e+02
2.869956566593412504e+02
2.870494431174681722e+02
2.870175287522699250e+02
2.870491702545439807e+02
2.870380199760247137e+02
2.870785550034598828e+02
2.872474779719597677e+02
2.871820861892387597e+02
2.871097343170964109e+02
2.871833064274334220e+02
2.871880426440181395e+02
2.871130685927856234e+02
2.869747333498626745e+02
2.871991409257648797e+02
2.871654868670735254e+02
2.870252287634468189e+02
2.870449667327806651e+02
2.869850431785146725e+02
2.871043136156901596e+02
2.871201673251085253e+02
2.871976825032573402e+02
2.872446947477196204e+02
2.872350809897714043e+02
2.871786534132742759e+02
2.871962709769460957e+02
2.870306635037658793e+02
2.871295969281321163e+02
2.872216427173194120e+02
2.871917042508284794e+02
2.871537617183921043e+02
2.870805720000357724e+02
2.871786572369808255e+02
2.872395534675190447e+02
2.870875483036206219e+02
2.871765701035714073e+02
2.872561038700111453e+02
2.872462472267893077e+02
2.872526371319515306e+02
2.873592558733097917e+02
2.873403538068807279e+02
2.871685400491322753e+02
2.871555699873244976e+02
2.870464362110738534e+02
2.870254488935207746e+02
2.869961985289818358e+02
2.871294279932876066e+02
2.872415061176365043e+02
2.874617492971187289e+02
2.874520049543000368e+02
2.873244904821382875e+02
2.872939007521584358e+02
2.873376151410651005e+02
2.872898206796843965e+02
2.873960773487460187e+02
2.874340847560026191e+02
2.872840924492022623e+02
2.873228566442822967e+02
2.873638536308629341e+02
2.875311232169897835e+02
2.874811191622558795e+02
2.874426266296337076e+02
2.874933096521656921e+02
2.873065145665794375e+02
2.873056360456444054e+02
2.875234092157938335e+02
2.876110397795186486e+02
2.875852523221521437e+02
2.876372773076962517e+02
2.877292597954604503e+02
2.875884212328932676e+02
2.875489518263618152e+02
2.873012302207457651e+02
2.874442261926515698e+02
2.875040159253675824e+02
2.875130705026023179e+02
2.876074895495761439e+02
2.877343983522620192e+02
2.877269366355322404e+02
2.878522008821138911e+02
2.880635528742111546e+02
2.878229000424626634e+02
2.877993750549402989e+02
2.878928683433342144e+02
2.878901082383953849e+02
2.877160125286723655e+02
2.878554679436007859e+02
2.878002654958161770e+02
2.880679110732327217e+02
2.879881373163418061e+02
2.880820625095358878e+02
2.882893530658248551e+02
2.883933192716369263e+02
2.884036251735225846e+02
2.882000657753011978e+02
