2.873065042902596815e+02
2.874691569183777347e+02
2.876481171939510091e+02
2.874920563863723828e+02
2.874050630456688395e+02
2.874927214124125499e+02
2.875275312321846855e+02
2.874465132836821795e+02
2.875068215401786915e+02
2.874420460794430596e+02
2.875161124714597349e+02
2.873921386442762014e+02
2.873732411898986925e+02
2.873449339260063766e+02
2.874668256074724582e+02
2.873728670963934633e+02
2.873799305920231291e+02
2.873937687276696238e+02
2.873606203774648407e+02
2.874789957806588632e+02
2.874594104070649223e+02
2.873681308561753553e+02
2.873993628543486807e+02
2.874001927657172928e+02
2.873631887131282951e+02
2.874983259189199885e+02
2.874736383027401985e+02
2.874439973066689049e+02
2.874933478272167235e+02
2.875289234813336634e+02
2.874480611633723015e+02
2.873712975316286133e+02
2.874127898295099044e+02
2.873093863689302907e+02
2.870782251767759021e+02
2.871556243251608294e+02
2.872617428062242197e+02
2.873954824865250544e+02
2.874272214955889240e+02
2.875492551215399999e+02
2.876355388057590403e+02
2.874654900474173473e+02
2.873739393591621365e+02
2.874580639201395229e+02
2.875881371711922156e+02
2.876088770214665828e+02
2.874752918871411680e+02
2.876339325919141743e+02
2.876502742879590073e+02
2.877960304314077007e+02
2.877152070114379399e+02
2.874282107519012470e+02
2.875138402450710373e+02
2.873921848261161358e+02
2.874487494288267158e+02
2.873476685500732515e+02
2.874450810553526026e+02
2.875638078521146781e+02
2.877617334647147231e+02
2.877398938542129940e+02
2.875547476510521960e+02
2.876278066548458128e+02
2.876118792775952215e+02
2.876201906429915311e+02
2.877137931887249920e+02
2.877698153534245193e+02
2.875760847376468519e+02
2.875766251625133805e+02
2.877450832224543547e+02
2.876018888511549108e+02
2.876586539083098728e+02
2.877921753100087585e+02
2.879390235188976135e+02
2.880595742183683683e+02
2.877864433619540137e+02
2.877393005990078905e+02
2.878203811986497271e+02
2.877665438524223873e+02
2.878606086327769162e+02
2.879672638192786849e+02
2.878862714115895756e+02
2.878241045955018649e+02
2.878342805191567209e+02
2.878351999179215568e+02
2.878317130597631035e+02
2.877326404960043078e+02
2.878884931503442317e+02
2.879152359005408357e+02
2.879821389617161458e+02
2.881123589593549355e+02
2.879563138231164885e+02
2.880486589543775153e+02
2.881272425305501201e+02
2.880845471915973235e+02
2.879595173757046496e+02
2.878316957641263798e+02
2.878915816365072828e+02
2.879199287166671866e+02
2.879669842410528986e+02
2.879260127328369663e+02
2.880930151021307211e+02
2.882806094765648481e+02
2.880380961094522263e+02
2.880257726889290097e+02
2.880718353717566629e+02
2.880526919749264039e+02
2.879030377246086232e+02
2.880419408373239776e+02
2.881758372661258818e+02
2.880965882726394511e+02
2.880259135530413914e+02
2.879944410629834692e+02
2.880088976393420808e+02
2.880335782044931534e+02
2.878118241866453104e+02
2.878182886627567996e+02
2.879520616966380544e+02
2.879568503565172364e+02
2.879453775425856179e+02
2.879994887210385173e+02
2.881709408774983672e+02
2.882842260168863504e+02
2.880577111257812817e+02
2.880178167254977097e+02
2.881401865062104548e+02
2.881284473945597711e+02
2.879475903728041999e+02
2.879140802328009840e+02
2.881056090998974355e+02
2.884001967655615886e+02
2.882328632285772869e+02
2.880295970519991329e+02
2.881937821745774500e+02
2.881795546823604468e+02
2.881856350664141360e+02
2.881683830630066154e+02
2.881300175928298017e+02
2.880982111236342575e+02
2.882206173092540098e+02
2.884487696425376839e+02
2.881933592185968109e+02
2.883211668414959945e+02
2.882921375491636695e+02
2.880686732938127648e+02
2.881951099478487208e+02
2.883602563089215778e+02
2.884844417293925858e+02
2.885793359945595284e+02
2.885656333970666196e+02
2.887433126173563096e+02
2.887531615649905348e+02
2.885297081436568192e+02
2.887086996404736965e+02
2.889154118488095833e+02
2.886759744484813268e+02
2.886484728116569158e+02
2.887373949596286025e+02
2.889219033393366658e+02
2.888195502999143400e+02
2.886792594122683795e+02
2.888742460172905453e+02
2.890732906045590767e+02
2.889456154694765360e+02
2.889066132619987570e+02
2.890326489091089570e+02
