2.856074263531601787e+02
2.856432664463014817e+02
2.857525557640324791e+02
2.856403487215612245e+02
2.856660496246389016e+02
2.855983251677438943e+02
2.856816777419862206e+02
2.855871179288948838e+02
2.858547634441607102e+02
2.856536898010292020e+02
2.856075538107173202e+02
2.856546256050552870e+02
2.856427947054423271e+02
2.856340705228486172e+02
2.855791463399806958e+02
2.855120655025111205e+02
2.856084236772285294e+02
2.856114992832222015e+02
2.856364274091185393e+02
2.855708198656095647e+02
2.855604739009061177e+02
2.857171574917587691e+02
2.856464268034388283e+02
2.855730981668158961e+02
2.856796153751773772e+02
2.857231286485609871e+02
2.856162489811839009e+02
2.855080703155720698e+02
2.854778090679033653e+02
2.855346727690935609e+02
2.855716898272685285e+02
2.856445348218362028e+02
2.855282315586132995e+02
2.855476256677227980e+02
2.853472993914660947e+02
2.854302616127324086e+02
2.854386902481510901e+02
2.854859660287469296e+02
2.854271362174868045e+02
2.855332935481577010e+02
2.856786276152097912e+02
2.855316995492728438e+02
2.854051029022080002e+02
2.853806995604897452e+02
2.854990357962576581e+02
2.855159227135675337e+02
2.855065422342530610e+02
2.855761059210602753e+02
2.854220548320425337e+02
2.855126728779719656e+02
2.854743796608788671e+02
2.854946544011343121e+02
2.855194548034144759e+02
2.854665269974963735e+02
2.854141315273538453e+02
2.855944613372743106e+02
2.856273848104032709e+02
2.854153151833870652e+02
2.855345811813963337e+02
2.854999332858930643e+02
2.855950014895887534e+02
2.856153841696036011e+02
2.855275981000845604e+02
2.853675703628974247e+02
2.854681827778307479e+02
2.854630468556387086e+02
2.856113146232245867e+02
2.855377242559593469e+02
2.855982903143754470e+02
2.857000853274806786e+02
2.855945093941687105e+02
2.855313662552980531e+02
2.856225838120385561e+02
2.857078567464366756e+02
2.855495280564045402e+02
2.856142033448980442e+02
2.856184827811217133e+02
2.857184256534573592e+02
2.856249753593557443e+02
2.857213021492091798e+02
2.857255982578296312e+02
2.856227087380795524e+02
2.856544888603134495e+02
2.857002603579558695e+02
2.856193713010903252e+02
2.857522083042056238e+02
2.857968756345746328e+02
2.857901790218767815e+02
2.857663624332553240e+02
2.858282842883626245e+02
2.858235486340822717e+02
2.856702213092140710e+02
2.856986551508878165e+02
2.855732259111991311e+02
2.857365191274595304e+02
2.858087055078809158e+02
2.855102806146181251e+02
2.855672799126763834e+02
2.856750749086506289e+02
2.857380610243057504e+02
2.855735697753829641e+02
2.856047264916211361e+02
2.857774450651199345e+02
2.857995563276660391e+02
2.856895053915916378e+02
2.856723275706953586e+02
2.857889442933253008e+02
2.858551390634444829e+02
2.857523790465681373e+02
2.857977404203060701e+02
2.857295988285416115e+02
2.857288032292750017e+02
2.856075178923853173e+02
2.855498300370372249e+02
2.855167455533521093e+02
2.855121410034834639e+02
2.855875396753762629e+02
2.855638896951398351e+02
2.856290798282747119e+02
2.857470818087337534e+02
2.855953777882045870e+02
2.856162025795679824e+02
2.856908446036539431e+02
2.857266470707391477e+02
2.857411180053870225e+02
2.857513334571626729e+02
2.857191048404958451e+02
2.858891791457587601e+02
2.859330457699051635e+02
2.858671392482480655e+02
2.858897723204245835e+02
2.859633230169053490e+02
2.858263213491429156e+02
2.859975437747958154e+02
2.860558706936793101e+02
2.859656007005933702e+02
2.859455039813224744e+02
2.859087583076857300e+02
2.859847176762557979e+02
2.858961334099681721e+02
2.860147341410809645e+02
2.860219270922844430e+02
2.858799506170941527e+02
2.858533951945041167e+02
2.860626766453774508e+02
2.861243045166769434e+02
2.862435088111186019e+02
2.862148284122719701e+02
2.860379882028755674e+02
2.861301631049789762e+02
2.861063785100722612e+02
2.862683332046231044e+02
2.863740663373515076e+02
2.863222186540598955e+02
2.861635577177161736e+02
2.862301555867715024e+02
2.863485886845463710e+02
2.864416832845656131e+02
2.863386520882704076e+02
2.863887802272739691e+02
2.864913715891934771e+02
2.864630753236547775e+02
2.863804595846096959e+02
2.863811015506103672e+02
2.865081110590500089e+02
