2.872137991331563853e+02
2.871304737021485494e+02
2.871751247744393254e+02
2.870902602152348209e+02
2.869565990328877660e+02
2.869953286367351666e+02
2.869126206845261322e+02
2.869041461113693572e+02
2.871309089867443731e+02
2.871157359855330924e+02
2.871798986240051477e+02
2.872269447642389082e+02
2.871634054631422828e+02
2.870334908918123915e+02
2.869341156129215733e+02
2.870999643278363465e+02
2.870995614537587812e+02
2.871992743369827963e+02
2.872253764168460748e+02
2.872298365215539775e+02
2.873604018250318859e+02
2.870791111296500162e+02
2.870292787241067458e+02
2.872055521405218883e+02
2.870543660025842314e+02
2.871929609935892245e+02
2.872054952311889906e+02
2.872989783754814539e+02
2.871768479336796531e+02
2.870451212617122678e+02
2.873162737899052104e+02
2.872993515369210513e+02
2.871476786324178079e+02
2.873237352737899641e+02
2.872073257258178955e+02
2.870220254620545006e+02
2.870992170640014365e+02
2.870417364196746917e+02
2.870546499049963813e+02
2.871795575681950936e+02
2.872614326720379836e+02
2.871645896625894352e+02
2.871124124274364817e+02
2.870564255932789592e+02
2.871163784982707625e+02
2.872293668504518678e+02
2.873122764422836894e+02
2.871426129820627011e+02
2.871771471979106991e+02
2.872495123105230164e+02
2.872225900546712296e+02
2.871641086841887613e+02
2.871892130734232751e+02
2.870601834651034210e+02
2.872579657144613066e+02
2.872832323821207297e+02
2.871108685654334067e+02
2.869956080261204079e+02
2.871474789404031753e+02
2.873343204694552924e+02
2.872906663145824382e+02
2.871324101424731339e+02
2.871801495136296012e+02
2.872451412366426666e+02
2.871725721903125645e+02
2.871429576285695475e+02
2.871481371319830487e+02
2.872989609334145484e+02
2.873142334763352324e+02
2.874643222761375227e+02
2.874262698590811169e+02
2.872680222783294539e+02
2.871455770245865438e+02
2.874069352149641077e+02
2.873063528577330317e+02
2.870688876780208716e+02
2.872965862974618290e+02
2.873804546003269138e+02
2.872376974452394052e+02
2.874243879850245662e+02
2.872416669502552509e+02
2.870892742590079365e+02
2.872783706307102989e+02
2.872555603886926292e+02
2.871397059316097966e+02
2.873118906674467894e+02
2.873704934904322386e+02
2.872999989209566252e+02
2.872242405488991039e+02
2.872036011786915992e+02
2.872001917099273101e+02
2.871854898894651456e+02
2.871684910647209108e+02
2.874053054412093502e+02
2.873552848795802674e+02
2.872777594463049695e+02
2.874062485605393249e+02
2.875479385028074262e+02
2.874704365976837721e+02
2.873884468968446413e+02
2.872872111902875645e+02
2.872725463403439790e+02
2.873845963454774051e+02
2.874374346459564435e+02
2.872476236524742603e+02
2.874228116071029149e+02
2.872659409918837241e+02
2.871976993929230844e+02
2.873777562331366084e+02
2.873948931947116421e+02
2.871941593591844821e+02
2.872909541714552688e+02
2.873408187482260701e+02
2.870889675224393045e+02
2.871633340276740682e+02
2.871567123037148690e+02
2.868955780298887248e+02
2.870380952277072311e+02
2.871324908684342745e+02
2.872431184209801245e+02
2.873380794812025556e+02
2.871925050710745495e+02
2.870064427952677306e+02
2.872529884345347000e+02
2.873050490843272087e+02
2.872461852260209412e+02
2.873041021648759283e+02
2.874082504472995083e+02
2.874490700133424070e+02
2.874549807720528065e+02
2.873833267150569100e+02
2.875756722156260707e+02
2.875483361883194107e+02
2.874202936373423540e+02
2.872932196575793000e+02
2.871216121284664382e+02
2.873902986877806143e+02
2.874086620086225707e+02
2.874006374842490459e+02
2.875401707772880968e+02
2.877709657372143965e+02
2.875083786156668566e+02
2.873845438980487188e+02
2.876502586920556723e+02
2.876053779145206022e+02
2.876341532288365102e+02
2.876620527885613683e+02
2.879085961298264351e+02
2.876735235093992173e+02
2.875813115132029338e+02
2.877071562506238251e+02
2.877801700238119906e+02
2.878277174863681580e+02
2.877868923300875963e+02
2.878411101749897512e+02
2.877859952149137257e+02
2.876598823853717590e+02
2.879509329311438819e+02
2.879765601364493364e+02
2.877776520502907829e+02
2.879636579789700477e+02
2.880286110730807536e+02
2.879550070909892270e+02
2.879081570612220276e+02
2.879322897842243378e+02
