2.873374332083963623e+02
2.875023285118579111e+02
2.872253613351533659e+02
2.871835651608394642e+02
2.871305727071764409e+02
2.871976334363255887e+02
2.870726992485228379e+02
2.874132777505242871e+02
2.874221620078407682e+02
2.871247819639127670e+02
2.870836146976076293e+02
2.872503962502671015e+02
2.873626356526050927e+02
2.874922180910214138e+02
2.871889933839099172e+02
2.869536073366683127e+02
2.871874679586719594e+02
2.875280825651463488e+02
2.875151111902748653e+02
2.872507466585764178e+02
2.872663587159921121e+02
2.875865837030167995e+02
2.875855783448519674e+02
2.873251027458169915e+02
2.872353722062594557e+02
2.871862620904715300e+02
2.872368212752543855e+02
2.873318078430089031e+02
2.874991341431837668e+02
2.874457072216019355e+02
2.873704742948474404e+02
2.873700208040662005e+02
2.872918715524894537e+02
2.871736623868183074e+02
2.869653019596968875e+02
2.873080991900023378e+02
2.872721351988337233e+02
2.870788382093721225e+02
2.870076783910846530e+02
2.871730721953800867e+02
2.873525082320443857e+02
2.875832682572562931e+02
2.873055796608899186e+02
2.872501277597334592e+02
2.872697297337452369e+02
2.873454403607443055e+02
2.875776025794992279e+02
2.875402906587460166e+02
2.875286537231653483e+02
2.872238738591039464e+02
2.871527122894640911e+02
2.874355929674139247e+02
2.876073779921086384e+02
2.872127654181828120e+02
2.871073803086014209e+02
2.873296910209326711e+02
2.874044947217193453e+02
2.873172567673280469e+02
2.874640902930129300e+02
2.875238364546827370e+02
2.873313867129979258e+02
2.872785962068954291e+02
2.871516052257027809e+02
2.873156327862666330e+02
2.875639701734195910e+02
2.874667985853263303e+02
2.873051834757753227e+02
2.872140523808159855e+02
2.872344658562711857e+02
2.873333274284021286e+02
2.875137881574110565e+02
2.876466872307942708e+02
2.874160598434162353e+02
2.871957469117678556e+02
2.872731854931402040e+02
2.875370976153506035e+02
2.876947562522316275e+02
2.874936866926332186e+02
2.873027688239490089e+02
2.873557884262013431e+02
2.876048960708147888e+02
2.877353226608020123e+02
2.874863987054825998e+02
2.873210009003722121e+02
2.872535945357400919e+02
2.872489244660256418e+02
2.874308562074568840e+02
2.875507416375959906e+02
2.873498287245490133e+02
2.871877441923472247e+02
2.874664791662565335e+02
2.877082338364000407e+02
2.876129464775439715e+02
2.871576102185644572e+02
2.871013766787512509e+02
2.872436291088717439e+02
2.875685167907641926e+02
2.877239394481967452e+02
2.877909906818409240e+02
2.877268785674840501e+02
2.874558777024430469e+02
2.873157006594767608e+02
2.874373407979524018e+02
2.876826366486509983e+02
2.877627321953839896e+02
2.874463834607204831e+02
2.873207041158596553e+02
2.873991255043050046e+02
2.877583840975381122e+02
2.877660638917763549e+02
2.874224945191475058e+02
2.873812236555170898e+02
2.875403426611686655e+02
2.877055171253128947e+02
2.874560775013633815e+02
2.872976178638373881e+02
2.871785640078082906e+02
2.874742221608078694e+02
2.876150738022170117e+02
2.873697768983553829e+02
2.872890246985523959e+02
2.874970092785231941e+02
2.876618326158844638e+02
2.876250632116568227e+02
2.873734623856291819e+02
2.873549640594795846e+02
2.876538751507373490e+02
2.877018023053693696e+02
2.874284296332879762e+02
2.874135830128629436e+02
2.877093245135308166e+02
2.879432434079201357e+02
2.876756589092896093e+02
2.874387378128922705e+02
2.874988472780477196e+02
2.875975757513113535e+02
2.876657839611721101e+02
2.877208870693435188e+02
2.875339128677872509e+02
2.877784842789685058e+02
2.877310809239157834e+02
2.876493713672161334e+02
2.876718535292782235e+02
2.877477195550357578e+02
2.875008423655479532e+02
2.874276065900297681e+02
2.876132930215093211e+02
2.880677942115581232e+02
2.881518816160353254e+02
2.879225711590402170e+02
2.878362095255901068e+02
2.879120251831488986e+02
2.880664502667252123e+02
2.882440827562076606e+02
2.882706611279561457e+02
2.881560143735270572e+02
2.879519686368948328e+02
2.878285186452446851e+02
2.880734239213782075e+02
2.883228091788717506e+02
2.879909851360253583e+02
2.879270044682924095e+02
2.880290895420829997e+02
2.884242120397503300e+02
2.884942242128789189e+02
