2.856825274237883718e+02
2.857009937759009404e+02
2.856333282641105598e+02
2.856444042986082081e+02
2.855704326658553782e+02
2.856369849550705453e+02
2.856649892545190141e+02
2.856699418350538053e+02
2.856093554551941907e+02
2.856329948246222443e+02
2.855836885187970324e+02
2.856644621124176524e+02
2.857454909360571378e+02
2.857144213479674022e+02
2.856474248565614857e+02
2.856548397588417174e+02
2.856078026268809822e+02
2.856766884236149053e+02
2.857350420424725144e+02
2.856197619424735308e+02
2.854996012896246498e+02
2.855366713287089055e+02
2.855344919962018935e+02
2.855587069699867584e+02
2.856514478617746704e+02
2.857717384149441955e+02
2.857968779296956541e+02
2.857250126810390611e+02
2.856097111265247008e+02
2.856800014012068232e+02
2.857035364040214063e+02
2.855459336692487682e+02
2.857921011627088888e+02
2.855843617571899244e+02
2.853093093212820577e+02
2.854238427315554532e+02
2.854072531199216201e+02
2.854060462522097055e+02
2.855214860661918124e+02
2.853571203723458325e+02
2.853596087074524235e+02
2.854989453892232518e+02
2.856422878142914783e+02
2.855423834247060313e+02
2.855173284782408132e+02
2.856472855339637817e+02
2.855047782835437715e+02
2.855063403367037722e+02
2.856535074457135579e+02
2.857839558675004241e+02
2.855960649788697197e+02
2.855403649763199496e+02
2.855166773048430855e+02
2.854533700686490079e+02
2.854684437540624913e+02
2.856301017162926428e+02
2.855851149151568507e+02
2.856411262416152681e+02
2.855300911012826077e+02
2.853858670262058581e+02
2.854023696267689729e+02
2.854384536019588268e+02
2.854654479590153073e+02
2.856125255309900695e+02
2.854607348781652831e+02
2.854723987019290803e+02
2.855131820136183478e+02
2.855393972845121766e+02
2.855148593850551038e+02
2.854299327572757647e+02
2.855158535662034751e+02
2.856067947814463537e+02
2.855666206877118043e+02
2.854995372819910813e+02
2.855359532985580699e+02
2.855332710800416294e+02
2.856763525313331797e+02
2.857661534520708528e+02
2.856728353685979300e+02
2.855798320483802968e+02
2.856599536101446688e+02
2.856878914675273222e+02
2.855692677010893590e+02
2.855270970271123474e+02
2.855490288789788451e+02
2.856046265030769860e+02
2.857081136012007505e+02
2.857352114954647391e+02
2.857766824268235268e+02
2.858690911053219565e+02
2.857125589351377926e+02
2.858165846841704365e+02
2.857854367227365060e+02
2.856951167747265572e+02
2.857094050267122043e+02
2.856365784941223183e+02
2.856430386244231272e+02
2.856876891373253216e+02
2.858227412172581126e+02
2.858038292177368476e+02
2.858245381498632014e+02
2.857629746197184772e+02
2.856957314201154077e+02
2.857240789391269118e+02
2.856858682693290348e+02
2.857355954242918301e+02
2.859375346640756561e+02
2.857361940631030279e+02
2.857397226999336795e+02
2.857434200666569382e+02
2.856274511031965062e+02
2.856172020767242543e+02
2.856935144375365780e+02
2.857205129558653312e+02
2.857230285132027916e+02
2.858867082651170790e+02
2.857571899622737988e+02
2.857893852953808960e+02
2.857792704699824071e+02
2.857225746660652703e+02
2.857062968584031069e+02
2.858353471446606591e+02
2.856388677546905797e+02
2.857650793675718432e+02
2.859059999800864489e+02
2.859030666219826458e+02
2.860230367536973972e+02
2.858151722276901978e+02
2.858577262439492301e+02
2.857703138558991327e+02
2.858238234279038466e+02
2.858632037030949391e+02
2.859258018897787110e+02
2.857684748734281470e+02
2.858904055141586582e+02
2.860465587143816037e+02
2.859032402922458118e+02
2.859075301913988483e+02
2.859855913422040317e+02
2.859407971072899954e+02
2.859170779886576952e+02
2.859752803104960321e+02
2.859070129574566295e+02
2.858584213999409371e+02
2.861331043723735092e+02
2.861963899655096952e+02
2.861852217610378943e+02
2.861970584081967104e+02
2.860991114823768839e+02
2.861435938389435591e+02
2.861356815816284893e+02
2.862733493519302215e+02
2.863082707077956002e+02
2.862924989335984378e+02
2.863927351617360273e+02
2.862140042699647893e+02
2.861477800285928197e+02
2.861763900473141007e+02
2.862317961499190915e+02
2.864417880384844466e+02
2.864420337867522335e+02
2.864407869053550826e+02
2.863417165750064441e+02
2.864778475846241577e+02
2.863707738180787601e+02
