2.856526018760142165e+02
2.857305828000137922e+02
2.857325126948533125e+02
2.856334259045842145e+02
2.854972430512938786e+02
2.855450947458108431e+02
2.855215013547415879e+02
2.855632765112443963e+02
2.856140925423508747e+02
2.855991842408597563e+02
2.855573524707870092e+02
2.856173761453963493e+02
2.854884082021729341e+02
2.855163554845289582e+02
2.855509038954803600e+02
2.856931440294074491e+02
2.856429999512662903e+02
2.855684078594245534e+02
2.856102198039141626e+02
2.855482668646415618e+02
2.855502641717206984e+02
2.855039018509606308e+02
2.854988805150795201e+02
2.856454229726428480e+02
2.855756027587095218e+02
2.854986204336638593e+02
2.856012902480218258e+02
2.855653362542137188e+02
2.856295715800036419e+02
2.856422720080792601e+02
2.857457539202176235e+02
2.857369550353479895e+02
2.855876537276575959e+02
2.856681247152370702e+02
2.855759752570747310e+02
2.855492313157151898e+02
2.854476038880573583e+02
2.854870192920341765e+02
2.855950625449306699e+02
2.856834294856200245e+02
2.855782744729442015e+02
2.855793645062630617e+02
2.856620556615338842e+02
2.857385490632537426e+02
2.856098620049832562e+02
2.855872077283931390e+02
2.855962377692938503e+02
2.855599503012293212e+02
2.857330274851824470e+02
2.856339474111830441e+02
2.856671089425221339e+02
2.855891679415805697e+02
2.854153474028650521e+02
2.855094570898938287e+02
2.855000685226498831e+02
2.853017139294384492e+02
2.855366225846694306e+02
2.856329785365409748e+02
2.857646656547422594e+02
2.856068151701502416e+02
2.855262837270789191e+02
2.855204426244099523e+02
2.855618089830769577e+02
2.854849536412591533e+02
2.855270302729350647e+02
2.855604393950574718e+02
2.855854352380729893e+02
2.856080948458719604e+02
2.855420207692415033e+02
2.856394399812620577e+02
2.856014927713519000e+02
2.855777344160692905e+02
2.856198806563059520e+02
2.856145101179614016e+02
2.858459097214126245e+02
2.856408562973747962e+02
2.855516754960906383e+02
2.855377314872111469e+02
2.856592364564443756e+02
2.856324063494202505e+02
2.856088869003960440e+02
2.856406577353123453e+02
2.856457705317858426e+02
2.857074863657613264e+02
2.855213820919840373e+02
2.855874675894807524e+02
2.856249812976409999e+02
2.856439824255100461e+02
2.857579005246745965e+02
2.856350993931515063e+02
2.857114215643211423e+02
2.857084077615757565e+02
2.857226933826440813e+02
2.856820017631735595e+02
2.857378399142445460e+02
2.856255750294747031e+02
2.855597043185299526e+02
2.856485999240963451e+02
2.856501128949219606e+02
2.857805887004041665e+02
2.859171303333812943e+02
2.858510681803701914e+02
2.856178235555601646e+02
2.856404426134267283e+02
2.856754402288061101e+02
2.858261384962675038e+02
2.858419781217694435e+02
2.857287516509741181e+02
2.857442704494588952e+02
2.857565128299298181e+02
2.857095176764432267e+02
2.856364631870937387e+02
2.857183189907017322e+02
2.856243338983312015e+02
2.855887048719174004e+02
2.856942393741825867e+02
2.857132137848154230e+02
2.857232584500546295e+02
2.857197231843586565e+02
2.857075947784600771e+02
2.856646734984258842e+02
2.855995316468694796e+02
2.858775671640512996e+02
2.859067939499274758e+02
2.857913934287619782e+02
2.859546207550522467e+02
2.857869555485293631e+02
2.857065181459608425e+02
2.857940840417125514e+02
2.858982169772243083e+02
2.858085758641939833e+02
2.858919884433861966e+02
2.859076203679285300e+02
2.859396940072290931e+02
2.858464096593048680e+02
2.859229111061463868e+02
2.858775563834922195e+02
2.860728706608581433e+02
2.860221223361307352e+02
2.859532244486954937e+02
2.860860601196899324e+02
2.861342528434632300e+02
2.859244785557589807e+02
2.858920671474006667e+02
2.859439820108245272e+02
2.859731485637489072e+02
2.860637290788574205e+02
2.862701640918438102e+02
2.864410658515280375e+02
2.863574422321783004e+02
2.863982387291598002e+02
2.863447526720399878e+02
2.861783861245646108e+02
2.862111293676721289e+02
2.864973140075590550e+02
2.864223478713278155e+02
2.864494205574450234e+02
2.864263368619562584e+02
2.866158967223728951e+02
2.866505739188199868e+02
2.864676550919306237e+02
2.864051761758943258e+02
2.865401090526068515e+02
2.865059869065066778e+02
2.865998540995953476e+02
