2.882039626078010883e+02
2.881586950621600636e+02
2.881167559609202158e+02
2.881324477163220763e+02
2.882089991643707094e+02
2.883850066059331994e+02
2.883910441822171720e+02
2.880157343392279472e+02
2.880112597720130339e+02
2.880003871363369967e+02
2.881739820273472219e+02
2.883539528268797199e+02
2.879666597489639912e+02
2.880970222761463333e+02
2.881234955994090114e+02
2.881445415545357491e+02
2.883683670600968867e+02
2.885176974728108235e+02
2.882068700217265018e+02
2.880908024867933932e+02
2.880302828018350851e+02
2.882166387748751504e+02
2.883621674867831075e+02
2.881464378676245701e+02
2.880546771831851629e+02
2.881528698424053800e+02
2.882884600875237879e+02
2.883317652232840373e+02
2.882683862446212402e+02
2.882045260561888540e+02
2.881573540910809470e+02
2.882641872652000075e+02
2.882781285559303228e+02
2.882047780808483708e+02
2.879090158439943252e+02
2.882017287204406557e+02
2.879663224162252391e+02
2.879292770091806801e+02
2.881097065809880746e+02
2.882950603622845733e+02
2.883530548499001611e+02
2.880304030593251241e+02
2.879838945882331700e+02
2.881228670579014874e+02
2.881492922660953582e+02
2.883172776737214349e+02
2.881434090509284829e+02
2.880801983640718049e+02
2.881268598282009634e+02
2.880689512293146777e+02
2.881729902367008549e+02
2.882682670224604067e+02
2.883888954060322476e+02
2.881012416808992498e+02
2.879794930017211527e+02
2.880106049524029004e+02
2.881595937780749068e+02
2.882333315325569174e+02
2.880882140068900412e+02
2.880743932173092503e+02
2.882606027116983114e+02
2.883352291246449113e+02
2.882013790024695368e+02
2.881825801609018640e+02
2.880427131488558530e+02
2.879975803285936422e+02
2.882131327151733444e+02
2.884092290353028716e+02
2.881906787606588978e+02
2.880699427700425872e+02
2.881067232313583872e+02
2.882164358744135484e+02
2.882206317935982156e+02
2.882110277577338593e+02
2.882755055900353227e+02
2.882696912246888132e+02
2.881799873609117526e+02
2.883531176239087586e+02
2.884086625576487677e+02
2.884942732964139509e+02
2.883474785279062189e+02
2.882537884446543330e+02
2.882373207255441230e+02
2.882453149843074129e+02
2.881696230969745898e+02
2.882321293996715212e+02
2.883515905030158706e+02
2.883483009225289493e+02
2.882798752108510030e+02
2.883439535497844304e+02
2.884638482731954241e+02
2.884329730980894624e+02
2.883282419516080495e+02
2.884133271547506752e+02
2.885209728915671690e+02
2.885001116931554179e+02
2.882845880581546680e+02
2.881921541285421995e+02
2.884883866061957747e+02
2.885888133366162265e+02
2.883076361504376450e+02
2.881862044194970167e+02
2.883359445440943887e+02
2.884021370752782900e+02
2.884626447495706998e+02
2.884253801416990086e+02
2.884413328110355792e+02
2.884172138167828621e+02
2.884778702060148134e+02
2.883183899316251768e+02
2.883770795846385226e+02
2.884868614786812486e+02
2.884276980617888171e+02
2.883300697186632533e+02
2.881354394012728335e+02
2.881010638243753306e+02
2.882282804425240670e+02
2.883748725308196867e+02
2.884535432555708780e+02
2.881045306193832403e+02
2.881179835866714711e+02
2.881902729557669431e+02
2.884523589107769226e+02
2.883828097878375729e+02
2.881184854130540884e+02
2.882238342524146333e+02
2.883054274802576629e+02
2.882472933546875993e+02
2.883701994288468882e+02
2.885304872453922371e+02
2.885680721248461964e+02
2.883849060734842169e+02
2.883011190425150971e+02
2.882387089787077343e+02
2.884668548759555620e+02
2.886082214418148055e+02
2.884443666242104882e+02
2.883140958555754310e+02
2.883915886113983333e+02
2.884829627384625610e+02
2.885188520606569114e+02
2.885697656038112200e+02
2.882672565437370622e+02
2.883211690704973194e+02
2.883987224885324281e+02
2.885937576555288615e+02
2.886230216847870906e+02
2.884664425599443689e+02
2.886824015625272182e+02
2.889655342225082677e+02
2.886832736174798697e+02
2.886232994482372192e+02
2.886570128848933905e+02
2.887173168395339076e+02
2.889032356094734837e+02
2.890216595648232101e+02
2.887915876118034362e+02
2.887463060824471199e+02
2.888683517004506598e+02
2.889283132444339230e+02
2.890622494514860250e+02
2.887852913032459696e+02
2.887408933616485456e+02
2.888705968183131745e+02
2.891367079841259056e+02
