2.880599266506936829e+02
2.880604503156678788e+02
2.881479702177923627e+02
2.880536894598166100e+02
2.881408666010468664e+02
2.881058876174943748e+02
2.881354797946336248e+02
2.881585285024287373e+02
2.881674921062845556e+02
2.881215417373240939e+02
2.881439689968083826e+02
2.882194572000975654e+02
2.880800670509743213e+02
2.880502702793389176e+02
2.880181822963604077e+02
2.879923922426425520e+02
2.879140214675101106e+02
2.879224316469271798e+02
2.879857508890914914e+02
2.880034774189323343e+02
2.880798756664603957e+02
2.881020885876920374e+02
2.880676694806831506e+02
2.881089002886465096e+02
2.881455548438121923e+02
2.880903951840122659e+02
2.880906421120092205e+02
2.880691657566038657e+02
2.882691567838405149e+02
2.882232638288754174e+02
2.881808700658774001e+02
2.883131789628751562e+02
2.882981509399856463e+02
2.882328647103260550e+02
2.877176884425089725e+02
2.878532669635728212e+02
2.879423482662581932e+02
2.879274211032417270e+02
2.878988451065316099e+02
2.879253483546867187e+02
2.879727982986146912e+02
2.879120740658102591e+02
2.879585373203304925e+02
2.879015223128567413e+02
2.879671661307942827e+02
2.879118041456600281e+02
2.879043947129811727e+02
2.878948156016857070e+02
2.879348180940197039e+02
2.878006541707178485e+02
2.878627280796305286e+02
2.878472661370857395e+02
2.877613587306791487e+02
2.876008146217081389e+02
2.876480549489801888e+02
2.877506974466568295e+02
2.876501668913168146e+02
2.878411111442568995e+02
2.878672276450436698e+02
2.878519324928533933e+02
2.878800065510237687e+02
2.878487673114746599e+02
2.877545642196126323e+02
2.876461812117811974e+02
2.878020152507351099e+02
2.878579078877015149e+02
2.878632893901253169e+02
2.879713440441630041e+02
2.879247570305601585e+02
2.880589705336213342e+02
2.880128735357195069e+02
2.881800591201316024e+02
2.881548315599260945e+02
2.881622382669671083e+02
2.882445074935124580e+02
2.881214661436547999e+02
2.882894262963029064e+02
2.881629714603532761e+02
2.882697781392900538e+02
2.882802335190469876e+02
2.881974192179637271e+02
2.882405095042038852e+02
2.883641583551929557e+02
2.882911599792625452e+02
2.882443991478465364e+02
2.882478287980449636e+02
2.882318663579545159e+02
2.881564753638246543e+02
2.882196751912877062e+02
2.882215328180793108e+02
2.881785685763432525e+02
2.881266722954306374e+02
2.881424718274599854e+02
2.881866747634703643e+02
2.881146969964690356e+02
2.880761737778736347e+02
2.881499941145156640e+02
2.883396650818609146e+02
2.882870530668612901e+02
2.882377287334468861e+02
2.881095675102274640e+02
2.881409042598004362e+02
2.882136811513676093e+02
2.880593196910757570e+02
2.880875093609472515e+02
2.882469027808801911e+02
2.881664534630449452e+02
2.879802088807945779e+02
2.880915273219272308e+02
2.880473715050208625e+02
2.880374108095396082e+02
2.879927050898818948e+02
2.879497773842858805e+02
2.878767400585597329e+02
2.876514319424357495e+02
2.876177036769747701e+02
2.876654686122552107e+02
2.876265569309221632e+02
2.876908487147708229e+02
2.876745952267521602e+02
2.876385427768630052e+02
2.877025517337526139e+02
2.875466018275658371e+02
2.876051745074581163e+02
2.877178889757685170e+02
2.877216431210849237e+02
2.877788904137398731e+02
2.877602481080100461e+02
2.878110332600164725e+02
2.878635893569522182e+02
2.878592479968747853e+02
2.878911183074804967e+02
2.879858899224586253e+02
2.878811739604954596e+02
2.879177739555573226e+02
2.879172419636283280e+02
2.878666181749550219e+02
2.878831931478899833e+02
2.880111294168197560e+02
2.880171962278991487e+02
2.881734495378479437e+02
2.880404096487890797e+02
2.878502306075156980e+02
2.877718564196555349e+02
2.880122417818620306e+02
2.881879104892966552e+02
2.881881536029348467e+02
2.882834492470972236e+02
2.882728498886465900e+02
2.883549569732917348e+02
2.884953837789377644e+02
2.884018828676264548e+02
2.884880231481016040e+02
2.885867713795929035e+02
2.885403843029933455e+02
2.885362317580484159e+02
2.886355499592876299e+02
2.885791369829866539e+02
2.886662625464146572e+02
2.886474171364730523e+02
2.885540010838838612e+02
2.885901196228377898e+02
2.886988389896902163e+02
2.886928559179505100e+02
2.889151813879935276e+02
