2.869434271716704075e+02
2.870146406176958749e+02
2.871732071785355060e+02
2.869967284952529099e+02
2.871377322131870073e+02
2.870700890616830634e+02
2.872362726931887664e+02
2.873539619013693596e+02
2.870226741266496333e+02
2.868592388102504174e+02
2.870321849352114896e+02
2.870751134985087560e+02
2.871446376831954126e+02
2.868890880393985299e+02
2.868681770343669655e+02
2.868763339086754627e+02
2.870819102570043810e+02
2.870166998037940971e+02
2.870124450318302252e+02
2.870573929805575517e+02
2.871236936638048860e+02
2.870363971789871016e+02
2.870868119966802965e+02
2.872387935929600644e+02
2.871545205559544343e+02
2.871635587079750849e+02
2.871020066199243388e+02
2.872680241657079137e+02
2.872633823529202459e+02
2.870686938805580439e+02
2.871704490504890259e+02
2.871353321554008744e+02
2.871354443063463009e+02
2.870161166970620457e+02
2.867370865232514348e+02
2.868631672155218553e+02
2.868780033825040050e+02
2.869654945475962791e+02
2.870490655108981741e+02
2.871063756449094058e+02
2.870444628017719424e+02
2.870191426281165263e+02
2.869072996244204319e+02
2.870232516311154427e+02
2.870957232010856046e+02
2.871325645467858863e+02
2.872116065760299080e+02
2.872153556249283497e+02
2.870859567836872088e+02
2.870598202567637145e+02
2.870218029481151802e+02
2.869466302896088337e+02
2.870344450844914945e+02
2.870096630609877479e+02
2.868924922862939297e+02
2.869160585418196661e+02
2.870182487944109653e+02
2.868815793606039506e+02
2.869367274388798705e+02
2.869824373233704478e+02
2.870245436510398349e+02
2.869934097301031102e+02
2.869679331662067057e+02
2.869783722889936257e+02
2.870263194506969171e+02
2.871739379042952010e+02
2.869319803983733550e+02
2.870170768638616323e+02
2.872413091638307492e+02
2.870958249192599396e+02
2.870579827430466935e+02
2.870553095553798926e+02
2.869190022351916127e+02
2.871859233823329873e+02
2.873353645083373067e+02
2.871117292874941995e+02
2.870965802772286111e+02
2.872535450973064144e+02
2.872181398995405175e+02
2.872817459525127219e+02
2.871418250200696889e+02
2.872026902199861524e+02
2.873955562073238639e+02
2.872059905166249223e+02
2.872238774340433451e+02
2.872893962241674899e+02
2.871584797965054463e+02
2.872913352402138116e+02
2.872956040444539099e+02
2.872484767132412458e+02
2.871913588104932842e+02
2.871369029324166604e+02
2.872232618726607711e+02
2.872937244435163393e+02
2.873621774844746710e+02
2.873044924641291118e+02
2.872982541782217254e+02
2.871994527194652278e+02
2.872789885925665772e+02
2.873258566327214112e+02
2.872680527968591946e+02
2.872564843830679138e+02
2.871696109374395860e+02
2.872267083824005454e+02
2.870230270754810249e+02
2.870900404329336197e+02
2.871951213664024749e+02
2.872782831891782394e+02
2.871200129655820206e+02
2.872408618584384499e+02
2.871179305974578142e+02
2.871618629254858774e+02
2.872176023381612140e+02
2.871978688724935864e+02
2.868642804915072588e+02
2.868142646444062507e+02
2.868107543841501297e+02
2.870405390917156296e+02
2.869523014581388338e+02
2.869247096738443474e+02
2.870456014833836207e+02
2.870549603309490863e+02
2.869438546611534093e+02
2.870133654537099801e+02
2.871496002055169470e+02
2.869883000207419741e+02
2.871125876845187008e+02
2.870663038686445816e+02
2.870697332081460331e+02
2.871608665780836986e+02
2.872683763905670844e+02
2.871856844553516908e+02
2.872167604096867990e+02
2.871122487514954287e+02
2.872862784905991589e+02
2.872696576159639790e+02
2.872670910422015709e+02
2.872816448634186486e+02
2.873664838839047206e+02
2.874127129366524969e+02
2.874252725728754854e+02
2.874354147667392567e+02
2.871950786759946936e+02
2.870850462221469002e+02
2.872506411487608489e+02
2.874415075195934719e+02
2.874755275627005631e+02
2.873588200340562935e+02
2.875948179100396942e+02
2.878006838630330435e+02
2.875850771013541021e+02
2.876002385227941431e+02
2.877275982687098121e+02
2.878486725184077386e+02
2.876105892396651598e+02
2.877039783433288562e+02
2.878936008720415316e+02
2.878823268915798508e+02
2.879046760102776830e+02
2.878736823442167747e+02
2.878627028506879810e+02
2.878721660635489457e+02
2.879430307615527909e+02
2.880348453166795935e+02
2.880827227570697460e+02
