2.870274650139441519e+02
2.870204325743363825e+02
2.871528711034544585e+02
2.871725826324055220e+02
2.871024913104523080e+02
2.870936558214138472e+02
2.871219026096381981e+02
2.870980033569551324e+02
2.870401186954032937e+02
2.872800818243040908e+02
2.871275029989822656e+02
2.870660270483509748e+02
2.870651541308557739e+02
2.871694045615221853e+02
2.871016841710324456e+02
2.870287940480589555e+02
2.870727202519411208e+02
2.872025402640266520e+02
2.871670341454282038e+02
2.870249376261214138e+02
2.871192145992563383e+02
2.871815360465645881e+02
2.872344277304897560e+02
2.870070344624585346e+02
2.870438564811824449e+02
2.871312459765819085e+02
2.870894561061422223e+02
2.871266882479357605e+02
2.870589872161695553e+02
2.872452097266518649e+02
2.871315656303235073e+02
2.871293086425064303e+02
2.871061525558023391e+02
2.871423661795992643e+02
2.866676338556670771e+02
2.867909043691813054e+02
2.869272679192864075e+02
2.869826255831714548e+02
2.868963326209731690e+02
2.870333544281169793e+02
2.870945035853835634e+02
2.869796271079896428e+02
2.868728962724898679e+02
2.871060158671538716e+02
2.871345736517388900e+02
2.870125074952039199e+02
2.870060320608445750e+02
2.870050352797565552e+02
2.870369760617435873e+02
2.871049010173993565e+02
2.871733122032599113e+02
2.870501273181099009e+02
2.870894888403993832e+02
2.869671867601332451e+02
2.871101190920204544e+02
2.871260994789766414e+02
2.870681257081954527e+02
2.869753903073121251e+02
2.870263523629944871e+02
2.870090338954755111e+02
2.869993810240019343e+02
2.870222145347768787e+02
2.869807305127506538e+02
2.869635510099341786e+02
2.871280660936320714e+02
2.871896751196964601e+02
2.871433674489445593e+02
2.871615780151205968e+02
2.873338594770010559e+02
2.874342008309430980e+02
2.873971646395120842e+02
2.873340821746217557e+02
2.874845768427119879e+02
2.873251456880550450e+02
2.872817563948842121e+02
2.872046112934083339e+02
2.874382942860447656e+02
2.873719594174795589e+02
2.874077213044452606e+02
2.873892361044123618e+02
2.875438892807663933e+02
2.875265766975691690e+02
2.872657142320504704e+02
2.871962124252991657e+02
2.872947361934774904e+02
2.874087938891575504e+02
2.874627920590943404e+02
2.875078793905287284e+02
2.874326486593935783e+02
2.873400588710695160e+02
2.874226726427210110e+02
2.873140946090028933e+02
2.875447242368422849e+02
2.876012379537204993e+02
2.874080088200994965e+02
2.873309947260568151e+02
2.873819600874034563e+02
2.875389105022993590e+02
2.874693673451748737e+02
2.873266686536160250e+02
2.873922404703145617e+02
2.874179904292364540e+02
2.875163530718070319e+02
2.874407361446122309e+02
2.874039373864995355e+02
2.874871863149696196e+02
2.875060566667561943e+02
2.875072676669864791e+02
2.874706383809753447e+02
2.873502247189713330e+02
2.873093319460263615e+02
2.874867346524139862e+02
2.874139731527104686e+02
2.872886711941737872e+02
2.870928571734381762e+02
2.872323496239263818e+02
2.873939052451361817e+02
2.874090477502106751e+02
2.873524217120943831e+02
2.874207176053787975e+02
2.874036728717895244e+02
2.873372213958903103e+02
2.872887792465818961e+02
2.872813321588126314e+02
2.873509778895615341e+02
2.873319853105496691e+02
2.873711031014018431e+02
2.873394700037009102e+02
2.874551133633988798e+02
2.875673294897277401e+02
2.875936571236948680e+02
2.875222597693137345e+02
2.872970856357391654e+02
2.870319073481206260e+02
2.870989233739251745e+02
2.872985993384140215e+02
2.873636882850291272e+02
2.874408496473224659e+02
2.874049381614760819e+02
2.873656396343330357e+02
2.875817780814689399e+02
2.874412855699163742e+02
2.872149677069967311e+02
2.873351077739160360e+02
2.874158621213815081e+02
2.876805975668028168e+02
2.877644337998142419e+02
2.876571877799740378e+02
2.877598768184882942e+02
2.878163391803040554e+02
2.878973383466528162e+02
2.878632051437351151e+02
2.878343451928776062e+02
2.879027200823942962e+02
2.880954633799714770e+02
2.880068089206446302e+02
2.880867006372787387e+02
2.879125780552227525e+02
2.878865177424519857e+02
2.880195445093305011e+02
2.880995879772524972e+02
2.879102240079755575e+02
2.879879734659032238e+02
2.881389716091430842e+02
2.881410144613976172e+02
