2.876436476628386458e+02
2.875920471490891828e+02
2.875736919675125023e+02
2.877348601212146946e+02
2.877613438976202360e+02
2.877764968743770737e+02
2.877221043932980251e+02
2.876335092185682925e+02
2.875818803684062459e+02
2.876915359351235679e+02
2.876653482509698847e+02
2.875704488433668189e+02
2.875815752581380025e+02
2.876767313316649393e+02
2.878890691079622570e+02
2.878755209430264586e+02
2.878017303254165995e+02
2.876540495750907667e+02
2.876357044093534796e+02
2.876982619301134605e+02
2.876630808110067505e+02
2.877924537042301267e+02
2.878001940433839536e+02
2.877167588995376377e+02
2.878575436740732698e+02
2.875915199741727406e+02
2.877158226266718088e+02
2.878651934029632571e+02
2.878813124504635539e+02
2.877344494296403923e+02
2.877086865640799829e+02
2.876742814920443720e+02
2.877658464109326246e+02
2.877956601378286905e+02
2.876233378427933189e+02
2.876750164142742960e+02
2.878905545801655990e+02
2.878818353898511191e+02
2.878660235349566960e+02
2.877779112541923610e+02
2.877157123473147067e+02
2.877651218710096259e+02
2.877887863701016045e+02
2.877571745275354829e+02
2.876994711314152369e+02
2.877670944282766072e+02
2.878875082620325543e+02
2.878036103294197687e+02
2.876867922122016239e+02
2.877936895721030623e+02
2.879371983627991654e+02
2.879275148518847800e+02
2.879756112672288282e+02
2.878312864999859357e+02
2.876495232329958185e+02
2.877165099371987367e+02
2.877344728179747335e+02
2.878456191213795137e+02
2.878843806493399029e+02
2.878254723791160927e+02
2.877526497344651375e+02
2.877838905306443849e+02
2.877456340829284045e+02
2.877126656063258565e+02
2.877884448571774101e+02
2.877548520165278774e+02
2.878447211412253068e+02
2.878349091289209696e+02
2.877109785229429235e+02
2.876384593199705364e+02
2.875878663751331032e+02
2.876338209458600090e+02
2.876531477776111387e+02
2.877006865152533805e+02
2.877312744919206580e+02
2.877487309718113124e+02
2.877217361476213568e+02
2.878596969888867534e+02
2.879862684984565817e+02
2.878255484041573595e+02
2.878283673193600407e+02
2.878442402060846916e+02
2.878468689162752980e+02
2.877822743590735968e+02
2.876304503383814222e+02
2.878135272223333345e+02
2.878678365264885883e+02
2.877309766806002358e+02
2.877887685574174270e+02
2.878874946691676087e+02
2.877227628719220434e+02
2.878609273244937867e+02
2.878077929786565505e+02
2.877438586437220351e+02
2.877312069180946423e+02
2.877437915501060957e+02
2.876366337638692130e+02
2.878960331462647559e+02
2.880211343013476721e+02
2.878293401398228752e+02
2.878017995058164047e+02
2.878753011186437902e+02
2.876980284877305394e+02
2.877957233495480978e+02
2.878421764682034336e+02
2.878367652888165935e+02
2.879152124164755264e+02
2.877893550789611936e+02
2.877314509855472693e+02
2.878005373381902814e+02
2.878125938121676199e+02
2.877710373286665231e+02
2.877657674755097901e+02
2.876088682756675894e+02
2.876013443052466414e+02
2.876106548657361941e+02
2.875592321043116613e+02
2.874909716821744610e+02
2.875765769155107705e+02
2.876764650316846996e+02
2.875610148717122456e+02
2.876104123320719737e+02
2.874704118557563675e+02
2.874709690479670599e+02
2.874544918489522729e+02
2.875558569383968575e+02
2.876552026713392820e+02
2.875331384904574179e+02
2.876277737356331272e+02
2.876903782329968067e+02
2.878045273583068706e+02
2.878458172367052725e+02
2.880125860286102579e+02
2.877122855343928336e+02
2.877007763972082444e+02
2.878555847668385468e+02
2.881459438881014989e+02
2.879085950608887288e+02
2.879248870770682629e+02
2.880260497756544282e+02
2.880259225689891878e+02
2.878191552378630149e+02
2.878222432054800493e+02
2.879325060804602003e+02
2.879362046729533517e+02
2.880323273791786960e+02
2.880202033247882696e+02
2.880874464870323095e+02
2.880366841132897662e+02
2.881982698165497823e+02
2.883221441275806001e+02
2.884403789479679290e+02
2.882448484287623387e+02
2.882393893546885124e+02
2.884638845251019461e+02
2.883498275288985724e+02
2.882882496697029069e+02
2.883723822488744304e+02
2.883084993558828160e+02
2.882021231030692547e+02
2.882727112660936655e+02
2.884614564352182242e+02
2.886015446310793209e+02
2.886143934416556363e+02
2.886728843310351067e+02
