2.880531638514243582e+02
2.880092240026863806e+02
2.881098877046297844e+02
2.881966189818284079e+02
2.880702735335901252e+02
2.880732306578223643e+02
2.882043719672614657e+02
2.882075546917629936e+02
2.881746367111937275e+02
2.882753644842572385e+02
2.882435593660883910e+02
2.881646779756515571e+02
2.880137778914672140e+02
2.880266454265985203e+02
2.881346981578320197e+02
2.883273593858814934e+02
2.881835916285786539e+02
2.880721509831670915e+02
2.879952346131340732e+02
2.881832736944579096e+02
2.882937397354059499e+02
2.882744893587287720e+02
2.882940238993957678e+02
2.881698071025538752e+02
2.880625425945082725e+02
2.881064225443895452e+02
2.881831487807907024e+02
2.881530949776079638e+02
2.880295052109810285e+02
2.882071812192259017e+02
2.882328320308589014e+02
2.881678865479202045e+02
2.880952064517483677e+02
2.881588812563106217e+02
2.880906174778222635e+02
2.880239281790813379e+02
2.880576125749324206e+02
2.882358405434703741e+02
2.882685987357174895e+02
2.881324073523130096e+02
2.881434986905218807e+02
2.881878406687179677e+02
2.882673937116479692e+02
2.880569486410625473e+02
2.879714894262650091e+02
2.882087009867616985e+02
2.883934051550472191e+02
2.883125434983372770e+02
2.881563328056772093e+02
2.881336936189031235e+02
2.882686272423890728e+02
2.882493390596045515e+02
2.882045341590152816e+02
2.879576522297725205e+02
2.881639380759611981e+02
2.881583306176735277e+02
2.879961611715137906e+02
2.880852992007116882e+02
2.882018583325381087e+02
2.883117848084119146e+02
2.884269324233458747e+02
2.881884687444806445e+02
2.880027186220547719e+02
2.880094062435440492e+02
2.881400591904662747e+02
2.883523173257410122e+02
2.880550313202942334e+02
2.880396291090589784e+02
2.881055719441283713e+02
2.882947202495812462e+02
2.883216896834732665e+02
2.880058747194257194e+02
2.881687643645939829e+02
2.883496968122033195e+02
2.885784013925904787e+02
2.883146749931705131e+02
2.882416158450662351e+02
2.882379189490721387e+02
2.882132141105308278e+02
2.883871359939714125e+02
2.884513378186092041e+02
2.881097110485429766e+02
2.881844012786824010e+02
2.881447007846502970e+02
2.882998294406839364e+02
2.884238809301027118e+02
2.883247157393009843e+02
2.883565653798344215e+02
2.883823684159618210e+02
2.885683579679617310e+02
2.884766631069926461e+02
2.881505514568967214e+02
2.881970725127549144e+02
2.884301317395814976e+02
2.886698782230424172e+02
2.883988673321354668e+02
2.882367754126925092e+02
2.882772526293275064e+02
2.885005676412984599e+02
2.885805236572750232e+02
2.882212341624737633e+02
2.882049931185610490e+02
2.883694524545745139e+02
2.886011547822294006e+02
2.885415865390110071e+02
2.882856770041639152e+02
2.882201393252916546e+02
2.884630261819972361e+02
2.885749000853155053e+02
2.881981958905894317e+02
2.880998383280792154e+02
2.883193875090602774e+02
2.885302246247526341e+02
2.883148313820320254e+02
2.881765619242325442e+02
2.882600078727273853e+02
2.884307663195605187e+02
2.885680847472592632e+02
2.881100296589020786e+02
2.880961866228099666e+02
2.882330858293076972e+02
2.883912328199822355e+02
2.883772744077875245e+02
2.881024562727615717e+02
2.882049448869411776e+02
2.884344581097775517e+02
2.885624872508439580e+02
2.882679209313328670e+02
2.881771807033028949e+02
2.882835729444583990e+02
2.884213386572722584e+02
2.883513529242575828e+02
2.884429520176843766e+02
2.885164600817788596e+02
2.884078427448185380e+02
2.883306905041273467e+02
2.884078158620565091e+02
2.885725232255184665e+02
2.887141074588740821e+02
2.883434786434742705e+02
2.884049903417226801e+02
2.885321071775716177e+02
2.884034278864467638e+02
2.886159234207130453e+02
2.884596290536809988e+02
2.884389250526028832e+02
2.885905696711483301e+02
2.886869804183313022e+02
2.886623466542515075e+02
2.886832248199881406e+02
2.888417550683342370e+02
2.889225967508170356e+02
2.889285559540031727e+02
2.887289178396383136e+02
2.887057018736676355e+02
2.888318514778070494e+02
2.890369355263089233e+02
2.891338684623258928e+02
2.888729575164310859e+02
2.889365342047335616e+02
2.889614995217656883e+02
2.891235770423349436e+02
2.892452542308312218e+02
2.890194391093746162e+02
2.887726381586522280e+02
