2.873383499707970827e+02
2.873381735524458804e+02
2.873113437897395102e+02
2.871782154760421122e+02
2.871286223505916837e+02
2.872463763597488082e+02
2.872959500196332101e+02
2.872438487146823149e+02
2.871944362570604312e+02
2.871848703514183967e+02
2.872856576467004857e+02
2.872149964720661615e+02
2.871315649710681441e+02
2.873010494432874111e+02
2.874727754842526224e+02
2.873172684778258485e+02
2.871627515698099273e+02
2.874504821530849199e+02
2.875295860381998523e+02
2.872558953525946208e+02
2.871551419636522837e+02
2.873284875942229633e+02
2.873618981465722868e+02
2.875007557778353657e+02
2.875046662069595413e+02
2.873793945805775252e+02
2.870705728483315511e+02
2.872034768061541286e+02
2.873487210764718043e+02
2.873992030924600840e+02
2.872626881553829321e+02
2.872933504550615567e+02
2.874756153979968190e+02
2.874080895687937414e+02
2.869767146329567140e+02
2.871865297281820517e+02
2.873627379844211305e+02
2.869737777120235478e+02
2.869491596611797490e+02
2.870161722208748074e+02
2.873311975251588137e+02
2.872671140059013055e+02
2.871588077044622764e+02
2.873148111256348329e+02
2.875431079787345539e+02
2.873171963763676331e+02
2.871648275822601022e+02
2.872553522805100101e+02
2.873099081248375910e+02
2.872362883527318900e+02
2.874551090979729793e+02
2.875867494002267222e+02
2.872821180701137678e+02
2.870818869171714027e+02
2.871894520456278883e+02
2.870482569299708189e+02
2.871081232112633188e+02
2.871877735373702194e+02
2.875313789716103656e+02
2.876223402374878901e+02
2.873832959410777335e+02
2.873381281293806637e+02
2.871857640907450104e+02
2.871940614806223380e+02
2.874720042209260669e+02
2.873694078497090345e+02
2.872634492398216821e+02
2.872941032168622542e+02
2.874627620031081392e+02
2.877372131939566771e+02
2.876351142003169343e+02
2.872426550013565816e+02
2.871947286343501560e+02
2.873854626877181886e+02
2.875914788207044808e+02
2.875731417872989937e+02
2.874087365440042845e+02
2.873343166601781036e+02
2.874406019515290609e+02
2.876173994717878486e+02
2.873304797221542231e+02
2.873109064823385665e+02
2.874124482987195393e+02
2.875421714949109742e+02
2.875097984219275418e+02
2.873947248384175168e+02
2.875281322355003226e+02
2.875830507607718687e+02
2.873662773363830638e+02
2.872307571034535840e+02
2.874330242907445268e+02
2.875787315469970622e+02
2.877755506271720378e+02
2.874071820001387891e+02
2.872403697039354142e+02
2.873898113702728665e+02
2.876065315043881583e+02
2.876307098516727478e+02
2.874647036369067337e+02
2.872240820973213431e+02
2.873005613387574613e+02
2.876285957835731892e+02
2.876433595114298782e+02
2.872998057249903923e+02
2.873057435381054461e+02
2.875543073132185441e+02
2.877390007032853987e+02
2.877240725458540851e+02
2.873440723873744105e+02
2.874030282277969377e+02
2.875240112727703377e+02
2.875517249034952556e+02
2.876229800016864147e+02
2.874202817139697004e+02
2.873876690494971058e+02
2.875688709711393471e+02
2.874014732574070763e+02
2.871357037999794670e+02
2.871019728341011614e+02
2.873495803223010512e+02
2.877258561803143380e+02
2.877197788485637489e+02
2.875734870888553587e+02
2.874962692639007855e+02
2.875126426056573905e+02
2.876131718815092313e+02
2.875786657217079778e+02
2.874881626311491232e+02
2.877398723597864887e+02
2.878083585026110995e+02
2.879645945252859178e+02
2.879257733478662544e+02
2.874218040115123358e+02
2.872627307559209839e+02
2.876464412227657022e+02
2.879863458752000156e+02
2.878939404155852912e+02
2.876387006234744490e+02
2.876195053079304103e+02
2.877565549086045280e+02
2.878490750691872790e+02
2.877373166942191460e+02
2.875167402143484878e+02
2.876421339729272972e+02
2.878238680588037255e+02
2.878333060430369414e+02
2.878618614356061016e+02
2.879639419384045596e+02
2.879031179224942321e+02
2.879005992518775088e+02
2.880562240540179459e+02
2.882835214274253417e+02
2.884769368654279447e+02
2.881024909648734251e+02
2.880375198292060190e+02
2.882172040559422044e+02
2.884377369481979940e+02
2.882409779239047793e+02
2.880043020380629173e+02
2.880606664011210114e+02
2.883484852470543274e+02
2.881684462342591928e+02
2.881103689429036194e+02
2.881779884152048794e+02
2.882573006585599273e+02
