2.881893061414489807e+02
2.879987093827633657e+02
2.881597859359791300e+02
2.880429297208447679e+02
2.881003940544126749e+02
2.881500992653516846e+02
2.881217739031278029e+02
2.880797182834141950e+02
2.880214626996901757e+02
2.881217909301505529e+02
2.880154137864421386e+02
2.879959060702229294e+02
2.879516368571055978e+02
2.879914318883989495e+02
2.879966108318230340e+02
2.880975836150961982e+02
2.881644151220715457e+02
2.880710858904722613e+02
2.882098944851532565e+02
2.882850262016741567e+02
2.881198916961819805e+02
2.881705548814279609e+02
2.881695502133763398e+02
2.881005999957413337e+02
2.880859126953899363e+02
2.879649799268922266e+02
2.880347160360633438e+02
2.879786640633822117e+02
2.880820638434387888e+02
2.880279985313145517e+02
2.879536601299667495e+02
2.879535685351277721e+02
2.879678291544499302e+02
2.878073497734004604e+02
2.874420466141073689e+02
2.875331748935821565e+02
2.876552803440108050e+02
2.877061230929566591e+02
2.877578704464521593e+02
2.876132948529894975e+02
2.876914907221706130e+02
2.876750741929674859e+02
2.877517771124698811e+02
2.878124297616690797e+02
2.877981848837448524e+02
2.878018338830403877e+02
2.878438719029763320e+02
2.878867610858033004e+02
2.879620074007312382e+02
2.879570611316432291e+02
2.879376780881551099e+02
2.880084812269809618e+02
2.879875282596739794e+02
2.877952144064545905e+02
2.878416249338170587e+02
2.879434788132786025e+02
2.879417038299412184e+02
2.879083644497624732e+02
2.879936167234424715e+02
2.880738017184869477e+02
2.880201311070202905e+02
2.880141986741537607e+02
2.878489983877792042e+02
2.878669379460122286e+02
2.879323724228667629e+02
2.878337447431433134e+02
2.879658261313857679e+02
2.880052804441740477e+02
2.881288522259490605e+02
2.880892337279148023e+02
2.881805815460954818e+02
2.882156396626951391e+02
2.882108457605325498e+02
2.881308869176496614e+02
2.880627288365059826e+02
2.880050531659401827e+02
2.880750997589347548e+02
2.882525946094777964e+02
2.881630093913919382e+02
2.881946726386972273e+02
2.880668905148106091e+02
2.880910705570456116e+02
2.882167168135464408e+02
2.881634549922285373e+02
2.882137254432420264e+02
2.882256544914154119e+02
2.881946368800745972e+02
2.881605568798652257e+02
2.882102984319719212e+02
2.881809377580139540e+02
2.881738964696198764e+02
2.881536495304495133e+02
2.882182586015833863e+02
2.880264212141280495e+02
2.881226471859885692e+02
2.881072627987775832e+02
2.881206062525859579e+02
2.880246380284683596e+02
2.880942905114750943e+02
2.879858489569546123e+02
2.880189276038155981e+02
2.880329546697255978e+02
2.878801643717268348e+02
2.879395719225041717e+02
2.879083881945935559e+02
2.878832106493119340e+02
2.879703609093621708e+02
2.879808063437626515e+02
2.879997627674824798e+02
2.880556990453844719e+02
2.878565940347593255e+02
2.878481178704066110e+02
2.879590668361320809e+02
2.878742845248703475e+02
2.876987057826087266e+02
2.878195879868006273e+02
2.878991377388272781e+02
2.878886701192093938e+02
2.878671283804562222e+02
2.879703059245167083e+02
2.880078905842146355e+02
2.879464958741059490e+02
2.878880366528376271e+02
2.880623512335823193e+02
2.879936940825812144e+02
2.879619226820476570e+02
2.879693464615720018e+02
2.879931466238031703e+02
2.880812277397113803e+02
2.880544487256334492e+02
2.880629469516548511e+02
2.880514062147805703e+02
2.879911564337282925e+02
2.879871223851025661e+02
2.880236134053552632e+02
2.880849841214507592e+02
2.880887311961633941e+02
2.881850453966185341e+02
2.882197153676340236e+02
2.882323098739725538e+02
2.882567415106513522e+02
2.881803215142483054e+02
2.879141429608039289e+02
2.880552708272434757e+02
2.880069304382498672e+02
2.882370400000149289e+02
2.883252716170480312e+02
2.883281096498886313e+02
2.883172297959900447e+02
2.883282334673211835e+02
2.882954646676625998e+02
2.883711241451437672e+02
2.884354368111445410e+02
2.884742078889167374e+02
2.884842635204014982e+02
2.885885110150251194e+02
2.885982911420394998e+02
2.885965353373799758e+02
2.886368729144867871e+02
2.886167168680280497e+02
2.887060458744663265e+02
2.886978935237108885e+02
2.888047934290926264e+02
2.888178850107252060e+02
2.888481212470167065e+02
