2.874872264773354686e+02
2.873967697327323094e+02
2.873206210805296337e+02
2.873355547170338582e+02
2.873318301169852589e+02
2.874877125821527102e+02
2.876334691101292833e+02
2.875664316592205410e+02
2.876298231858591521e+02
2.875096811448694893e+02
2.873833467554213144e+02
2.875176787811932968e+02
2.875306236854177655e+02
2.874136123329522547e+02
2.873561291312490766e+02
2.875153198509543131e+02
2.875808286307218395e+02
2.876252239532348653e+02
2.874608530148510681e+02
2.874973109163244658e+02
2.876782859205132468e+02
2.875959905822350038e+02
2.873892154498044533e+02
2.873936764631262690e+02
2.874219491682767966e+02
2.875425263958312030e+02
2.874256450553017999e+02
2.875099546039213010e+02
2.875344915483061072e+02
2.877101486132865489e+02
2.877526963413836825e+02
2.875152831131969151e+02
2.875105005913318905e+02
2.875924371057548683e+02
2.872581203702717971e+02
2.872061408003833094e+02
2.871440545127629775e+02
2.873256624200454894e+02
2.873868975205480183e+02
2.873687843735186789e+02
2.874128576456932933e+02
2.873672505443403224e+02
2.873684700254454469e+02
2.875791436067572135e+02
2.876440992494223110e+02
2.876341324141075120e+02
2.876325671888610600e+02
2.876289850648881270e+02
2.875406427558509677e+02
2.874707669599418978e+02
2.874587086165914798e+02
2.876215077252879269e+02
2.874979713498224214e+02
2.872883668197210909e+02
2.873811089758572734e+02
2.874337196024957279e+02
2.875323987182641758e+02
2.875668880113503860e+02
2.877687937410411223e+02
2.875549198390697825e+02
2.873510546993522325e+02
2.875030328282146002e+02
2.874138933607644049e+02
2.874645177821610105e+02
2.874949609436102378e+02
2.875159872894261071e+02
2.874584184775636118e+02
2.876139618468138792e+02
2.877861351798801479e+02
2.877080689366657111e+02
2.876597765593768941e+02
2.876321897672963246e+02
2.875812953451581393e+02
2.877328667198823382e+02
2.878083570251685046e+02
2.879858991003647475e+02
2.878082898509833853e+02
2.875935364693281713e+02
2.875092687478074254e+02
2.876830533039790225e+02
2.878380349393821120e+02
2.877670362410012785e+02
2.876369620172398527e+02
2.877041569006890427e+02
2.877721727359524380e+02
2.878301198858604835e+02
2.878269860150427917e+02
2.878284238224030673e+02
2.879283170104199030e+02
2.878995525814183338e+02
2.878334207577851203e+02
2.878005009760294683e+02
2.877544946587066761e+02
2.877514765638423455e+02
2.877168317540727571e+02
2.876691498451429538e+02
2.877510941773502395e+02
2.877573549368177623e+02
2.877238432797759629e+02
2.876817340770404030e+02
2.876906497835557275e+02
2.876840279219213130e+02
2.876929400972506983e+02
2.878742733820758986e+02
2.879162296992073493e+02
2.877938237068696026e+02
2.876745875417404363e+02
2.877245063270196397e+02
2.878985793819691708e+02
2.880035679997471334e+02
2.879325686855925710e+02
2.879045382934626218e+02
2.879623674931397090e+02
2.876962847277042670e+02
2.875191873227009296e+02
2.875491958503587853e+02
2.876367188289929118e+02
2.877633754488132354e+02
2.878855628223342933e+02
2.878392022514956921e+02
2.877664383145371971e+02
2.878174752876738580e+02
2.877668946834506869e+02
2.878956710606825595e+02
2.878862549561888500e+02
2.879128520653779901e+02
2.879397794895710376e+02
2.880165445638826895e+02
2.878930145792907069e+02
2.880190708991732436e+02
2.879567031145572287e+02
2.880380443472696470e+02
2.882075460737426624e+02
2.879761936059268237e+02
2.879972348683982659e+02
2.882055163707760812e+02
2.883406192922698779e+02
2.882250963356503348e+02
2.882170322361394597e+02
2.883643892686929462e+02
2.883352619462006601e+02
2.883147544216299707e+02
2.880361260174240670e+02
2.880872208469436941e+02
2.880265186703834956e+02
2.882393576592277213e+02
2.882843293567605656e+02
2.883212868279911731e+02
2.884606830992451592e+02
2.884540828420554135e+02
2.884545522754565923e+02
2.886923403332189082e+02
2.885070147299170458e+02
2.885147682531060696e+02
2.885483306173465508e+02
2.885853475132122981e+02
2.886959946408106248e+02
2.889196634420605960e+02
2.886051124786862943e+02
2.885009608323540533e+02
2.886992548811376196e+02
2.888491531258949294e+02
2.887704036727960784e+02
2.888265865314596681e+02
2.889104475887596095e+02
