2.856930384735466646e+02
2.856537101274627730e+02
2.856998243754700297e+02
2.857143607974160204e+02
2.856251440219489837e+02
2.855817384628145987e+02
2.855913253493336583e+02
2.855084331922420802e+02
2.855213029833355449e+02
2.857199650618438795e+02
2.856386556308843296e+02
2.855984558051229101e+02
2.856754020955257829e+02
2.856784272524603807e+02
2.855663829329841406e+02
2.856866207120909280e+02
2.855955987352155603e+02
2.856243287416531871e+02
2.855469426076332411e+02
2.855549525628622973e+02
2.856629918412135112e+02
2.856863818541297064e+02
2.856277930069394984e+02
2.856618124890732702e+02
2.856142292999902565e+02
2.856867012877215757e+02
2.856526632089151008e+02
2.855142365153186006e+02
2.855748344921257171e+02
2.857043799287852153e+02
2.855596461059882358e+02
2.856345761000640096e+02
2.855427177888223582e+02
2.855045565026727559e+02
2.854504312869333376e+02
2.855202909865620313e+02
2.855634885305913713e+02
2.855862452334595787e+02
2.854631898627514488e+02
2.854657671298983246e+02
2.855155559771957883e+02
2.855276642562611187e+02
2.857121944179926345e+02
2.856202608844070596e+02
2.854922739098396960e+02
2.855651799377299653e+02
2.856683341209549667e+02
2.855851543458141464e+02
2.855020974302939294e+02
2.856622991033202084e+02
2.854850689475637751e+02
2.855787936235805091e+02
2.855131626707377563e+02
2.854344273035004562e+02
2.854554993763895823e+02
2.854973591087556883e+02
2.855105352127047809e+02
2.855776023457970609e+02
2.854718941606292333e+02
2.856517250227479394e+02
2.857343056590189576e+02
2.856700377790439802e+02
2.856248654916397527e+02
2.855531541657590537e+02
2.855015408260794061e+02
2.855192046071846903e+02
2.855608677987061697e+02
2.855211499850871064e+02
2.856236563598604334e+02
2.856011407070529344e+02
2.855843848021320923e+02
2.856827968553628239e+02
2.857238602021236034e+02
2.857071556522346327e+02
2.856621998587596067e+02
2.856677570858119566e+02
2.857663352094650122e+02
2.859060727688927841e+02
2.857316445672929035e+02
2.855107417001841554e+02
2.856774602915754144e+02
2.858684664446097372e+02
2.858789517464642245e+02
2.856881811785413561e+02
2.857407630615264793e+02
2.857581947145785648e+02
2.858575739541205962e+02
2.857726805010169642e+02
2.857374357316597866e+02
2.859684665670166055e+02
2.858651737602779690e+02
2.857391017744274109e+02
2.859343633475763795e+02
2.857660133740149035e+02
2.858069937124375315e+02
2.856693062827953895e+02
2.857673612386936952e+02
2.858396544843315610e+02
2.857354351309728031e+02
2.856603919841140282e+02
2.858295347281077170e+02
2.856374322162022850e+02
2.857019366028614513e+02
2.855989844348951578e+02
2.856446472889496704e+02
2.857149237849245651e+02
2.857352323284856652e+02
2.857740414826423034e+02
2.859195233963366718e+02
2.858280326467469763e+02
2.857934367725924290e+02
2.858157332980936758e+02
2.857496401892036602e+02
2.856211023720189246e+02
2.856405310328772771e+02
2.857559116295569765e+02
2.858795004205192072e+02
2.858356260642049733e+02
2.857748634343911363e+02
2.857652815532701993e+02
2.858744730683528701e+02
2.858191134902251633e+02
2.857869899422157687e+02
2.857998905452537315e+02
2.857703853447767983e+02
2.858016694164625164e+02
2.857734911837948175e+02
2.856919754518444847e+02
2.860184526610671014e+02
2.859356166743921790e+02
2.858041194559745009e+02
2.857450434265099943e+02
2.858665700257808453e+02
2.858538849161536177e+02
2.860112142851632484e+02
2.859618516474469629e+02
2.859718477346664827e+02
2.860179580445602596e+02
2.860514180132074102e+02
2.861214558732692694e+02
2.861764161870019052e+02
2.860595301086144104e+02
2.858647763593374407e+02
2.859413435637143266e+02
2.859980628007015753e+02
2.860333612205476470e+02
2.862609033646875218e+02
2.861094982391466033e+02
2.860278503244232411e+02
2.863022980343695849e+02
2.863179931852070013e+02
2.862532818752178514e+02
2.864368140981520696e+02
2.864226484322123270e+02
2.863717377283285828e+02
2.864284933133928917e+02
2.864442135198800656e+02
2.864173304669773756e+02
2.862557997722468031e+02
2.864273904655622118e+02
2.864642609518652421e+02
2.863845908851185982e+02
2.865248614254916788e+02
2.864708605122099243e+02
2.863967409385000451e+02
