2.870392114842488240e+02
2.872963443355130835e+02
2.868744836184953328e+02
2.868669174759607472e+02
2.869731953985748873e+02
2.871479095200401161e+02
2.871821276611301528e+02
2.871777352226615108e+02
2.870469197537959190e+02
2.870266915214715482e+02
2.871537599772863700e+02
2.871484208800653164e+02
2.869635422295942249e+02
2.868698730193524398e+02
2.869112405544547073e+02
2.869636547476027886e+02
2.870536115080327022e+02
2.871592527247591988e+02
2.870906963738910918e+02
2.869287242995132488e+02
2.869554545548062947e+02
2.870645847763931329e+02
2.869821551229690613e+02
2.868888189934339721e+02
2.868212219587817913e+02
2.868755003266601307e+02
2.868799473434237370e+02
2.868853626780559125e+02
2.869742478150556622e+02
2.871856900692758359e+02
2.870477319253847668e+02
2.869600770380488370e+02
2.869459688448959014e+02
2.868978198686573364e+02
2.867086266534684000e+02
2.868895150723578240e+02
2.867388599964945683e+02
2.867133431264347792e+02
2.867896759739883805e+02
2.869594387293143427e+02
2.869498796206862039e+02
2.867289612124763494e+02
2.868050190866043749e+02
2.869521333919133781e+02
2.870339218513581727e+02
2.870338399658181174e+02
2.871955948467336839e+02
2.870484655153833842e+02
2.870824275597988162e+02
2.871110024536426408e+02
2.869500621985075099e+02
2.871381956898704857e+02
2.871498161364713155e+02
2.870920125724903187e+02
2.869716084530564899e+02
2.870121718813659868e+02
2.871433683731848419e+02
2.872317706622055198e+02
2.871572424229040621e+02
2.871137652817553771e+02
2.868209879582236113e+02
2.868362280828599182e+02
2.868864370948363103e+02
2.868948979162816499e+02
2.869996857940062114e+02
2.870918094661441273e+02
2.871349659574130442e+02
2.870606047194530106e+02
2.869183104637810402e+02
2.871568120159415685e+02
2.871345797183764148e+02
2.873233610748003457e+02
2.872287826271806921e+02
2.871030399647084437e+02
2.871785248297464364e+02
2.874771407766882589e+02
2.872347457792137106e+02
2.870399357403052250e+02
2.871661565154606137e+02
2.872385940558949642e+02
2.871518161388416388e+02
2.870868069130426079e+02
2.871494101321031849e+02
2.871914292821310823e+02
2.872890437699976474e+02
2.874049123548139164e+02
2.873544438303324569e+02
2.870629725978042188e+02
2.871394226844926720e+02
2.871774914238247334e+02
2.873416330927244076e+02
2.872901824971382894e+02
2.871981070380163032e+02
2.872597344385543465e+02
2.873057705460997227e+02
2.873260162532253048e+02
2.873415860536360924e+02
2.871970608878040707e+02
2.871421228513442543e+02
2.871044275270809294e+02
2.871689486523745813e+02
2.873537924949568492e+02
2.872546739240882516e+02
2.870816349440563613e+02
2.872790140527865219e+02
2.872751786155177456e+02
2.872889315919194360e+02
2.871732118269800935e+02
2.871127870484172036e+02
2.872410278356981053e+02
2.871934789522032929e+02
2.871525401991629565e+02
2.870893939865941888e+02
2.870416891508359640e+02
2.868326800121377005e+02
2.869644536077649377e+02
2.870332265454024423e+02
2.870630417942296617e+02
2.871084001839673761e+02
2.872781200198805323e+02
2.871466648479578225e+02
2.871902971257773061e+02
2.873531659505476341e+02
2.872649840464862905e+02
2.872363133173765277e+02
2.872490671220877516e+02
2.872302528670594484e+02
2.870801325224097695e+02
2.871683382648809584e+02
2.874050186742570645e+02
2.871484820341549948e+02
2.872106208761394441e+02
2.873072333751154019e+02
2.873354788776392752e+02
2.873220485113237146e+02
2.874608653953148405e+02
2.874215169028033756e+02
2.873926569783417904e+02
2.874293183935240563e+02
2.874809984709887658e+02
2.874451255117829191e+02
2.875402443708834426e+02
2.874357269304711622e+02
2.872892274268938877e+02
2.872727856573500844e+02
2.875681855440751065e+02
2.875769989741456243e+02
2.876075517258999525e+02
2.878801355291096797e+02
2.880300104812665154e+02
2.876753414062433762e+02
2.877767083699150135e+02
2.878690220379198763e+02
2.879941722988153856e+02
2.878180873132728834e+02
2.878319477582353443e+02
2.878465086467171545e+02
2.880080297547784767e+02
2.882256627496221881e+02
2.881659764293362400e+02
2.880905934673750153e+02
2.881106375966501218e+02
2.881411159736060199e+02
2.880684652120397686e+02
2.881709251745201072e+02
