2.873234912978233524e+02
2.872496630933399615e+02
2.873139773241580883e+02
2.872773435704795588e+02
2.873237092087646829e+02
2.873423315040023454e+02
2.874443655596840586e+02
2.875116454796770427e+02
2.873457565215916816e+02
2.872507284977547783e+02
2.872897467908952649e+02
2.873114456242154233e+02
2.870950765572063688e+02
2.870792730560712585e+02
2.872752629236441066e+02
2.873577937179150581e+02
2.874290143361362766e+02
2.873066292275944420e+02
2.872545549185969094e+02
2.873332993665759432e+02
2.874109254952891774e+02
2.872819364873201380e+02
2.872239214470811817e+02
2.872505869807122849e+02
2.872966616122092205e+02
2.870748374902409523e+02
2.869603215977015793e+02
2.871753002125691978e+02
2.872158874833561981e+02
2.874744525158869237e+02
2.875100016461610721e+02
2.871821117860831691e+02
2.871260072490118205e+02
2.873824691215346547e+02
2.870395674408417221e+02
2.870621012799693972e+02
2.873290736623892485e+02
2.871212121975019613e+02
2.871695826684052122e+02
2.873057249375648894e+02
2.872971601485106135e+02
2.873221957675938256e+02
2.874725160252751834e+02
2.873501553578682319e+02
2.873115568859906830e+02
2.872418527722737167e+02
2.872606774340104039e+02
2.873603999950811954e+02
2.872766941722063621e+02
2.872794789539465796e+02
2.873333500102151561e+02
2.872419138419616047e+02
2.872431296780125649e+02
2.869734087761219143e+02
2.871193252359739745e+02
2.872181363547948081e+02
2.872705818734594914e+02
2.872362496837990875e+02
2.872469362149951735e+02
2.873163854111644469e+02
2.873483819817597578e+02
2.871656650021621431e+02
2.870179099015089719e+02
2.871696466843262669e+02
2.871904840917865158e+02
2.872245602559187887e+02
2.871444878421648355e+02
2.870895723309301388e+02
2.873321531938300382e+02
2.876110914994868040e+02
2.873722982390489733e+02
2.872188529926404499e+02
2.872854597956850284e+02
2.874520509448206553e+02
2.874929871877397431e+02
2.873883766041090553e+02
2.874625873561657272e+02
2.874557837332840222e+02
2.872995170986568496e+02
2.874804630122802678e+02
2.876550738933846674e+02
2.877108654940299743e+02
2.874259308454465440e+02
2.874284140450868676e+02
2.875768062191212380e+02
2.874890517957666702e+02
2.874935345663825501e+02
2.875559341973241771e+02
2.875705897229582320e+02
2.875087552463516545e+02
2.873831989657247163e+02
2.873026024965055285e+02
2.873574021520059318e+02
2.874880180087584449e+02
2.875624449540839009e+02
2.876324237743664867e+02
2.874353936153746076e+02
2.874230181601790832e+02
2.874668785045895447e+02
2.874654526779389130e+02
2.875729726283650507e+02
2.875275262713241773e+02
2.874390099177284696e+02
2.875183344717941623e+02
2.874530450900888923e+02
2.874830191905032279e+02
2.876643289696505121e+02
2.874853586247408543e+02
2.873438028824151615e+02
2.874194288232598069e+02
2.875623754666971763e+02
2.876809547222805463e+02
2.877801951270908489e+02
2.874307096758026887e+02
2.872849322493107707e+02
2.874230564174087590e+02
2.873181800332152420e+02
2.873188645517881810e+02
2.875203393877478675e+02
2.876681106239321366e+02
2.874779332030936985e+02
2.873400904100956836e+02
2.874887065264465491e+02
2.875051856134498394e+02
2.874219650345505670e+02
2.873530480747287470e+02
2.876028836270545526e+02
2.877091698125299786e+02
2.872767562516959856e+02
2.873746610807659181e+02
2.876318020063662857e+02
2.878294416151069299e+02
2.877384988613665087e+02
2.877514087042619053e+02
2.879373524909693742e+02
2.875306705994682375e+02
2.876391895988329566e+02
2.879485944139798335e+02
2.879641757663984549e+02
2.876989111210778560e+02
2.878468085303669568e+02
2.879281998567766436e+02
2.876087045699153464e+02
2.875897688899981972e+02
2.878812018880090591e+02
2.878530226526156071e+02
2.877995278453025207e+02
2.879417428825714751e+02
2.881389198606225364e+02
2.879911558936544225e+02
2.879493911486204638e+02
2.882677097002519986e+02
2.884013736148648377e+02
2.882057544131634472e+02
2.881246725468109275e+02
2.881527782520470851e+02
2.883569100218343806e+02
2.882081005512598040e+02
2.879874552871963829e+02
2.882438347234781872e+02
2.883624291024834179e+02
2.881502874088531598e+02
2.882785049914012347e+02
2.883492755241349528e+02
2.883458408926846346e+02
