2.861042692065259985e+02
2.859548126558000263e+02
2.861427360104135573e+02
2.860300372006234966e+02
2.859380743581314164e+02
2.860110055742413806e+02
2.860757907930092756e+02
2.859633760482852836e+02
2.861594007431016848e+02
2.860791548358214982e+02
2.860747074377874810e+02
2.861945728158257793e+02
2.859321996596235635e+02
2.859120629665948741e+02
2.859897251035708337e+02
2.859611066214888524e+02
2.859090663819206952e+02
2.857941282239576140e+02
2.861124700120251987e+02
2.860689912508712496e+02
2.859066955976678059e+02
2.862104198844488678e+02
2.860250348789753048e+02
2.858330618372759773e+02
2.860169059738676083e+02
2.859525846015066008e+02
2.861209921352404422e+02
2.861347253018835204e+02
2.860627447238300078e+02
2.860349294888169993e+02
2.859351231562120006e+02
2.859412389806698229e+02
2.860672354503840893e+02
2.859257262860987794e+02
2.858234708640916892e+02
2.857499389790234545e+02
2.857259432499066065e+02
2.858184190800993179e+02
2.858952493703823734e+02
2.859713310302603873e+02
2.859138931751021460e+02
2.858973265767999123e+02
2.858747945859610695e+02
2.859909114143284796e+02
2.860839435359711729e+02
2.860419507176157481e+02
2.860698919324036638e+02
2.860251561320471296e+02
2.859674981975674086e+02
2.861695482600839000e+02
2.861939198007090113e+02
2.861301605989576160e+02
2.860240661339913117e+02
2.858623413554706758e+02
2.858239322436696170e+02
2.857698070671956430e+02
2.860171737040906805e+02
2.860607974191091785e+02
2.859365073657014023e+02
2.859760232231885766e+02
2.861199444192272381e+02
2.861210595478401615e+02
2.858620582988484102e+02
2.859043249545719050e+02
2.858399746017115035e+02
2.859127461602856215e+02
2.860811464611225006e+02
2.859224432529894102e+02
2.860908510739330382e+02
2.861293533111314673e+02
2.861425692969989996e+02
2.860963081902780800e+02
2.860427510685773882e+02
2.860087915679184221e+02
2.861676027214372766e+02
2.861361096321352306e+02
2.860238048673348317e+02
2.862049012833959978e+02
2.861829225097106359e+02
2.860976549507563504e+02
2.862178812243229231e+02
2.863840178526419322e+02
2.862512822032185227e+02
2.860121576364142015e+02
2.861849508485371416e+02
2.861659471455355401e+02
2.862377871914723642e+02
2.862493685518499547e+02
2.863400686704251825e+02
2.862749385076945714e+02
2.862221222013437227e+02
2.863569911625068585e+02
2.863531407912539635e+02
2.863018199945107085e+02
2.862917345962698050e+02
2.863460402271893486e+02
2.864063382839140104e+02
2.861926873025412874e+02
2.863712437087434637e+02
2.862930930431975867e+02
2.862845621450113640e+02
2.863209533311974155e+02
2.862858921732802742e+02
2.864724605202330281e+02
2.863308075909146169e+02
2.862077665809481459e+02
2.863157792323037825e+02
2.862686168980001185e+02
2.863096597878025591e+02
2.863584409707323744e+02
2.863022244585541216e+02
2.864142289308144314e+02
2.864056303289815446e+02
2.860949319190228834e+02
2.860499148119051256e+02
2.861433585034718021e+02
2.862406967237650406e+02
2.862219250561334434e+02
2.863745448441599706e+02
2.864381182948809510e+02
2.862448625151678812e+02
2.863581352368884154e+02
2.865353004507074388e+02
2.864672506355727251e+02
2.864564538418707684e+02
2.864389516352464398e+02
2.864613316456924963e+02
2.865199864839838142e+02
2.864105016654537508e+02
2.866081911423846691e+02
2.866106379648002189e+02
2.865338808167950333e+02
2.866575321386581550e+02
2.864860537692617868e+02
2.863777210305349286e+02
2.866873973947373315e+02
2.864914232253885302e+02
2.865576123712082222e+02
2.867797851250749659e+02
2.868613193223028475e+02
2.868104680507554463e+02
2.868599092943999835e+02
2.864601264174816038e+02
2.862931225680605394e+02
2.865329989911542157e+02
2.865209005433023890e+02
2.866616773443117836e+02
2.868574848841497555e+02
2.867058546507788037e+02
2.868634398604887679e+02
2.869379735312492699e+02
2.869214568939133301e+02
2.869061948398960453e+02
2.870516866952214627e+02
2.870473003713722733e+02
2.869285881756561594e+02
2.869388017103584048e+02
2.868998241572549546e+02
2.870449034178569718e+02
2.870085138060919689e+02
2.871144635200104744e+02
2.871344267872964906e+02
2.869056498175569345e+02
2.870190688572396880e+02
2.871785019166879351e+02
2.871589232837689565e+02
2.872852337110733743e+02
