2.861405624497897975e+02
2.858325000004884942e+02
2.859629354582916676e+02
2.862076383302645013e+02
2.860264751270896113e+02
2.861104252254413609e+02
2.861930474571178138e+02
2.862604064082908621e+02
2.859875794841661900e+02
2.861238179512114357e+02
2.861979566503528645e+02
2.861269197559977329e+02
2.860151255540030775e+02
2.859914429742783568e+02
2.862542755063176969e+02
2.860933252001383948e+02
2.860291132409599300e+02
2.858190357596643594e+02
2.859907703397835235e+02
2.862172567978255415e+02
2.859035091514925284e+02
2.861170906931317290e+02
2.862812470318065721e+02
2.859374919691769037e+02
2.861540946850698788e+02
2.862422128203055536e+02
2.860175122585641816e+02
2.859245854281962806e+02
2.860174444059516077e+02
2.860424887949618551e+02
2.859489121896230586e+02
2.859172979919043769e+02
2.859243703634961662e+02
2.859766086837053649e+02
2.858061414619835432e+02
2.858462620207951659e+02
2.861193588831374655e+02
2.859995058753246440e+02
2.860480980685335339e+02
2.860336484870101685e+02
2.860196453497282505e+02
2.858539148016628246e+02
2.858969522992127281e+02
2.860731201026976009e+02
2.861530425870581098e+02
2.861051522962630429e+02
2.860491764486628199e+02
2.861859750528624886e+02
2.861549544612997238e+02
2.859273453109192928e+02
2.860536194274645823e+02
2.862033283775701307e+02
2.860268139177365470e+02
2.860620813138917811e+02
2.857854422288129967e+02
2.859363470776709732e+02
2.861747723099145446e+02
2.861122614375926219e+02
2.860475353017997691e+02
2.860477330952732018e+02
2.860126290414754067e+02
2.861057072106592614e+02
2.859976258893785257e+02
2.859035840350038598e+02
2.860883168164824042e+02
2.860910918364127724e+02
2.860007201077208379e+02
2.861970869550877978e+02
2.863166111590339256e+02
2.860140662612965912e+02
2.861713957153714887e+02
2.861888343646614317e+02
2.861234682875640942e+02
2.861705847199755794e+02
2.862512502091975648e+02
2.862297444721649526e+02
2.861911589359662571e+02
2.859790691801521234e+02
2.861409623798597295e+02
2.862084037099140801e+02
2.861454551581537089e+02
2.862420511576349895e+02
2.863552988081360127e+02
2.861211235784585369e+02
2.862480303225605098e+02
2.862531591139006650e+02
2.861378899793205051e+02
2.862170503351658226e+02
2.864458500916161370e+02
2.864448518873443845e+02
2.863806142957965335e+02
2.865107249479064535e+02
2.863418994955984545e+02
2.863255589390441287e+02
2.863571377194253955e+02
2.862361847156198564e+02
2.862745398589993897e+02
2.861785091084512374e+02
2.861853343343727261e+02
2.863812189646173465e+02
2.862534935526089157e+02
2.863055427656295251e+02
2.863760705286611028e+02
2.864092873018276464e+02
2.862151258584843845e+02
2.862245042868214000e+02
2.862875663652764615e+02
2.861456617054445815e+02
2.863003068620694194e+02
2.863654101563171821e+02
2.862899489425799402e+02
2.862848693500033619e+02
2.860030495195150593e+02
2.859949758914001450e+02
2.861607699395360100e+02
2.860369796319463944e+02
2.861797777441360608e+02
2.861961034060074098e+02
2.860917202485125586e+02
2.862168541265115778e+02
2.863560161410732690e+02
2.863277642859735010e+02
2.863363883046903879e+02
2.862634677130104137e+02
2.863298878782439942e+02
2.863225639464610026e+02
2.863030767264322662e+02
2.862609569298658130e+02
2.864945939835992021e+02
2.863529355017163311e+02
2.864705490253077755e+02
2.862898753202191529e+02
2.863687434841816071e+02
2.864028824239194364e+02
2.863377900937577465e+02
2.865693495644910058e+02
2.863837730457880184e+02
2.865526780316785675e+02
2.866619866563348182e+02
2.864993523087345011e+02
2.864511653682041015e+02
2.865053882952674371e+02
2.863569643507107685e+02
2.865765323577707591e+02
2.865914636165817342e+02
2.864721892633174889e+02
2.864022074707274328e+02
2.864496635380630210e+02
2.866060104204806862e+02
2.865765911672655761e+02
2.866324036224585825e+02
2.867520615035796823e+02
2.865785827404204156e+02
2.866511730558320892e+02
2.866955010586725621e+02
2.866093702992091607e+02
2.865982334192657959e+02
2.867520234209677596e+02
2.867284066144360963e+02
2.868648108814260809e+02
2.868445785792914648e+02
2.864922330780405559e+02
2.866312123234056912e+02
2.867830641617386505e+02
2.869726225202928731e+02
