2.857140378566913341e+02
2.856502012207724306e+02
2.857650462753949228e+02
2.858425038572589187e+02
2.858771661619841211e+02
2.857359143197115259e+02
2.858374463030373818e+02
2.858482654328464605e+02
2.859366115184862451e+02
2.860294126002000326e+02
2.859036939866065836e+02
2.859517991537405237e+02
2.859182131732009680e+02
2.858493598299610881e+02
2.858175288664395453e+02
2.858085335578612671e+02
2.859945608591817745e+02
2.862228574714432625e+02
2.860232427244886253e+02
2.858584851774855338e+02
2.859669759861447460e+02
2.860543608381590843e+02
2.858854343797257798e+02
2.859343267167010367e+02
2.859182071265765330e+02
2.860378806320596254e+02
2.860306150586201284e+02
2.859009798877104345e+02
2.858546459719134418e+02
2.859570028838024314e+02
2.859756908675453815e+02
2.859712931154397211e+02
2.861584113152146642e+02
2.860065891366183450e+02
2.856245508298997606e+02
2.855226216630348404e+02
2.858080756028485325e+02
2.859075924503845272e+02
2.860131249653749705e+02
2.862333009663848884e+02
2.860978711084432575e+02
2.859925925507745887e+02
2.859778070331923914e+02
2.859498769547712413e+02
2.861748298615107728e+02
2.860750744019880472e+02
2.860358198106094392e+02
2.861426081404586057e+02
2.862153176357944631e+02
2.859856341142112797e+02
2.860481549857606751e+02
2.862762826894550585e+02
2.862993207046090447e+02
2.859223414318927894e+02
2.857609812686740156e+02
2.859027708352938362e+02
2.858713747968428152e+02
2.859582239854166232e+02
2.858172940557973902e+02
2.859286809210189517e+02
2.859984870996677842e+02
2.861231124067413134e+02
2.859652366823113425e+02
2.859696149201984667e+02
2.860527966182368118e+02
2.861116637431325103e+02
2.861823015941708377e+02
2.863066386255272846e+02
2.861859381122667969e+02
2.862237989432441623e+02
2.863476149747671116e+02
2.861251303441292748e+02
2.860687554894976756e+02
2.861732217746009042e+02
2.860223717251245148e+02
2.859735157073574783e+02
2.862622356042900833e+02
2.862363729998038480e+02
2.861187978381920516e+02
2.862787034978280758e+02
2.862037251927066563e+02
2.860220004801334994e+02
2.861932679277845750e+02
2.861962436303621189e+02
2.860673128931959468e+02
2.862265610430654306e+02
2.862925308102639406e+02
2.860767546778294559e+02
2.861802193183366967e+02
2.862588194742686483e+02
2.863200136161440810e+02
2.863667601148210906e+02
2.864564935711716203e+02
2.863744029714270027e+02
2.863298085284112631e+02
2.862890893391877967e+02
2.863751672734476301e+02
2.864787652184833746e+02
2.864363945152496740e+02
2.863359951258376555e+02
2.862436989331128530e+02
2.861403899881834718e+02
2.860138334385498524e+02
2.862198821599652661e+02
2.865149573895340041e+02
2.863006191535520770e+02
2.864049127355051496e+02
2.863856077071371260e+02
2.861763279231373645e+02
2.864430427070728342e+02
2.867460947879582136e+02
2.864018274968388482e+02
2.863295058344583595e+02
2.864216337912325798e+02
2.861289188916012449e+02
2.862274162127453110e+02
2.864359307650562982e+02
2.862727392383487199e+02
2.861805977551496767e+02
2.862790493736811754e+02
2.863628759604065408e+02
2.863378319367599829e+02
2.863881061829768555e+02
2.864989866266856211e+02
2.864585433910991128e+02
2.863396872121347201e+02
2.863465608729397331e+02
2.863968865011409548e+02
2.863921339004855895e+02
2.865295844170469195e+02
2.867004724100001454e+02
2.866421913268969206e+02
2.866602429745045129e+02
2.864826534304577308e+02
2.864323820537874212e+02
2.866383436143957510e+02
2.866944659299830960e+02
2.865045483225124485e+02
2.866121261545129641e+02
2.867418157399517327e+02
2.866741978022789112e+02
2.867480027874414645e+02
2.866724870063342223e+02
2.866222432003089580e+02
2.866845497243724594e+02
2.866282804873495138e+02
2.866858337266266972e+02
2.870159749077656670e+02
2.868342595420959924e+02
2.868957668453703604e+02
2.871766218671918978e+02
2.871828780929591289e+02
2.868816347135559113e+02
2.869842199147281008e+02
2.872908312999420559e+02
2.870505786001323827e+02
2.869720134262183251e+02
2.870284935869242986e+02
2.871139876931713957e+02
2.874552183602157811e+02
2.873163435069547518e+02
2.871853813051329212e+02
2.872815381390178686e+02
2.874615377428327179e+02
2.872824557909104328e+02
