2.872384475209087782e+02
2.871066086737909586e+02
2.870599363691263193e+02
2.870661651347117527e+02
2.868906067298728431e+02
2.868975542227624373e+02
2.868698856351020936e+02
2.871566963521674438e+02
2.871418873490213173e+02
2.870182743088744814e+02
2.870111106314973313e+02
2.869109277475217255e+02
2.868320504549383827e+02
2.868971694912053749e+02
2.869302782145159085e+02
2.868522094033091321e+02
2.867544054801999778e+02
2.869060590810195777e+02
2.868341055831500057e+02
2.870302092648423695e+02
2.871200476724709461e+02
2.870134828911141653e+02
2.870667808292855625e+02
2.871018313270638487e+02
2.870086086401781245e+02
2.869574758255546953e+02
2.870908797244453012e+02
2.870883433461835921e+02
2.870709900794886948e+02
2.869263575959917034e+02
2.871063175651555071e+02
2.870974560615113091e+02
2.870631382388738189e+02
2.870042216989982649e+02
2.867235212057588569e+02
2.867398948670337973e+02
2.868120755887335918e+02
2.869370722013757700e+02
2.869507065783786857e+02
2.870263782222820623e+02
2.871544164883067651e+02
2.871590686786916535e+02
2.872126726963093120e+02
2.872411624060887902e+02
2.871856779911291255e+02
2.871349196252335219e+02
2.871847970142881081e+02
2.871496983138831069e+02
2.871441304311588283e+02
2.872530068999790842e+02
2.872024707685537805e+02
2.870289580333226809e+02
2.871717792611024151e+02
2.870258854529296855e+02
2.871275951592440379e+02
2.871089751739571625e+02
2.871755688338488994e+02
2.872525978081108065e+02
2.871190944102310709e+02
2.871866133073772858e+02
2.872093898782432575e+02
2.871154614702496133e+02
2.870737848936031469e+02
2.869368772873535818e+02
2.870418277368369218e+02
2.871308015571485157e+02
2.871620400216416442e+02
2.871605465488502773e+02
2.872980840917778664e+02
2.871776460017279646e+02
2.871908989766608897e+02
2.871913941376533899e+02
2.871169346229557959e+02
2.871503783804982959e+02
2.871922459434726420e+02
2.873134833036837676e+02
2.873040313277102200e+02
2.873198031377748976e+02
2.872264147848172229e+02
2.872368926545470345e+02
2.871236908172343192e+02
2.872082979842975305e+02
2.873325177144511144e+02
2.874311632993367880e+02
2.871603673553317435e+02
2.870934048329443726e+02
2.871585144743497153e+02
2.871807636379446080e+02
2.873652211718804210e+02
2.873023141422181652e+02
2.871942290558013724e+02
2.871661949889906396e+02
2.873842662127988774e+02
2.874717293953951867e+02
2.873819517310302558e+02
2.873571851383715625e+02
2.873734069163762115e+02
2.872193733280916490e+02
2.871913594624576831e+02
2.872186173058827308e+02
2.873006329469679372e+02
2.873252674779411677e+02
2.873041743689587406e+02
2.872981977641453568e+02
2.873649018021276902e+02
2.872860617648321409e+02
2.871784068396296448e+02
2.872551495053418762e+02
2.873231097368690143e+02
2.871581202701299276e+02
2.871221366068238581e+02
2.872193856026251524e+02
2.874045034887103043e+02
2.873740541303597524e+02
2.872928371025681145e+02
2.873927049677905643e+02
2.873849386482630166e+02
2.873940502017480298e+02
2.873940940242299575e+02
2.873079721372421318e+02
2.874321909252648197e+02
2.876447699677312926e+02
2.874379669469164469e+02
2.874135534434887518e+02
2.874953663573198241e+02
2.875046677506891797e+02
2.876146867139549954e+02
2.874764809823006999e+02
2.874943685745420794e+02
2.875643173943644229e+02
2.876494055447545293e+02
2.877286896895187169e+02
2.876829595786863933e+02
2.876712985335631743e+02
2.877586008167202749e+02
2.877284428902346463e+02
2.875615249161533598e+02
2.875201602246781363e+02
2.878780199669336639e+02
2.879221651180628783e+02
2.878621192040087067e+02
2.877862594852566644e+02
2.874906030924647666e+02
2.876167293184701066e+02
2.877137417119137694e+02
2.877524522097147042e+02
2.878784037549503978e+02
2.879612660567394755e+02
2.880166610979588881e+02
2.878139229074643026e+02
2.878813146286105393e+02
2.880338302313727468e+02
2.880528124812447572e+02
2.880106297217238875e+02
2.880155371633432537e+02
2.879956253251018552e+02
2.880166760986523400e+02
2.880286707354650275e+02
2.880533549204541828e+02
2.880828022067567531e+02
2.879904066181691178e+02
2.881188203459069541e+02
2.882413720742969758e+02
2.882985539063254805e+02
2.882727646616080506e+02
