2.872061936067709667e+02
2.871063823414684180e+02
2.870902236240830803e+02
2.870160864420052462e+02
2.870485708302082344e+02
2.870033711606046154e+02
2.871195845512710889e+02
2.871573046744481985e+02
2.871576000772261636e+02
2.871264156930446347e+02
2.871798392134219284e+02
2.871713643317826268e+02
2.871561708406658795e+02
2.868587484805656231e+02
2.870414755576028369e+02
2.870604821550343786e+02
2.870875651973871641e+02
2.871224526371972274e+02
2.871293546480337682e+02
2.870279133219845562e+02
2.869033646828264636e+02
2.869955363260430090e+02
2.870981269558237159e+02
2.870599414067056045e+02
2.869339127374635723e+02
2.869214736285059075e+02
2.870180527389113081e+02
2.869700008887822378e+02
2.870501427610131486e+02
2.868264768978346524e+02
2.868726071502677542e+02
2.870341981153728170e+02
2.870235361884809322e+02
2.870065194826472066e+02
2.866401197967113035e+02
2.867782051837344852e+02
2.867785219006844954e+02
2.868399512964289784e+02
2.869248407843417112e+02
2.868268976672466692e+02
2.869435135459939374e+02
2.868149980920358644e+02
2.867400369816314765e+02
2.866474108056847285e+02
2.869764677429974995e+02
2.870716624375899642e+02
2.869888178373242908e+02
2.871156461772533817e+02
2.871862979736847024e+02
2.870346639084023650e+02
2.869904287576632669e+02
2.870688523409488084e+02
2.870628184992694401e+02
2.867358872779614103e+02
2.868045332144785675e+02
2.869591718206395967e+02
2.869398286496652304e+02
2.870047192520810313e+02
2.870255307403724032e+02
2.871591363620458992e+02
2.870213543735565622e+02
2.870628511413214596e+02
2.870946844859646490e+02
2.870672261221308759e+02
2.869470714500822055e+02
2.869174936118827759e+02
2.871225697397890713e+02
2.871359068583648764e+02
2.871942938614398031e+02
2.875091285816881168e+02
2.873475316276538365e+02
2.873349542322993670e+02
2.872814708263617831e+02
2.874535686622287471e+02
2.872962368474756545e+02
2.872015450788189241e+02
2.872792533756937701e+02
2.872605530251053096e+02
2.872069288961935172e+02
2.874496735325057557e+02
2.875115626859961822e+02
2.874726537261490193e+02
2.873916830251249053e+02
2.872803702334497871e+02
2.872684402617485944e+02
2.871899074266548268e+02
2.874240681458027211e+02
2.873054427076363027e+02
2.872486823468855732e+02
2.873244829293628300e+02
2.871637096917139615e+02
2.870801858630335914e+02
2.872808715242658195e+02
2.872189651490097617e+02
2.871469736196589224e+02
2.872842474205626786e+02
2.872373906428430814e+02
2.872836366790608054e+02
2.874154004652694425e+02
2.872804294897770205e+02
2.873549885979381884e+02
2.872812715735537381e+02
2.872675085308642338e+02
2.871919330958530168e+02
2.874060778501800542e+02
2.874380771849250777e+02
2.871961323759416587e+02
2.873577568264781803e+02
2.875322823775005645e+02
2.875130374814021366e+02
2.873415108182610993e+02
2.875438167144253043e+02
2.874982302828560137e+02
2.873745374538096371e+02
2.871774631848865624e+02
2.871544956258686625e+02
2.872047344222845027e+02
2.872439399633353219e+02
2.873074818485094397e+02
2.873306735394536418e+02
2.872473394614932545e+02
2.872550359976262371e+02
2.874419715151780679e+02
2.875423005877043465e+02
2.874042175405158446e+02
2.874609356437235874e+02
2.874051037273966926e+02
2.873273274092460383e+02
2.874570460995718690e+02
2.875237288450547908e+02
2.876210253610307177e+02
2.876002596422237616e+02
2.874493269633335331e+02
2.874903210298048180e+02
2.876010146437438380e+02
2.877082718686618250e+02
2.878013130765417031e+02
2.877203280480040348e+02
2.876359014186623995e+02
2.878151711034630011e+02
2.878341477153642813e+02
2.877871344178759045e+02
2.873855973192831925e+02
2.873839962434391850e+02
2.874136333109596535e+02
2.877058095783223166e+02
2.877984244683584052e+02
2.877338392263049514e+02
2.876272754926686162e+02
2.879225804602436369e+02
2.880129531083799179e+02
2.881481548308971128e+02
2.879353466853060013e+02
2.879431743657679021e+02
2.881189063326604014e+02
2.881050289723488618e+02
2.880765680883018263e+02
2.882782312515732315e+02
2.882201753540039704e+02
2.880233204762392347e+02
2.879754570450525648e+02
2.880989058177646598e+02
2.881675835598246067e+02
2.882753356889804763e+02
2.882097788254419015e+02
