2.872770206460130566e+02
2.872710468376673703e+02
2.874813244622413890e+02
2.875966655474701952e+02
2.872082935441996483e+02
2.871140648490764420e+02
2.873659437206207485e+02
2.875165316493309433e+02
2.872254182951094776e+02
2.871310833861368224e+02
2.873169695541088799e+02
2.874287906095375433e+02
2.874644483158151047e+02
2.872875592246791143e+02
2.871430405087326676e+02
2.872607309830513032e+02
2.874620113828417516e+02
2.872708147184613381e+02
2.871767432478395676e+02
2.873412336312788398e+02
2.875100468247149479e+02
2.871656823320966510e+02
2.871118979046102027e+02
2.871245040715531900e+02
2.873773445118998211e+02
2.875658336715208065e+02
2.873164471423056057e+02
2.873472062022843829e+02
2.875429658796726358e+02
2.875578729527553605e+02
2.872280061636835171e+02
2.871612986026220256e+02
2.870901542710403760e+02
2.870915703943713311e+02
2.870236220225157808e+02
2.872859982431897947e+02
2.871464006660157793e+02
2.870429014105566239e+02
2.870617749590153949e+02
2.871893923918573250e+02
2.871063001399729160e+02
2.873457246950118815e+02
2.874808242956687536e+02
2.872764215919741559e+02
2.871121906708553411e+02
2.870962041376147340e+02
2.873770796496730213e+02
2.874971055875529942e+02
2.874996428835675601e+02
2.872868241413530654e+02
2.871827850332898038e+02
2.871398195526896302e+02
2.871961424188116325e+02
2.870017196779131723e+02
2.870359090639665283e+02
2.871357739495821875e+02
2.873166552717341915e+02
2.873635818527039305e+02
2.873860911727037433e+02
2.876132168519931156e+02
2.876285255351096453e+02
2.873145093798365224e+02
2.872213351517310116e+02
2.870705942872727405e+02
2.870638669542630055e+02
2.870444494517005865e+02
2.872239344964708039e+02
2.875358020819816147e+02
2.874201816622174306e+02
2.872454826892544588e+02
2.871295562108371087e+02
2.873205433448082431e+02
2.876425096432996611e+02
2.872588123770270272e+02
2.870981320167474564e+02
2.873051633396358397e+02
2.876363341296913632e+02
2.876768960348815654e+02
2.873141404491776711e+02
2.872374003486286824e+02
2.874413610304877125e+02
2.876634712084015746e+02
2.876891604356866310e+02
2.874140546133828025e+02
2.873801667512892095e+02
2.873908256604210578e+02
2.874104556910297674e+02
2.876040453043497109e+02
2.877865829175966041e+02
2.874782729387687823e+02
2.874562496561912894e+02
2.875507713000310446e+02
2.876497486754747683e+02
2.877748931156834828e+02
2.876071600047587253e+02
2.873361444924125863e+02
2.873650284000165698e+02
2.875137862927085166e+02
2.875712880128995153e+02
2.876790000369147720e+02
2.877270861919985805e+02
2.873091045320290959e+02
2.872323625655786259e+02
2.873892330704557025e+02
2.875412580919512493e+02
2.876435068099787031e+02
2.874119814445875249e+02
2.873400649408063714e+02
2.875425579883246314e+02
2.876937618648345847e+02
2.876932185027424111e+02
2.873418669034072082e+02
2.873032541302656000e+02
2.873252591127208575e+02
2.875146044608807756e+02
2.875598092205832472e+02
2.872441571494613868e+02
2.871553751502884779e+02
2.872861050596029600e+02
2.875338174258143340e+02
2.877532655774119803e+02
2.875425290146268367e+02
2.872697241138157551e+02
2.873536942512182577e+02
2.876780666575825762e+02
2.877686300119798943e+02
2.875225735054502252e+02
2.875362804598462958e+02
2.876207291013348026e+02
2.879143038182745045e+02
2.876929693766587093e+02
2.877062614113903578e+02
2.876854607588336989e+02
2.876022421700315022e+02
2.877388189494798780e+02
2.879510299530686552e+02
2.875977040298564589e+02
2.875595361960477589e+02
2.877133402194215819e+02
2.879017207717934639e+02
2.880760693330452682e+02
2.880670534438353911e+02
2.873664756226244776e+02
2.873464027485263728e+02
2.875488325626652113e+02
2.880084613587728199e+02
2.881535699704622857e+02
2.878929898174092727e+02
2.879581628901134991e+02
2.880235396883434760e+02
2.881238852822106651e+02
2.883097517104028498e+02
2.883222140156464093e+02
2.883669931781799392e+02
2.879965240263108512e+02
2.878175293871357781e+02
2.879933401638595001e+02
2.882343949357326096e+02
2.884868189357713959e+02
2.882342179012351835e+02
2.883361914249460938e+02
2.885409770954286728e+02
2.884949097396592492e+02
2.883200967685025375e+02
2.881661193201076117e+02
