2.857293758427758235e+02
2.855754568383436549e+02
2.856438072222920823e+02
2.858461090764197365e+02
2.856678419521192041e+02
2.857346957708099922e+02
2.856621460412544025e+02
2.855866360969859556e+02
2.856300356424304141e+02
2.856093292542628319e+02
2.856147423951945825e+02
2.855557285880414611e+02
2.856172106454495747e+02
2.854901635588549880e+02
2.855272641163842877e+02
2.856681521882684933e+02
2.857862421920328302e+02
2.856028002623576754e+02
2.856959674018959845e+02
2.857346614215545628e+02
2.856653002776326389e+02
2.856801084181547026e+02
2.856685012648160864e+02
2.856392524605876702e+02
2.857313734295021277e+02
2.857670631108370003e+02
2.855150534064807744e+02
2.854913184794942254e+02
2.854715685380305672e+02
2.855265605233577730e+02
2.855135889956355300e+02
2.856127339783915318e+02
2.855975277792726388e+02
2.855373092171197413e+02
2.853641770829772781e+02
2.855424139451633323e+02
2.856129387897065612e+02
2.854327362486928905e+02
2.856198115899986192e+02
2.855772943293257526e+02
2.853857776961834247e+02
2.855019322386926319e+02
2.856317068860448671e+02
2.854674341613077218e+02
2.856783368126429536e+02
2.855323130411558736e+02
2.854107755648548164e+02
2.855000553066987550e+02
2.855575882377835910e+02
2.855965555220606689e+02
2.855603989735300274e+02
2.855442926665996879e+02
2.856781779299465711e+02
2.855028290207176269e+02
2.854947504153570890e+02
2.854867688967278241e+02
2.856575867418225130e+02
2.856441830131674919e+02
2.856415622962666134e+02
2.856961432518285164e+02
2.856821748460453136e+02
2.856442458909065749e+02
2.854552693321841730e+02
2.855118079076449362e+02
2.855641747673055306e+02
2.855613756185121019e+02
2.855440437094590607e+02
2.856263760221022494e+02
2.856757876732797854e+02
2.855487582721922877e+02
2.856887682362926739e+02
2.857054699390743622e+02
2.855896110077503636e+02
2.856630281527648663e+02
2.858103822436207224e+02
2.857838712092125206e+02
2.856238527231636226e+02
2.856825695823175124e+02
2.856293535820253169e+02
2.855523023842034718e+02
2.856809467364703323e+02
2.856479491310668095e+02
2.855847704531963132e+02
2.855445391658969925e+02
2.855858065355915301e+02
2.855834473949995527e+02
2.856110391674939706e+02
2.855516307285595872e+02
2.856772398686361498e+02
2.857209385815494329e+02
2.856432605165846894e+02
2.855718398311824444e+02
2.855439893443448796e+02
2.855372386254402954e+02
2.855994174521878222e+02
2.855091495154593986e+02
2.855287508076066842e+02
2.857042978136830698e+02
2.858180358591139907e+02
2.856430612007123386e+02
2.857331916849053073e+02
2.857416905479358888e+02
2.855916928032735882e+02
2.854808108036068006e+02
2.856094265867615718e+02
2.856264049584662530e+02
2.857089043696561816e+02
2.856384021227036669e+02
2.857904955798949800e+02
2.858375155407019861e+02
2.856614016812818022e+02
2.857981358374860861e+02
2.858327759248987263e+02
2.856356277243153841e+02
2.855525301118370294e+02
2.855749527718105583e+02
2.856253234286794509e+02
2.855180698970656863e+02
2.855206145498752335e+02
2.855211107037246165e+02
2.855681436323038724e+02
2.857720872637714251e+02
2.857712428779283300e+02
2.856165192448013954e+02
2.855565486570473581e+02
2.856137681517024589e+02
2.857768805784679671e+02
2.857123363916375069e+02
2.858153493615898810e+02
2.859220077332557821e+02
2.859144615297116729e+02
2.858517760490782962e+02
2.858907033302331229e+02
2.858950305427908347e+02
2.858640757554201173e+02
2.858525690478006140e+02
2.860347340999939547e+02
2.859905750816015484e+02
2.860585717404055117e+02
2.861112276903458564e+02
2.859535088897234232e+02
2.860093914933331121e+02
2.860079871296173906e+02
2.859148658940061978e+02
2.859004658995627892e+02
2.862452999085401188e+02
2.861868121313296456e+02
2.861669103384708137e+02
2.859613989727595253e+02
2.861305624425239671e+02
2.861973176911556607e+02
2.862591773119410732e+02
2.863175212546730677e+02
2.863489547305547944e+02
2.863759579738728007e+02
2.862926509013452119e+02
2.862143456392250869e+02
2.864009761123741669e+02
2.863527984783526676e+02
2.864653381340514784e+02
2.864362676032658896e+02
2.864513217252245454e+02
2.862675426637102305e+02
2.864001811688558519e+02
2.863889135832687316e+02
