2.868100131989870647e+02
2.867827948309698627e+02
2.868936827016818256e+02
2.866488604534993669e+02
2.867627473941952303e+02
2.867783013686442359e+02
2.867283525397087374e+02
2.865775701732656557e+02
2.867270306006193437e+02
2.865805122515217249e+02
2.864784696492324656e+02
2.864307957912205325e+02
2.865806865185306265e+02
2.865941245688609911e+02
2.868348683251599027e+02
2.868447593717606878e+02
2.868458373130685573e+02
2.868445045626468755e+02
2.868938102619966344e+02
2.868837823032977212e+02
2.869279390962811931e+02
2.868693173652037558e+02
2.868369721466767146e+02
2.868237761633392324e+02
2.868061497903857457e+02
2.868480178819741582e+02
2.867879426661916682e+02
2.867264960897597916e+02
2.868906109494084262e+02
2.868581920932809908e+02
2.866441620603408182e+02
2.868098677331709609e+02
2.867851901879561183e+02
2.866940671378134198e+02
2.864420081395050488e+02
2.866155631181081276e+02
2.867612435094363832e+02
2.866589699263121815e+02
2.867179216477475734e+02
2.867778766668290586e+02
2.867821075873976042e+02
2.868326558554679195e+02
2.868103162037083962e+02
2.868179139886360076e+02
2.867481902643880289e+02
2.867629181949078543e+02
2.868427507316036440e+02
2.867728712481692810e+02
2.865455130865136084e+02
2.865590415533524151e+02
2.867353509043219901e+02
2.868615053399580574e+02
2.865486604772440273e+02
2.865791827495553434e+02
2.867643258170339209e+02
2.866258290371882254e+02
2.867275158806660897e+02
2.867839768120764461e+02
2.869111570249673377e+02
2.867412652473913681e+02
2.868198620851782152e+02
2.868516930205376525e+02
2.867659085547374502e+02
2.867518277255362023e+02
2.867363564733718704e+02
2.867537367448634882e+02
2.867800011354992762e+02
2.867358715522723855e+02
2.868001694040703455e+02
2.868100060950706052e+02
2.868373964474489526e+02
2.867814694233554178e+02
2.869599611543202968e+02
2.867848260953829254e+02
2.867727791610201962e+02
2.866486527892952267e+02
2.868165095523478385e+02
2.867609239856348609e+02
2.868977107470651049e+02
2.868007993413667123e+02
2.869411606951621820e+02
2.868372160099970642e+02
2.868343322873923285e+02
2.867952762541221432e+02
2.869691964427718744e+02
2.868830917771814484e+02
2.868792273333297089e+02
2.867846021849927638e+02
2.868702974350513273e+02
2.870626987732562156e+02
2.869180287384289727e+02
2.868771191574898012e+02
2.870541003722732967e+02
2.869537473556513305e+02
2.869130472603348494e+02
2.869525208900751636e+02
2.866926584456128353e+02
2.868980119650580605e+02
2.870468116406798345e+02
2.867181892781495094e+02
2.868623024663888827e+02
2.870200657017278445e+02
2.867654102384554449e+02
2.870814236335396572e+02
2.870130165597939254e+02
2.868836054361208312e+02
2.869402300668078283e+02
2.868364754570498576e+02
2.869428302339692323e+02
2.868776440401502441e+02
2.869643822963918751e+02
2.869017115670719136e+02
2.868901812370107223e+02
2.867743097309862605e+02
2.867270480637954506e+02
2.867404377143279248e+02
2.866562854850064355e+02
2.868835761452317570e+02
2.870058881235785861e+02
2.867860503505486349e+02
2.868360911900435326e+02
2.868979136821223506e+02
2.870112709027238793e+02
2.868714686414728590e+02
2.868383568019054906e+02
2.869467528769225737e+02
2.870508866462698165e+02
2.869165880044147912e+02
2.871217329051518163e+02
2.872118095347784674e+02
2.871745625429802544e+02
2.869805002335920108e+02
2.871492064136522799e+02
2.871504480113425188e+02
2.872438589173926857e+02
2.872870596906371929e+02
2.871588994940365751e+02
2.873662562568169960e+02
2.872125024192843057e+02
2.872573808430583426e+02
2.875378396844512849e+02
2.875104979004003667e+02
2.871913685574178317e+02
2.872774294930551946e+02
2.871273218996098535e+02
2.872475023173011550e+02
2.872995845785922597e+02
2.873728395310664041e+02
2.874385327431331802e+02
2.874707669109073436e+02
2.874903716168454935e+02
2.874888051192344278e+02
2.876252597254792818e+02
2.874844286283376391e+02
2.876012961268954200e+02
2.874810149810003281e+02
2.875492854082108352e+02
2.875925958287858180e+02
2.874683487183087891e+02
2.874704303600767048e+02
2.876689992160937663e+02
2.876672635224598480e+02
2.876939107767375390e+02
2.875648406722976347e+02
2.876733223487074724e+02
