2.862855304580043594e+02
2.862753528491400630e+02
2.863076779476628531e+02
2.862089005459628197e+02
2.861629708548222766e+02
2.861539788409594962e+02
2.861946938928593340e+02
2.862109092048776233e+02
2.862694917376301760e+02
2.862487574793856879e+02
2.862375029108378612e+02
2.861647709934320005e+02
2.861582000931264815e+02
2.861172612968845783e+02
2.862014572320003367e+02
2.862341800009784833e+02
2.861910777931628331e+02
2.863143018568211460e+02
2.862760875805794853e+02
2.861779304824785868e+02
2.861428099099568385e+02
2.861883277234002776e+02
2.862116196983704981e+02
2.863119678214620762e+02
2.862493219426803535e+02
2.863416209832980712e+02
2.861662397790679506e+02
2.861923937590115088e+02
2.862000352133337060e+02
2.862891199105559963e+02
2.862875427563789117e+02
2.862349926330072094e+02
2.862764381027109266e+02
2.860871495972456273e+02
2.858108929333462243e+02
2.859365955651849163e+02
2.859861238033573159e+02
2.860067052737120434e+02
2.861236268567330399e+02
2.861933771538414817e+02
2.862270445487038728e+02
2.861652093028291688e+02
2.862909681750849700e+02
2.863340359132224080e+02
2.863270174681630351e+02
2.863403145105176009e+02
2.863341888296529874e+02
2.863208856931436799e+02
2.862730770278766954e+02
2.862985733679890927e+02
2.863287866087387101e+02
2.863868327220737342e+02
2.862458115637285232e+02
2.860873340442000767e+02
2.860707536649300096e+02
2.861479618624875343e+02
2.862695116007534466e+02
2.862280794847405900e+02
2.863444911904529135e+02
2.862869640769246757e+02
2.863341296053004612e+02
2.864063948242131801e+02
2.862905823457853671e+02
2.862846707277503810e+02
2.863612757927352277e+02
2.863223030760799475e+02
2.863954956464232851e+02
2.863894061405474076e+02
2.864881048267051824e+02
2.863651157157834177e+02
2.863570570679503930e+02
2.863536160860035693e+02
2.863994900611803587e+02
2.864256850625955053e+02
2.864894930093923904e+02
2.864544095737672933e+02
2.864555675866498063e+02
2.864797602125616436e+02
2.864598107056316962e+02
2.864287459513866452e+02
2.863486963636432279e+02
2.864240830517445033e+02
2.864523058201922936e+02
2.865488526703474577e+02
2.865121285684025452e+02
2.865216823615179464e+02
2.864789694168375718e+02
2.865792879177373038e+02
2.864744829592870019e+02
2.863938373295017641e+02
2.864731680879172018e+02
2.865264126966428080e+02
2.864556415088731569e+02
2.864340684090029754e+02
2.864468228228695921e+02
2.864437320517128569e+02
2.864903731556790376e+02
2.863934522351401597e+02
2.864990956111460605e+02
2.865457653622684688e+02
2.866374342741073065e+02
2.864815346848584454e+02
2.865130973279678983e+02
2.865349323530704169e+02
2.865661747535735913e+02
2.866143711961236136e+02
2.866326119918730910e+02
2.866360141717933061e+02
2.865142543683309668e+02
2.865829955356170444e+02
2.867325962694533814e+02
2.866734953045793759e+02
2.865911692160738085e+02
2.865034148002363850e+02
2.863502958871953865e+02
2.863176413016586821e+02
2.865110250618071746e+02
2.865006218525203963e+02
2.865288954507685162e+02
2.865054127582662318e+02
2.864715054017494253e+02
2.865174460256255315e+02
2.865337110876141651e+02
2.866037983690732176e+02
2.866115560628892354e+02
2.865982133242577561e+02
2.865939776979401472e+02
2.865576554142273267e+02
2.866449006683600942e+02
2.867745761686560400e+02
2.866958506779935192e+02
2.866446074774283375e+02
2.866984026154519256e+02
2.863320640291502173e+02
2.862610876253781385e+02
2.865241517639385620e+02
2.866226732550932752e+02
2.866460139832087748e+02
2.866887608583978704e+02
2.867445547150629181e+02
2.868008497824886263e+02
2.867841225253509947e+02
2.864129830975488176e+02
2.862958377563136878e+02
2.865393890365241418e+02
2.867071285759918169e+02
2.867174805603085019e+02
2.868269291361099818e+02
2.868549953144553228e+02
2.868660607645609844e+02
2.869793221027802588e+02
2.869547908511880792e+02
2.869502759853198199e+02
2.871383910241685271e+02
2.871077351024303539e+02
2.870495383624711963e+02
2.871299699948726243e+02
2.870834375108415202e+02
2.870192052973125669e+02
2.871301364352131600e+02
2.871012788374233651e+02
2.871784856646808635e+02
2.871668456338541660e+02
2.872652892826017705e+02
2.873275432061518018e+02
