2.857173644217239143e+02
2.856481837191082604e+02
2.856128206252555515e+02
2.858710298698204610e+02
2.859144233798265873e+02
2.857207909684643141e+02
2.857212876437704381e+02
2.857189707258386875e+02
2.855857575239377297e+02
2.856432585925863918e+02
2.856620428162287340e+02
2.855782293902519200e+02
2.855241966501211550e+02
2.855250869025859970e+02
2.855810660092792546e+02
2.856299665370635239e+02
2.857019177132410732e+02
2.857430854039097881e+02
2.854896663912186909e+02
2.856348146811342872e+02
2.855791564423855107e+02
2.856028608133937610e+02
2.855794896980933117e+02
2.856173713037118773e+02
2.856012032034844310e+02
2.856522040829938192e+02
2.856243354392148035e+02
2.855437144838204517e+02
2.854678149800419646e+02
2.855460847827586690e+02
2.856816666944008034e+02
2.855534012724983768e+02
2.854465204413978654e+02
2.854757861298787702e+02
2.853475842898440646e+02
2.854573836398560047e+02
2.853858124956673237e+02
2.854728357049870624e+02
2.854355243549158558e+02
2.854864316985045321e+02
2.855318714204504431e+02
2.854790819694042625e+02
2.854474468194279666e+02
2.855703558939320033e+02
2.856231028075314384e+02
2.856349798359887586e+02
2.856712764804522067e+02
2.855976193175597473e+02
2.856281984243095735e+02
2.856116574477322843e+02
2.855993967056204497e+02
2.856129849458357057e+02
2.855807638224544576e+02
2.854807548625699951e+02
2.854452144438018308e+02
2.854530388204035489e+02
2.855139678069582487e+02
2.855314161308648977e+02
2.853845942187516584e+02
2.854134296233548298e+02
2.854964786443414937e+02
2.855719457790608544e+02
2.855259594149140412e+02
2.856329234270970119e+02
2.855466331486014724e+02
2.856866637937391715e+02
2.855967290920021355e+02
2.854847321585327791e+02
2.856102920128382152e+02
2.855835533731049622e+02
2.854030228298924499e+02
2.856580597184008070e+02
2.858836969956693679e+02
2.855226144481572987e+02
2.855581583973641386e+02
2.855626595639799348e+02
2.855790081111483119e+02
2.855706083006123777e+02
2.855933107704263421e+02
2.855031762020420842e+02
2.855734819064784347e+02
2.856000013248801110e+02
2.855895630097138564e+02
2.857255712885095704e+02
2.859499191762955661e+02
2.859240207608002606e+02
2.857571865384458647e+02
2.856203279500182930e+02
2.858021906207592338e+02
2.858867447525423700e+02
2.858512448839587137e+02
2.857599350566813996e+02
2.857452752382744166e+02
2.857640157838381469e+02
2.856647865241492354e+02
2.856576909988698958e+02
2.857482755730057420e+02
2.856984988001357237e+02
2.856901933023737570e+02
2.856880385305544223e+02
2.857236211495818452e+02
2.857618072696994318e+02
2.856655762460024448e+02
2.856709269936897613e+02
2.857457000927500985e+02
2.857408012377441651e+02
2.858945063264906707e+02
2.859642685709069951e+02
2.858760516786068706e+02
2.857769494527794905e+02
2.858410773223837964e+02
2.857409675793938391e+02
2.857919027035947579e+02
2.856710238307011309e+02
2.856732671066650369e+02
2.856380727608932375e+02
2.856093575733173680e+02
2.855716034915536170e+02
2.858018599238741331e+02
2.856989550917049314e+02
2.857358030423219475e+02
2.858054788222557931e+02
2.858548615884178048e+02
2.857082820547264532e+02
2.857512872320879751e+02
2.857943686728154944e+02
2.857293701753423534e+02
2.858167428456329731e+02
2.858540155208603437e+02
2.857430349958501097e+02
2.858759283492234431e+02
2.857999603847020467e+02
2.858937951839007496e+02
2.860014379177086994e+02
2.860420678370373935e+02
2.860374354031690132e+02
2.860719550953406838e+02
2.861177567618932471e+02
2.861197248002716265e+02
2.861092565554073985e+02
2.862353893322012368e+02
2.861347713280140397e+02
2.860214234501001442e+02
2.861006881077453841e+02
2.861088478052470236e+02
2.861125797861503770e+02
2.861323376697947083e+02
2.862994181529947468e+02
2.862338279760474506e+02
2.863123388521439665e+02
2.863258905790738140e+02
2.863012292150531835e+02
2.864037546907038632e+02
2.863844722730531771e+02
2.862470102293640934e+02
2.863659347692202459e+02
2.863767314431611908e+02
2.864910831476221915e+02
2.862575560819271345e+02
2.863305571535265130e+02
2.862552827683036298e+02
2.863966572969496838e+02
2.865091849079945518e+02
2.866074280705472006e+02
2.864977014029335010e+02
