2.866636895887468768e+02
2.868303087546371444e+02
2.868611236843954089e+02
2.866875426130160918e+02
2.866275420028275107e+02
2.866246478962233368e+02
2.866116897346140036e+02
2.866183869337939996e+02
2.865231261482346667e+02
2.865997947899236351e+02
2.866107823819291411e+02
2.864694392313014646e+02
2.863690621804074112e+02
2.864323414488422941e+02
2.863862755343930644e+02
2.864964237170379988e+02
2.865806325865694362e+02
2.865925813645903304e+02
2.865175989409593171e+02
2.863667438323437295e+02
2.863919052847787157e+02
2.864357808933401657e+02
2.867219490177096759e+02
2.867166460685845664e+02
2.865607071409222613e+02
2.865492179753453570e+02
2.866208116550212708e+02
2.866537522451009750e+02
2.867231229536623118e+02
2.868167768620518814e+02
2.868393082858909224e+02
2.867694205872653015e+02
2.868089390762850144e+02
2.869215086892677959e+02
2.863980401205147359e+02
2.864052073270311780e+02
2.865242088678747336e+02
2.865735987142658701e+02
2.864912169356336449e+02
2.865106246824427103e+02
2.865052112581333859e+02
2.862748348829272231e+02
2.864563427812678924e+02
2.864716243024683422e+02
2.866854693751156447e+02
2.867740926418146046e+02
2.868378235562719851e+02
2.868533390352541801e+02
2.865914872804764286e+02
2.867487191171033487e+02
2.868086137294793616e+02
2.868775791777550808e+02
2.869963701952999031e+02
2.866635104977331707e+02
2.865958325242503406e+02
2.866185481632460892e+02
2.868780894254661575e+02
2.867921635127403874e+02
2.868819499654502465e+02
2.868921877351788794e+02
2.869633212114407570e+02
2.869191322134805660e+02
2.868547631272457465e+02
2.867839252693170806e+02
2.868584922466297371e+02
2.868084002528263454e+02
2.868395444338909215e+02
2.869322990665179418e+02
2.868085820721439063e+02
2.869160939484990536e+02
2.869761647349226337e+02
2.869281805353510322e+02
2.870953556281182841e+02
2.871838817606376324e+02
2.870562900305768039e+02
2.869845579693285345e+02
2.870023482145739422e+02
2.871778835721788141e+02
2.872907162682456033e+02
2.871244337160706550e+02
2.869710243021919496e+02
2.871382879896592044e+02
2.871132874893789335e+02
2.871975811351701964e+02
2.873060647188077041e+02
2.869514346526030408e+02
2.871467715996372476e+02
2.873432596637210850e+02
2.871783575745237727e+02
2.871030361084075935e+02
2.872056397121046416e+02
2.869941899862448054e+02
2.872282751163037915e+02
2.871419322437151891e+02
2.872040168014207211e+02
2.873951896966906929e+02
2.873819634815349104e+02
2.873734204229717193e+02
2.873732504857385948e+02
2.873860718243254837e+02
2.872410980247423709e+02
2.873828792740235372e+02
2.874235706615361892e+02
2.872604195966181919e+02
2.871343969827233877e+02
2.872241912928095076e+02
2.873032018632461018e+02
2.874308884857553039e+02
2.874367529124254474e+02
2.873933603408023032e+02
2.873942446140529796e+02
2.874366293378997739e+02
2.873808161932979033e+02
2.872115452063370071e+02
2.871410051571841109e+02
2.869922920642895861e+02
2.871144749977717652e+02
2.872656958042288124e+02
2.872863723942862180e+02
2.872456313639222572e+02
2.873488822535192639e+02
2.874859602648633654e+02
2.875207107509790490e+02
2.875166438893579084e+02
2.875608652185240430e+02
2.873051543244339427e+02
2.873061514416439763e+02
2.874030765833750252e+02
2.876018663667779833e+02
2.876159052017759450e+02
2.875335845576545921e+02
2.875749919687551142e+02
2.876061181182645896e+02
2.875989664070626191e+02
2.875516029954087571e+02
2.876178015914383650e+02
2.876438858498039508e+02
2.876117785787257048e+02
2.875503116703466162e+02
2.877180966752483187e+02
2.878239333093508208e+02
2.877640787314938393e+02
2.874561836324236310e+02
2.873800864952755205e+02
2.874661631542518876e+02
2.877011089086882976e+02
2.878110780781408948e+02
2.878780491044215069e+02
2.878325372113926619e+02
2.876893136205200108e+02
2.877708563338987346e+02
2.878691141569158276e+02
2.880734858206257627e+02
2.881445617560330561e+02
2.881321563792996585e+02
2.882179033830227013e+02
2.881633438477403502e+02
2.880284482795723875e+02
2.881172772891115983e+02
2.881114372935890628e+02
2.882237830169863173e+02
2.882224653147895879e+02
2.882221702986071818e+02
2.881663712038125595e+02
2.882009697233976908e+02
