2.870225643838050473e+02
2.872119508451039565e+02
2.871230016249130017e+02
2.871353209734012921e+02
2.871987775569500059e+02
2.873034835086880889e+02
2.871153931621404922e+02
2.872056882918874976e+02
2.873301013619092146e+02
2.872808138198267898e+02
2.873005328020628326e+02
2.873221183434076806e+02
2.870860579299554161e+02
2.871748439554584138e+02
2.872676239326954715e+02
2.870708373603235941e+02
2.870612705612525701e+02
2.871690336785739532e+02
2.872015733189153934e+02
2.872931494721478884e+02
2.872597453022142986e+02
2.871775988293274509e+02
2.871679161015707678e+02
2.871658729730663140e+02
2.873131780036435998e+02
2.873584380925576625e+02
2.872043496582613784e+02
2.873106301609008710e+02
2.871392295928397402e+02
2.870199876361381257e+02
2.872058746987948439e+02
2.873478956107806539e+02
2.871714192985197087e+02
2.870579938955487478e+02
2.868753307497437959e+02
2.871104536435404384e+02
2.868480978620731889e+02
2.868593971116214902e+02
2.869609473810533018e+02
2.872105165323575875e+02
2.872279204887979063e+02
2.870594440055867835e+02
2.870573859179797296e+02
2.871474703263544939e+02
2.870452655025829358e+02
2.870302717049441981e+02
2.870050198597303392e+02
2.870638095276626132e+02
2.871195812997597727e+02
2.870890168479372164e+02
2.869918860603018516e+02
2.870273468390565199e+02
2.870933632311810584e+02
2.868956171287667871e+02
2.870012709656028846e+02
2.870990672479131831e+02
2.870137413027309208e+02
2.870933604841915781e+02
2.872271960343965134e+02
2.872375150736415321e+02
2.870021186220596405e+02
2.870230696228407510e+02
2.870780987067697083e+02
2.871109788891196217e+02
2.870757436610881541e+02
2.868901121380893642e+02
2.870070797753628540e+02
2.871328862854680324e+02
2.872763479183390132e+02
2.872532888615854745e+02
2.871465950389317072e+02
2.873160989680840203e+02
2.873147072457895206e+02
2.870990990899728104e+02
2.871967961351658118e+02
2.873736242912980288e+02
2.872940833886972882e+02
2.873221446274055779e+02
2.874222647027730204e+02
2.872970884340149382e+02
2.872579112331470697e+02
2.872413431179932104e+02
2.873291604205983845e+02
2.871840844586041612e+02
2.872303607757800137e+02
2.871918811686480808e+02
2.873984848902017575e+02
2.873444556220204618e+02
2.873231989955884842e+02
2.873607948004328136e+02
2.871656084735025161e+02
2.871487290092605917e+02
2.872610642068740958e+02
2.873649028498394387e+02
2.873526573594574529e+02
2.872456835548097160e+02
2.873245223073471948e+02
2.873377779147710385e+02
2.872476570924184784e+02
2.873359318644976383e+02
2.871988707806584102e+02
2.872006877934240379e+02
2.872944125455052244e+02
2.873731941985218441e+02
2.871435852188064359e+02
2.872487300854243699e+02
2.873345675827470700e+02
2.873783972880714259e+02
2.873813977789135947e+02
2.875275814058723540e+02
2.874375635820294406e+02
2.873901321880422302e+02
2.873168215477218723e+02
2.870198313072805831e+02
2.870002917460674325e+02
2.871122840327377617e+02
2.870888495713155066e+02
2.871581777933084254e+02
2.871454967397434643e+02
2.871002745486827621e+02
2.871591417691913080e+02
2.872044514511523516e+02
2.871626692138565886e+02
2.871186040509599593e+02
2.871290729117429805e+02
2.871956790675549200e+02
2.871138153745836803e+02
2.871871541923622431e+02
2.870703182771457591e+02
2.871672111900723507e+02
2.873289461910146088e+02
2.872577211288452190e+02
2.871718117504493080e+02
2.871422551749766967e+02
2.872328988573742663e+02
2.871609553274207087e+02
2.871488072547571733e+02
2.873730254544642548e+02
2.871826114846876976e+02
2.872817102442233477e+02
2.875405948535888569e+02
2.874978241762501057e+02
2.872935453074801444e+02
2.874082727657259397e+02
2.874605187399729971e+02
2.874790759523549468e+02
2.876880972302311648e+02
2.876553108513501797e+02
2.876305625020535217e+02
2.876103694099297741e+02
2.875936350549292797e+02
2.876148517397314777e+02
2.879226877601063848e+02
2.879132255427656446e+02
2.878452649315157146e+02
2.879134419123560633e+02
2.879309596887118801e+02
2.877968492869068200e+02
2.879203317432468339e+02
2.879211709276860347e+02
2.879864654380721731e+02
2.880879217125831815e+02
2.880752852008585023e+02
2.882400718882529418e+02
2.882093844485242471e+02
