2.870171550688851312e+02
2.870351959619710556e+02
2.870824670267837178e+02
2.869822640091160224e+02
2.870819458156327073e+02
2.871786316805689125e+02
2.871241047151674479e+02
2.871425406796220727e+02
2.873475972305491268e+02
2.873069107383291225e+02
2.871175353029423150e+02
2.870181521773968711e+02
2.871905459243363907e+02
2.870908219979946239e+02
2.871576705268759611e+02
2.870040607617144701e+02
2.871743166929985023e+02
2.871103061853436884e+02
2.871240312075343013e+02
2.872468852325478679e+02
2.871406909997899106e+02
2.870121418499709876e+02
2.871883866280260236e+02
2.871453843183615504e+02
2.870932509555141223e+02
2.870898209217008343e+02
2.871324378468605687e+02
2.872406570407503636e+02
2.872384550244329944e+02
2.871055993600227225e+02
2.871448703323654286e+02
2.872472815102964887e+02
2.871973897903640704e+02
2.870453443435089298e+02
2.867455361170956962e+02
2.869401891943505234e+02
2.871388129902885566e+02
2.871949413505545294e+02
2.871890338284684390e+02
2.871674421573510472e+02
2.871664622342397024e+02
2.870164434652396608e+02
2.871084540682239208e+02
2.871447561204145700e+02
2.871466219001924856e+02
2.871478033997496482e+02
2.871871793311045735e+02
2.872082555386333524e+02
2.871623089927846308e+02
2.871516214228165609e+02
2.870839340928879437e+02
2.871804777212221325e+02
2.871197113056613830e+02
2.869476055404697377e+02
2.871777058034556376e+02
2.872059781040993016e+02
2.871655940250917070e+02
2.871031779683559648e+02
2.871598903414111987e+02
2.872054237260980472e+02
2.871955932788872019e+02
2.871035935351868602e+02
2.871015207972823191e+02
2.871087422481693352e+02
2.871101399502586560e+02
2.871685981617034145e+02
2.871772492526213796e+02
2.872317993824354971e+02
2.871902052185830030e+02
2.872136803779850425e+02
2.871235030542638356e+02
2.872582780930691229e+02
2.873733301156651123e+02
2.873727381119492179e+02
2.873343271964312180e+02
2.872171852789575723e+02
2.873635381495112711e+02
2.874153901112289873e+02
2.872256972561467023e+02
2.872245125728051107e+02
2.872240464154618280e+02
2.871704350821535741e+02
2.871736625115043466e+02
2.872342895972029169e+02
2.874401737503777667e+02
2.875340842070642680e+02
2.875178350419187154e+02
2.874829396636031902e+02
2.872984103123145019e+02
2.873159601571001645e+02
2.873880774998504535e+02
2.873754695011459148e+02
2.872458943087920602e+02
2.872139470677738586e+02
2.873461843499614474e+02
2.871979526156283669e+02
2.874540994700217880e+02
2.875114128750019518e+02
2.874198752606647531e+02
2.874579718118329765e+02
2.874736367623865476e+02
2.874979623195029603e+02
2.875256878276399561e+02
2.874431094875416193e+02
2.872557647870112305e+02
2.871988228022920566e+02
2.872431256724232185e+02
2.872647507659896746e+02
2.874168093377273863e+02
2.873227038080377156e+02
2.874000435649560927e+02
2.873768551475386062e+02
2.872541441533579700e+02
2.871381701303235445e+02
2.870910096896608934e+02
2.871866395004976198e+02
2.873414996676050919e+02
2.872894474190562732e+02
2.873856279085076153e+02
2.873955372869586995e+02
2.874118931956969050e+02
2.872939117396752522e+02
2.873022910287824629e+02
2.874463451181661071e+02
2.873434354861679481e+02
2.872260182694471951e+02
2.872541689342108953e+02
2.874437919566160531e+02
2.874463981942334385e+02
2.873602764533675327e+02
2.875165145458598772e+02
2.875528925656143997e+02
2.874139372031829112e+02
2.873488097332260054e+02
2.874808014550380904e+02
2.875340096842299431e+02
2.875500347915131556e+02
2.875874638651171722e+02
2.878388546456030781e+02
2.877867921374451612e+02
2.878555579441947998e+02
2.877803178735292136e+02
2.875076261215497198e+02
2.875484102918179019e+02
2.875886202855861598e+02
2.877466002332711810e+02
2.878823325826215864e+02
2.880391572422252580e+02
2.880455614266339239e+02
2.878954171874620442e+02
2.879830643554879543e+02
2.880781233388353826e+02
2.880453791354256055e+02
2.880342130813525614e+02
2.880956160197447957e+02
2.880593848038376450e+02
2.879364015091890110e+02
2.880293140618637722e+02
2.881158138211188202e+02
2.881658114614577357e+02
2.881922677303605269e+02
2.881790534969314876e+02
2.881855551313847172e+02
2.882210822019043235e+02
2.882970177958436580e+02
