2.871879568818432062e+02
2.871547815273759170e+02
2.871313817966845932e+02
2.871841738746100532e+02
2.870950126377014726e+02
2.872498005020541996e+02
2.872154835391334018e+02
2.870459975078011894e+02
2.871256839595766337e+02
2.871222307805225569e+02
2.871550021800074433e+02
2.869827068914777328e+02
2.869820183866184493e+02
2.869150869877005903e+02
2.869795644947744790e+02
2.870283164527843951e+02
2.867548342470152534e+02
2.867380162927998981e+02
2.867781665721008153e+02
2.867191221932210397e+02
2.868875496980688808e+02
2.870594795042348437e+02
2.869009127040263252e+02
2.869085369539548651e+02
2.869319338448377152e+02
2.866357917157295674e+02
2.866858533303209811e+02
2.867600164049453610e+02
2.869089612837571508e+02
2.867184426508100046e+02
2.867572719876562815e+02
2.867077501873248480e+02
2.866322365454917076e+02
2.867219025667978940e+02
2.862664761130043871e+02
2.862599124788056884e+02
2.863558704906252501e+02
2.863530987985183742e+02
2.867437791613691616e+02
2.867644148817510654e+02
2.866848927618672747e+02
2.867049871447301257e+02
2.868094092113726674e+02
2.864804299363871678e+02
2.865846200905465935e+02
2.868315466585233366e+02
2.867721058196642048e+02
2.868048560820554371e+02
2.868297737197283368e+02
2.868823841149691134e+02
2.868709280073117611e+02
2.866864826932886103e+02
2.865145176685755359e+02
2.863862589822627456e+02
2.865661818217761834e+02
2.867103433749476835e+02
2.868141905986455527e+02
2.867167441632504392e+02
2.867874811942230622e+02
2.868200662258195166e+02
2.868181929173895242e+02
2.869639344155916092e+02
2.869473615561453812e+02
2.868143413577988099e+02
2.868379831451728705e+02
2.868978162584616598e+02
2.871162241517871507e+02
2.869719353318354820e+02
2.869449262440499524e+02
2.868602059276184377e+02
2.870329961867016095e+02
2.872078143434071080e+02
2.870088407451918897e+02
2.868838087321261696e+02
2.870217298859551533e+02
2.870059321430274508e+02
2.869353298602981113e+02
2.869366443586291098e+02
2.869851709517958511e+02
2.869636829236080757e+02
2.870985803653894664e+02
2.872748229234185260e+02
2.871387387276504910e+02
2.870872311049019459e+02
2.871241008543882458e+02
2.871849109518901173e+02
2.870944746284250755e+02
2.871366504391048124e+02
2.871413837825672886e+02
2.871570763869136726e+02
2.872088659175426528e+02
2.870914140312701761e+02
2.872004365553931393e+02
2.872835792170153582e+02
2.872236578196637424e+02
2.874336312436833509e+02
2.874504204622609222e+02
2.872111238993681468e+02
2.873525942905660031e+02
2.873599711347433754e+02
2.874988894951622456e+02
2.874815080402296417e+02
2.875435833491132485e+02
2.875734436141509036e+02
2.875793026661535805e+02
2.874604127367884416e+02
2.875374039365291878e+02
2.877043151924798963e+02
2.877500027654762675e+02
2.875799456320069112e+02
2.877146680342017362e+02
2.877212889219443355e+02
2.876660703376119272e+02
2.873930396856905531e+02
2.874020841675637712e+02
2.874620066698984715e+02
2.876048521385423555e+02
2.876161894375379688e+02
2.876364440701890430e+02
2.875051753076763248e+02
2.876779907195683563e+02
2.874527402523236219e+02
2.876170099065549834e+02
2.878919679399269285e+02
2.877273708795465268e+02
2.878583137996328105e+02
2.878206071736963736e+02
2.876264465216847839e+02
2.876762605573986207e+02
2.878030944777679565e+02
2.877183351457042022e+02
2.878341916612363889e+02
2.879343922970185190e+02
2.875097795509523735e+02
2.875780651994041364e+02
2.876963749786078779e+02
2.878999720307201073e+02
2.879548872064718807e+02
2.879958961653406391e+02
2.879493531335896819e+02
2.879242550727269645e+02
2.881114308768351862e+02
2.878053296856124916e+02
2.876146382306034752e+02
2.877869670077778324e+02
2.879288401268898383e+02
2.878429630490558679e+02
2.880468881335767151e+02
2.880580355968536423e+02
2.879800588677789506e+02
2.880307918211869946e+02
2.880902141432550820e+02
2.880285681491288869e+02
2.882743533000416392e+02
2.883596544724677528e+02
2.883284663163033770e+02
2.881942420898419073e+02
2.882139699966136277e+02
2.884540650920939129e+02
2.882371452957107181e+02
2.883698952395652100e+02
2.883272228156875485e+02
2.885032037498294244e+02
2.883918995636121281e+02
2.884416158948973816e+02
