2.875392897515881145e+02
2.876648098011404500e+02
2.877084940397213018e+02
2.873843040875494239e+02
2.873716271626549315e+02
2.874392487360315158e+02
2.874724656924720421e+02
2.874772628572329154e+02
2.875807777071852911e+02
2.874414143163072026e+02
2.875072725069572357e+02
2.876134836786688425e+02
2.874182091490719699e+02
2.873709456304198397e+02
2.873156394439689052e+02
2.873778330345937775e+02
2.873750965517086797e+02
2.876405487717760820e+02
2.875903762686834853e+02
2.874702737942757835e+02
2.874964756690508239e+02
2.875786629495121929e+02
2.875310854620441319e+02
2.874274042286483564e+02
2.875595372930986287e+02
2.874864472730629927e+02
2.874798283274654409e+02
2.875798592297915093e+02
2.875207508300243830e+02
2.874758481466971602e+02
2.873968371811288876e+02
2.873944212016313600e+02
2.873854227082325110e+02
2.872501516912995498e+02
2.872346217412143119e+02
2.873285257047100458e+02
2.872121788033859957e+02
2.872177801379266384e+02
2.873746466980898049e+02
2.874783323556704886e+02
2.874017269228062901e+02
2.873743569545554806e+02
2.874623389886311884e+02
2.874895832440843151e+02
2.876041901258388975e+02
2.877079388719425310e+02
2.876302279089867966e+02
2.876138951881947037e+02
2.876103863564728158e+02
2.877117816211752483e+02
2.877700537722434433e+02
2.874940898939047997e+02
2.875604874417190899e+02
2.874676914797803988e+02
2.875956613124918135e+02
2.877683589958591597e+02
2.876309033284775865e+02
2.875351154091318904e+02
2.874182485320279170e+02
2.875618193878607940e+02
2.875152563008200559e+02
2.874750609918929740e+02
2.874927258080521710e+02
2.873226885023539694e+02
2.873038468252696020e+02
2.873502606700122328e+02
2.874427026326236501e+02
2.875645668370542580e+02
2.875537609225738720e+02
2.875360091023619020e+02
2.874826727582803301e+02
2.876374401845144462e+02
2.878474666559106367e+02
2.875424640749158129e+02
2.875819158160874736e+02
2.877859204412214353e+02
2.878022019004304752e+02
2.876622852836866286e+02
2.875980308925736608e+02
2.875804980898137728e+02
2.875381711606107729e+02
2.877262158470226154e+02
2.878054377995089794e+02
2.877163403765466114e+02
2.877586048058741994e+02
2.877967985184479858e+02
2.878402440376967206e+02
2.877825608388603200e+02
2.876980874791059932e+02
2.877647027903610137e+02
2.878004161265711218e+02
2.878048150136206118e+02
2.878055526805506474e+02
2.877782633743177030e+02
2.877649704690723524e+02
2.877343875690161781e+02
2.877294505309156989e+02
2.877005613227566414e+02
2.877289185490196246e+02
2.877832873849095563e+02
2.877766778192676611e+02
2.878863489896531860e+02
2.880002141518728536e+02
2.879299008206309622e+02
2.877629446194749221e+02
2.876500367482606748e+02
2.877293383732975371e+02
2.879763871511491402e+02
2.877815507378088000e+02
2.875688903032378789e+02
2.876409413913133335e+02
2.877950287654675208e+02
2.878184072121443933e+02
2.877328106367538112e+02
2.874373601711200195e+02
2.875224561734358417e+02
2.876963715384018201e+02
2.876945235374888625e+02
2.876397165249460386e+02
2.877061871492330170e+02
2.878090111638816211e+02
2.876810909542530794e+02
2.876852272089057578e+02
2.878078753148346891e+02
2.879041721336660089e+02
2.878001181476731176e+02
2.877659307648353320e+02
2.878072129677022417e+02
2.878007806355513480e+02
2.879407673492332265e+02
2.880227081594234733e+02
2.879889014338206152e+02
2.879305411927997511e+02
2.879463788055373357e+02
2.880869009337631041e+02
2.879733460823524638e+02
2.879714817686389665e+02
2.879965508420671654e+02
2.881495842516406469e+02
2.882011169873354675e+02
2.882237078511315644e+02
2.881870223768412416e+02
2.879257155127517080e+02
2.879879600585827575e+02
2.882037313316928362e+02
2.883671638069060918e+02
2.882460244006968537e+02
2.882862214372565290e+02
2.884477989748856999e+02
2.884531018781405010e+02
2.885307789160597167e+02
2.884918600566641658e+02
2.885071128743670670e+02
2.884543513792476119e+02
2.885085965825387007e+02
2.885542550151646424e+02
2.886207900438717502e+02
2.885574038161626618e+02
2.887349469625683014e+02
2.889104356561479676e+02
2.888677601556509558e+02
2.886546399088155681e+02
2.886654997061312997e+02
2.887240596324185162e+02
2.888041291918326010e+02
