2.866341302426442326e+02
2.864619322409763527e+02
2.865543186880495909e+02
2.866199235292892809e+02
2.867186262581206506e+02
2.866971294422224332e+02
2.865528735345631617e+02
2.865215700872986986e+02
2.866001996049583909e+02
2.866629043476552852e+02
2.865690428043926090e+02
2.865658982376091330e+02
2.865118040358748317e+02
2.865450038670643949e+02
2.867051919208290087e+02
2.867256244813157195e+02
2.866064185272324494e+02
2.865364454436013943e+02
2.865982412328589248e+02
2.864222808845111103e+02
2.863758445767518310e+02
2.862657247939034164e+02
2.863460409180806323e+02
2.863840143494552422e+02
2.864634760517021164e+02
2.864136138785416392e+02
2.863199898605213889e+02
2.862271616956250000e+02
2.861674079853977446e+02
2.863272873446739482e+02
2.864012266017236357e+02
2.864612168046800775e+02
2.864182851027417769e+02
2.863101908872218928e+02
2.860251915948720693e+02
2.861172282560176541e+02
2.862115713362122165e+02
2.861510644110907720e+02
2.863401785187979840e+02
2.863091158327616199e+02
2.862149074907575255e+02
2.862406394008873463e+02
2.864737291132720998e+02
2.864732393863077391e+02
2.865382167064314558e+02
2.864541190761204916e+02
2.863640913595409074e+02
2.865623756666536224e+02
2.864880047442254067e+02
2.864373682139701032e+02
2.865438865899752159e+02
2.865317012926925031e+02
2.864182856965766746e+02
2.863500956069954100e+02
2.864845804087697161e+02
2.864531686327470652e+02
2.866273843114395277e+02
2.865883496083859541e+02
2.866690403667611804e+02
2.863826701485558601e+02
2.864331776954284123e+02
2.865325980407672546e+02
2.865736222352375648e+02
2.866331719185091629e+02
2.865414924341858409e+02
2.865541651998590851e+02
2.865926979525853540e+02
2.863576561354694263e+02
2.865506501629317881e+02
2.865593557762512091e+02
2.865034028437623874e+02
2.866972261995612712e+02
2.864546149037698228e+02
2.865153960869649268e+02
2.864741419221415413e+02
2.865394516252132462e+02
2.865252145420176362e+02
2.864682872195832033e+02
2.865006019534155826e+02
2.863256904908715228e+02
2.862773606096291132e+02
2.863625308933599740e+02
2.863477731651968838e+02
2.864250481375465256e+02
2.865170560131136313e+02
2.863935732734341855e+02
2.864305741208867744e+02
2.864852368898872896e+02
2.863257991701703986e+02
2.864402812341062372e+02
2.865094520162764979e+02
2.865794805332487272e+02
2.864662095339600683e+02
2.862647450722305393e+02
2.864420174200607221e+02
2.865714525645244066e+02
2.865985966357723669e+02
2.865055054632271663e+02
2.865183185622430528e+02
2.863855851952117746e+02
2.864759191285693305e+02
2.863581155602240074e+02
2.864942350525315646e+02
2.865177868367164820e+02
2.866118150143010439e+02
2.864345965840532244e+02
2.864709491827192664e+02
2.866224136911035316e+02
2.865630062500200665e+02
2.865130824038231481e+02
2.864970184843903667e+02
2.864730147468586097e+02
2.862753433987944049e+02
2.862996012775645909e+02
2.863374363089029089e+02
2.862547981674184143e+02
2.863264411355821721e+02
2.863266872560548677e+02
2.861771358013902500e+02
2.861826514277365163e+02
2.862405415157383572e+02
2.864055039446094497e+02
2.866288312237149398e+02
2.865124525311042021e+02
2.864131645360761240e+02
2.862873681368940311e+02
2.862884889242536133e+02
2.862943393559360175e+02
2.864326157562036883e+02
2.864960280174380500e+02
2.865190052973393335e+02
2.864639149890946896e+02
2.865925231031257567e+02
2.864005098047351225e+02
2.864190181722040052e+02
2.864220975209879612e+02
2.863928969268193327e+02
2.865173126819870504e+02
2.866490743140970494e+02
2.867512168330933378e+02
2.867328176793196235e+02
2.867121931576220391e+02
2.865681910290412020e+02
2.866798758880481728e+02
2.867498479957477002e+02
2.868058943263562242e+02
2.868983606442112091e+02
2.868344026207195725e+02
2.869766465503785184e+02
2.870804088851521101e+02
2.871563251227912588e+02
2.870202195902612061e+02
2.872629160320854567e+02
2.873496489292019191e+02
2.873042693709140849e+02
2.872791831060119989e+02
2.872588360799701377e+02
2.872767269049088554e+02
2.874368995554371509e+02
2.875076505266882236e+02
2.875238393610935645e+02
2.875414523248086311e+02
2.874839313081628234e+02
2.876037098241552030e+02
2.877326310864615948e+02
