2.861806196682520635e+02
2.862427554522390096e+02
2.862194997235245069e+02
2.862389633508952898e+02
2.862340662198903374e+02
2.861864481688779165e+02
2.862372941210996942e+02
2.861293758013758293e+02
2.860914924711968865e+02
2.862374937055888040e+02
2.861602105511518630e+02
2.862667879642092430e+02
2.861864824901548445e+02
2.862427215686823274e+02
2.862719770847061227e+02
2.862218978426177500e+02
2.862118788042340043e+02
2.862432122073478240e+02
2.861964196532132974e+02
2.862475344030611382e+02
2.863118836254078587e+02
2.864200259661797077e+02
2.863686539856267359e+02
2.862944525084548673e+02
2.862268949394238575e+02
2.862555799144802791e+02
2.862990353185470553e+02
2.863511026752630073e+02
2.863493660801454439e+02
2.862396593031659791e+02
2.862017278244900922e+02
2.862229868570187250e+02
2.862485023728127658e+02
2.862455640220904343e+02
2.859893394615302782e+02
2.859931485155595396e+02
2.861373506493121681e+02
2.860807525482267124e+02
2.862200651533888731e+02
2.862844275951356394e+02
2.861255795186865498e+02
2.861530200277999825e+02
2.862951622778836054e+02
2.863631518188699374e+02
2.863983661657105131e+02
2.863443855878074942e+02
2.863796429145879188e+02
2.863464259940416241e+02
2.863062149193917207e+02
2.863706561315680688e+02
2.863656711657502001e+02
2.862959979475772343e+02
2.863223162671911837e+02
2.862058789663655602e+02
2.861598957732884969e+02
2.863455809008585220e+02
2.864152449726215082e+02
2.863951735614554650e+02
2.863207537261934590e+02
2.863533724268900187e+02
2.863404689827304992e+02
2.863639092804578468e+02
2.862902733935856645e+02
2.861580490608050695e+02
2.862272293250904340e+02
2.862562578805072917e+02
2.863549149268652059e+02
2.863600911903855035e+02
2.863072842730661023e+02
2.863509343495288135e+02
2.863230806959313099e+02
2.863435717172030195e+02
2.863737811793926085e+02
2.863099047848405121e+02
2.863234513648056350e+02
2.862951130660958938e+02
2.863064693271717260e+02
2.864385411009333779e+02
2.864961620076559257e+02
2.864492180239185473e+02
2.863444095381057082e+02
2.863043707629424262e+02
2.865329036934952001e+02
2.864466342310359437e+02
2.864804615978441689e+02
2.863598547965933108e+02
2.864422082595815482e+02
2.864014206002877927e+02
2.864993079379379992e+02
2.864818189503674262e+02
2.864236416603303610e+02
2.864973096553686105e+02
2.865707434954504720e+02
2.865022167665387656e+02
2.865456101767600217e+02
2.866155533248710867e+02
2.866317725817024780e+02
2.866005015519654648e+02
2.866295474075685092e+02
2.866509116607887222e+02
2.867430339954248097e+02
2.866333776912572944e+02
2.865631394198080102e+02
2.866554614480867826e+02
2.865176046678502075e+02
2.865980480740074086e+02
2.866198040585894091e+02
2.867177274250762480e+02
2.866492270729755774e+02
2.866512912650463818e+02
2.866819408393222375e+02
2.867154498044307616e+02
2.865542294949092934e+02
2.864689076655236590e+02
2.864278796631344903e+02
2.864837280031643445e+02
2.865511363932100153e+02
2.864838230043247336e+02
2.865510290936318256e+02
2.864827058119146272e+02
2.865442748456965205e+02
2.865655346762823683e+02
2.864749133253772584e+02
2.865865525794773703e+02
2.866416093946510273e+02
2.866321587203573813e+02
2.866813154737337186e+02
2.866226660357293099e+02
2.867104201267899839e+02
2.867320994239308902e+02
2.867404738742231416e+02
2.866277618333101600e+02
2.866315185912715719e+02
2.862777240615211554e+02
2.863553510225434025e+02
2.865859861348141635e+02
2.866461336026256959e+02
2.867122751557377001e+02
2.867816087704117649e+02
2.868305983996395412e+02
2.867868025572090005e+02
2.868563266732725765e+02
2.864616986524318349e+02
2.864189829757730763e+02
2.866155551323674899e+02
2.866933199597929161e+02
2.867892459160596559e+02
2.867557798996479619e+02
2.868207694285883349e+02
2.868180401519074962e+02
2.868739449512655710e+02
2.870003845994258995e+02
2.870283348015213392e+02
2.870106301629097629e+02
2.870746867209863353e+02
2.871240604907656575e+02
2.871427526580218341e+02
2.871303083904485334e+02
2.869440839724475154e+02
2.871044120345922579e+02
2.871104722210823752e+02
2.871369625496466256e+02
2.872109633268615312e+02
2.871760079900793698e+02
2.871966881167371071e+02
