2.873089430856589388e+02
2.870363682850549480e+02
2.871663789500480561e+02
2.875539500680041556e+02
2.875332588432779630e+02
2.871113384687822077e+02
2.871263899508191457e+02
2.874676197461785705e+02
2.875632023950534517e+02
2.871806573037308112e+02
2.870517287659261569e+02
2.872765836742848933e+02
2.873206581907801933e+02
2.871248803670307552e+02
2.871328227757988998e+02
2.874066394630996797e+02
2.872395089535440889e+02
2.869862308110353979e+02
2.871332074350020207e+02
2.875012494708966528e+02
2.874197205650747833e+02
2.871119918194415845e+02
2.873059724407722229e+02
2.874608518630579397e+02
2.871662589693038967e+02
2.870488350035996632e+02
2.872178833313396353e+02
2.874152504698831194e+02
2.874166693915342989e+02
2.871989019571328186e+02
2.870317243984163724e+02
2.870808190716167587e+02
2.873689799212677940e+02
2.874931670916499229e+02
2.869677344915241406e+02
2.868419036985050639e+02
2.871050000903584873e+02
2.872526262654308198e+02
2.874327679242576892e+02
2.873250447127425673e+02
2.871202486564826017e+02
2.871363101871791628e+02
2.872092692760488717e+02
2.875542240961652851e+02
2.876112507630862751e+02
2.872709779871497062e+02
2.873020579437938409e+02
2.872387400996382780e+02
2.874731522362029068e+02
2.875075298845077327e+02
2.873857601360295462e+02
2.872718807509421026e+02
2.872360436551227849e+02
2.871316688609657035e+02
2.871956282259203022e+02
2.873787581124572625e+02
2.870948091607228321e+02
2.870306035742719928e+02
2.873174006299838652e+02
2.875669067491306805e+02
2.871850807527829375e+02
2.870351876281064847e+02
2.872012016253297020e+02
2.875646272047421803e+02
2.874614485404608786e+02
2.873344774501674692e+02
2.872261106293782404e+02
2.874336078113653343e+02
2.876202882966663879e+02
2.873795144120790042e+02
2.874083138118999727e+02
2.874205543364329287e+02
2.872578889128450896e+02
2.872236641977172553e+02
2.872358161092923297e+02
2.872194759508910238e+02
2.874016888712868081e+02
2.874294932836338035e+02
2.876360467217301107e+02
2.877054379719497774e+02
2.874097253039491306e+02
2.870857395343468283e+02
2.872104485135286609e+02
2.874157836572105111e+02
2.875775838424230528e+02
2.873810098492575094e+02
2.871895264044157443e+02
2.873306653752144939e+02
2.875659646707761681e+02
2.874589509225231154e+02
2.872969292430357768e+02
2.873060996684965858e+02
2.873778709145253742e+02
2.876105777033192794e+02
2.876897596676184889e+02
2.873983521260643670e+02
2.872743346962890314e+02
2.873148621787071875e+02
2.874860447236371215e+02
2.877215976051586495e+02
2.878148725388784328e+02
2.875897012499225980e+02
2.872616694232384020e+02
2.874328957484676152e+02
2.876507212258293293e+02
2.876708957556028849e+02
2.872795763842775614e+02
2.871944083574449564e+02
2.873754244298684739e+02
2.876916486983041636e+02
2.878291943266171984e+02
2.874469564705277094e+02
2.873274605426099129e+02
2.875247377032317786e+02
2.875485066993715577e+02
2.872055539687525538e+02
2.872240949563258710e+02
2.874370715139251047e+02
2.876924712368199835e+02
2.875410599330007244e+02
2.872988642624102908e+02
2.873897543463208422e+02
2.874963589102777064e+02
2.876742519246809593e+02
2.875988510592016496e+02
2.875417501597768819e+02
2.877254891317067518e+02
2.875082189483394473e+02
2.874332868266670857e+02
2.875023543331768110e+02
2.876651368459958462e+02
2.878576744715455220e+02
2.875280701691889931e+02
2.873363407012043922e+02
2.874044678498796088e+02
2.877739272702901303e+02
2.878899954143664672e+02
2.876514480043181834e+02
2.876560817462452064e+02
2.878155525951273717e+02
2.880499308511489289e+02
2.877784641017431682e+02
2.874319844002604896e+02
2.873886010023578592e+02
2.876325666277252253e+02
2.877685765550905330e+02
2.876002602873494425e+02
2.878023376800821893e+02
2.881070529955292727e+02
2.880288405639970506e+02
2.876867282339590588e+02
2.877009547764001240e+02
2.879509207603263690e+02
2.881772890429791119e+02
2.879145076400005792e+02
2.877208945269280207e+02
2.879296183563448039e+02
2.882724225659721355e+02
2.879783594194091734e+02
2.878998607817244988e+02
2.880881631699309651e+02
2.883852958579880692e+02
2.882872833944211948e+02
2.879507666923792613e+02
2.880017236600718320e+02
