2.873657336540472329e+02
2.871834913381754291e+02
2.869834629183380912e+02
2.871337713539809897e+02
2.873689809605764935e+02
2.873278427510955453e+02
2.871692478350909710e+02
2.871990810175665843e+02
2.873866437063874173e+02
2.875831826667354107e+02
2.873936694328688759e+02
2.870689335180695139e+02
2.872836706398898627e+02
2.875038873608738186e+02
2.874098420245314287e+02
2.872043857328476975e+02
2.871499022346358743e+02
2.873715474948868973e+02
2.873680780824049066e+02
2.872208754106055153e+02
2.872456935963015781e+02
2.875682919525469856e+02
2.874439713193383454e+02
2.873462671844650345e+02
2.874064393161792168e+02
2.874434137959403301e+02
2.874038577357493409e+02
2.875719838571351943e+02
2.875884029135795572e+02
2.873002437454520646e+02
2.871781623207980374e+02
2.871842355692169804e+02
2.874199015889944917e+02
2.874454973353023775e+02
2.869091820572677420e+02
2.868760935364056763e+02
2.872212741420684097e+02
2.872746045048037331e+02
2.873317137784079591e+02
2.875467063008914010e+02
2.873099121159630727e+02
2.869444501563667131e+02
2.870978812247425935e+02
2.875210039920411305e+02
2.875873784034403684e+02
2.873027594703436876e+02
2.873462409864704341e+02
2.876151898927437855e+02
2.876118856573492621e+02
2.874618764721391813e+02
2.872788408079811120e+02
2.871350368328292006e+02
2.872252718282711044e+02
2.873342038507668690e+02
2.874969165452563402e+02
2.872974936664856500e+02
2.871372170335108649e+02
2.873668014343438699e+02
2.875007776289950812e+02
2.874940478060778446e+02
2.874026052770094566e+02
2.874184434794192953e+02
2.873588263483815695e+02
2.872516548292483094e+02
2.870877929503406563e+02
2.871460159938149559e+02
2.873547011930024269e+02
2.875328123430319351e+02
2.874563106929878131e+02
2.873519113001891583e+02
2.875105518571151606e+02
2.877640407121389785e+02
2.876440003333347590e+02
2.874287448206068802e+02
2.872925050313389193e+02
2.873741738386642623e+02
2.873914162709561992e+02
2.876381162899749029e+02
2.877245613460726759e+02
2.873471973992554354e+02
2.872316271747579322e+02
2.873858957213998337e+02
2.874925919057566261e+02
2.876589424344082317e+02
2.873500136389691875e+02
2.872336641509414221e+02
2.872797265378807197e+02
2.875111336177719181e+02
2.876666053025414271e+02
2.875447440629014295e+02
2.872472873345026869e+02
2.873304706031619276e+02
2.876949515705378531e+02
2.877022054903160324e+02
2.874324106841229991e+02
2.872954695257535036e+02
2.873911525435374301e+02
2.877354239724616036e+02
2.877059573231297804e+02
2.874927068498690232e+02
2.873040851966066498e+02
2.875062050939519054e+02
2.878749194063958612e+02
2.878570745086256579e+02
2.874913323862897983e+02
2.873720792595535158e+02
2.874002885813570742e+02
2.876676551470885101e+02
2.877944633598428936e+02
2.874113756306023788e+02
2.873630941192972159e+02
2.875307176401557285e+02
2.876347927069070352e+02
2.877310462316879125e+02
2.871075385253249692e+02
2.870850676583904146e+02
2.872773525236647743e+02
2.875174373188511936e+02
2.876413039716340450e+02
2.872386275770481348e+02
2.874657672708165705e+02
2.876458395664236036e+02
2.877895767876100308e+02
2.874359620047738417e+02
2.873521254097989868e+02
2.874180809702693864e+02
2.875975660389574955e+02
2.875864026366962776e+02
2.873292530511332075e+02
2.873120351127947742e+02
2.876748280818584362e+02
2.878606975770431404e+02
2.873634437995613666e+02
2.873126951734179784e+02
2.874510797550710208e+02
2.877160683050391867e+02
2.875984852851108258e+02
2.875784082125916825e+02
2.878368158780234012e+02
2.880895773499048573e+02
2.878440704844909419e+02
2.875025932471271517e+02
2.872076018368439350e+02
2.874245603464260057e+02
2.877506459024195919e+02
2.876966913217079309e+02
2.879179158574988833e+02
2.880802318701073546e+02
2.878226790433238307e+02
2.875793314022149616e+02
2.877594573702293133e+02
2.880742872615648480e+02
2.881469111955282187e+02
2.881218678000352611e+02
2.881440955178637751e+02
2.878600635140259669e+02
2.879779893872062075e+02
2.881770142093365052e+02
2.882162296680675126e+02
2.880463717780446018e+02
2.876787013765067513e+02
2.878391457063872849e+02
2.881762566762811844e+02
2.882680143788357441e+02
2.880044073929356614e+02
