2.856099204986994096e+02
2.855849820364372249e+02
2.855505927908898229e+02
2.856904367646601486e+02
2.856495443447034290e+02
2.856926382398750661e+02
2.858388320981803190e+02
2.857015014187903148e+02
2.855722926964509156e+02
2.856847898988727934e+02
2.856549071373368065e+02
2.856257700933255137e+02
2.855042354209085147e+02
2.856149379859338637e+02
2.857004207444128383e+02
2.854898838970363499e+02
2.853941432038585617e+02
2.854934397554964107e+02
2.854866717918746986e+02
2.855787489995510100e+02
2.856668086018395911e+02
2.856222969917699288e+02
2.854818406418795576e+02
2.855683085583389129e+02
2.855293841797091545e+02
2.854619537879284508e+02
2.854507029274623733e+02
2.854703595995719638e+02
2.855243296950923764e+02
2.855848143269309389e+02
2.854863431027292791e+02
2.856142986596361766e+02
2.858375216298688883e+02
2.855424140977032721e+02
2.852431931330754082e+02
2.853369192369975167e+02
2.853833342927055128e+02
2.855265843297751189e+02
2.854531485101131807e+02
2.854571519384133467e+02
2.854881976614318546e+02
2.853766030144199135e+02
2.854124717412055361e+02
2.854548674892076292e+02
2.854556749545298544e+02
2.854899878595224436e+02
2.855414886039050089e+02
2.855673923646780281e+02
2.855132431540877178e+02
2.856314730521719412e+02
2.855929672866088254e+02
2.854345285993369430e+02
2.854990535703526007e+02
2.855868633572153499e+02
2.855017689035772719e+02
2.853906383840491685e+02
2.855926053849304367e+02
2.854766848327660114e+02
2.854347796487095934e+02
2.853043859702200393e+02
2.854447414831959691e+02
2.855725832184819524e+02
2.855444627981617032e+02
2.854337867782699618e+02
2.856181592465780454e+02
2.856045924713761792e+02
2.856584922771674542e+02
2.855011263339154652e+02
2.855485571342023832e+02
2.856446151848833779e+02
2.858095300925173774e+02
2.856805082536671421e+02
2.856831468373641769e+02
2.855699041629422368e+02
2.855955382040392010e+02
2.855442766554581340e+02
2.855826144181716586e+02
2.855586625789988489e+02
2.855158071840464231e+02
2.856435819504833376e+02
2.857654086203945099e+02
2.856765783451888296e+02
2.857277048083981867e+02
2.857764688186896365e+02
2.855341106321744178e+02
2.855908450912934882e+02
2.856348717575315845e+02
2.856518921243377349e+02
2.857417644966566854e+02
2.857414454068980376e+02
2.857960431338364060e+02
2.856613868599788475e+02
2.858699905264916197e+02
2.857197267313509315e+02
2.855530938813628268e+02
2.856771452568758036e+02
2.856218529841260079e+02
2.856640131932300051e+02
2.858532465071246520e+02
2.857281047780256813e+02
2.857049177109227571e+02
2.858356032161707958e+02
2.856813159949668375e+02
2.857760857628684903e+02
2.857247907006136529e+02
2.857150929932183203e+02
2.856433704168162535e+02
2.856076019591810677e+02
2.856967623994813721e+02
2.856688031575813511e+02
2.858915716481747609e+02
2.858655935549799665e+02
2.856997735251881636e+02
2.856461045714065108e+02
2.856625816271838971e+02
2.858181537059263633e+02
2.857280682622155723e+02
2.858153979755259115e+02
2.859336840364436512e+02
2.857022427702904679e+02
2.858583508317894939e+02
2.858225553448092455e+02
2.857609515892926879e+02
2.857435804611774870e+02
2.858119177547610548e+02
2.858312886771564649e+02
2.858502479340409650e+02
2.857879801759470411e+02
2.858954410586440531e+02
2.859943452268775559e+02
2.859681187061839864e+02
2.859508847988254274e+02
2.859827549268871962e+02
2.859647801469830597e+02
2.858735980327209063e+02
2.858517076041524092e+02
2.859657273442907126e+02
2.860379895530948602e+02
2.860613025813437957e+02
2.860801834159486248e+02
2.861056890759966791e+02
2.861077099752431536e+02
2.859803384689204222e+02
2.860497564197307270e+02
2.861006685656972195e+02
2.860534706141629613e+02
2.861279806372278927e+02
2.861422362071884322e+02
2.862171184197308094e+02
2.862043171455366064e+02
2.863216987343681126e+02
2.862303441442469989e+02
2.861287088092361728e+02
2.862754848894925885e+02
2.863011047043793837e+02
2.864156315807430815e+02
2.864181827268012057e+02
2.863174109832185650e+02
2.863784600189291041e+02
2.863511927833550885e+02
2.863573200450874197e+02
2.864048355438230260e+02
2.865562348768003176e+02
2.865937086905368574e+02
2.864984223158804184e+02
