2.870257671408969600e+02
2.869997918436723694e+02
2.869757148428879532e+02
2.871173371361998647e+02
2.871106152494012917e+02
2.870544845802067471e+02
2.871134427695446902e+02
2.870585768580221497e+02
2.868244201993808247e+02
2.869326586916317865e+02
2.868647096964138541e+02
2.868918423097514392e+02
2.868946885960406803e+02
2.869378497479088423e+02
2.869302905194670075e+02
2.869527005871408392e+02
2.869340966486174125e+02
2.869930187221341384e+02
2.869923849632697284e+02
2.869490724440053100e+02
2.868887003725590148e+02
2.870082277214623332e+02
2.869634230452711563e+02
2.870811102918068514e+02
2.869513921150081046e+02
2.868889750920122310e+02
2.870062544533896016e+02
2.870023736272531778e+02
2.870622571731295807e+02
2.870973992527346468e+02
2.870970959899831314e+02
2.870438380113844232e+02
2.870788402472656458e+02
2.870500189325137512e+02
2.867515742484830525e+02
2.870142471547701462e+02
2.871044354686131896e+02
2.871122756459548668e+02
2.872139405642473093e+02
2.872225453964526878e+02
2.873205509377340263e+02
2.872737925634251610e+02
2.872686880330342092e+02
2.871655205864828417e+02
2.871694402010786007e+02
2.873067637518487345e+02
2.873152784276462057e+02
2.872079115711925397e+02
2.873163559729251233e+02
2.873551631985444033e+02
2.870871510412865746e+02
2.870754578621613291e+02
2.870219108775214636e+02
2.869812812211367827e+02
2.868748106032555825e+02
2.870537415633106662e+02
2.872237921945368839e+02
2.871526423728192867e+02
2.873160249856250061e+02
2.872410935895493935e+02
2.872193833451845535e+02
2.872503358888615708e+02
2.870452927330763373e+02
2.870615073685691527e+02
2.872089593739727320e+02
2.870169175076575243e+02
2.871752175897166239e+02
2.873246784284975206e+02
2.872331954101084079e+02
2.870852712762520014e+02
2.871634448687928511e+02
2.873716450262792819e+02
2.872098647725151181e+02
2.873085194663707398e+02
2.873268342026771620e+02
2.872677310062396714e+02
2.874134944529797053e+02
2.873241476151743541e+02
2.871975736538507817e+02
2.872202877871087026e+02
2.873475028378471734e+02
2.871370619026566828e+02
2.870181225240675076e+02
2.870274160147668567e+02
2.871032459285418668e+02
2.871922770693001326e+02
2.872050934432521672e+02
2.873148875536928131e+02
2.872590054730263205e+02
2.872745022518365658e+02
2.873270054706895280e+02
2.873549423015999764e+02
2.873483114937575920e+02
2.873479370626725427e+02
2.872748558842462785e+02
2.873506299795703285e+02
2.874005251420026639e+02
2.874943603761443569e+02
2.873971629334494651e+02
2.874120813073114391e+02
2.874899297830141904e+02
2.874233414544264065e+02
2.873192713827228886e+02
2.871757140977414906e+02
2.872506228913776454e+02
2.872606629218407193e+02
2.872464537935535986e+02
2.874067878867686545e+02
2.874343574175410367e+02
2.874193134199968540e+02
2.874710647067681180e+02
2.873743272544175511e+02
2.874480911372130549e+02
2.873516538547800678e+02
2.873254909883102641e+02
2.872279359144333739e+02
2.871125355684278020e+02
2.873289693606755577e+02
2.873514600982711613e+02
2.872726908108574548e+02
2.873093623684906674e+02
2.873311960548903130e+02
2.873756012836582840e+02
2.872919874784018361e+02
2.873123413652510294e+02
2.873246112022668513e+02
2.872314729418450838e+02
2.873090447760314987e+02
2.873684048698476090e+02
2.872389774301307739e+02
2.872790448007075383e+02
2.875288044846523121e+02
2.875137908155565469e+02
2.875935641213571898e+02
2.876758450439192529e+02
2.874588011049495435e+02
2.875118849319881065e+02
2.877374874890431897e+02
2.876938180662045283e+02
2.877369729509774743e+02
2.877307409054433833e+02
2.877644707916633706e+02
2.874462673210978778e+02
2.875399035444870606e+02
2.876626668985582000e+02
2.879053109304456939e+02
2.877787758697391496e+02
2.876838959972721455e+02
2.878141089015786065e+02
2.879923340034571879e+02
2.880767492108283818e+02
2.880046083513329904e+02
2.879038595883984613e+02
2.878764886590851688e+02
2.878861555738917559e+02
2.880498864915589934e+02
2.880966046346808866e+02
2.879244577747387552e+02
2.879247225562746166e+02
2.881870559087239485e+02
2.880606881317359580e+02
2.879842656449199580e+02
2.880633945165599812e+02
2.882407966078471873e+02
2.885400690020968000e+02
