2.863713578026021764e+02
2.862927824934778869e+02
2.862232049224013508e+02
2.861167103700093435e+02
2.859545047428047155e+02
2.861631617655147579e+02
2.860802453597693784e+02
2.856797731806125853e+02
2.858154466038587884e+02
2.857691231917152095e+02
2.859010776108418668e+02
2.859189654803662393e+02
2.858713198342895225e+02
2.857259531558080994e+02
2.858393415893445422e+02
2.859926326179816556e+02
2.856481397220290432e+02
2.859366041239812262e+02
2.860218067365633487e+02
2.858514146439178489e+02
2.859228033255478749e+02
2.860044403320353581e+02
2.858060407706337855e+02
2.861076013231048591e+02
2.858951930230259109e+02
2.858533184239327625e+02
2.859755582404758911e+02
2.857261806212822535e+02
2.859444845149627668e+02
2.860062752087294484e+02
2.859642809805509955e+02
2.858069081985370872e+02
2.859364473282396943e+02
2.860204552129728768e+02
2.855766113809470426e+02
2.854287350451807583e+02
2.856466438823675844e+02
2.857303232660667618e+02
2.857447610802880149e+02
2.856689448296614842e+02
2.856378953056247951e+02
2.856242541370899630e+02
2.857735073556050907e+02
2.855887707743831925e+02
2.858142524275360756e+02
2.857917380598877912e+02
2.859316423847267856e+02
2.859702093881838323e+02
2.858724364733430434e+02
2.859538678801946503e+02
2.860328964878613647e+02
2.860849396867455994e+02
2.858167244045449138e+02
2.857127140119395108e+02
2.857807457372571776e+02
2.860042024005087455e+02
2.861046803157367435e+02
2.860044151834147783e+02
2.861274127186193255e+02
2.863029224733974729e+02
2.860448088052026492e+02
2.859585636086337104e+02
2.860323485715156266e+02
2.859619705592968444e+02
2.859664215363271182e+02
2.860666809936410004e+02
2.860888013622574704e+02
2.860226081496380743e+02
2.859976164604910878e+02
2.860701666485375654e+02
2.862544149288143558e+02
2.860213366850557577e+02
2.860130816221847567e+02
2.861979388577566397e+02
2.861986402599505368e+02
2.861708884192130427e+02
2.861963095930623240e+02
2.862484782863734267e+02
2.860159090696677140e+02
2.860079153128760936e+02
2.861599473129780336e+02
2.860562824794537846e+02
2.861814314191730659e+02
2.861061433010204382e+02
2.860098307395793995e+02
2.858990677127214894e+02
2.861207558069916104e+02
2.860367770440013260e+02
2.860153951938079331e+02
2.861450023504432352e+02
2.863893594344761482e+02
2.861649394799714514e+02
2.861754696081783322e+02
2.862400817574128951e+02
2.860944101882946597e+02
2.862288842675530418e+02
2.861969199030078812e+02
2.862157656868573099e+02
2.863070745159947137e+02
2.862149445339401268e+02
2.861903455195722472e+02
2.861487140053437770e+02
2.859790067808386880e+02
2.861556019094642238e+02
2.862109560321720210e+02
2.862349609733503826e+02
2.860764822914251795e+02
2.861764499007415452e+02
2.862051574884540628e+02
2.861468077450427927e+02
2.863309492557320937e+02
2.862963608057681881e+02
2.859824639943890361e+02
2.862692808418674417e+02
2.859981252008737442e+02
2.857313545402509476e+02
2.860803507983404188e+02
2.862755668143036587e+02
2.861331643572157759e+02
2.861244401548007090e+02
2.861928366632645293e+02
2.863054563175568887e+02
2.863597536429880961e+02
2.863669416745392482e+02
2.863529866235169266e+02
2.864466041205768079e+02
2.864421546443202260e+02
2.864184164738255731e+02
2.864534166804166375e+02
2.865422641510876360e+02
2.864001254898021784e+02
2.865290832095449218e+02
2.865119917081603376e+02
2.863962848442394034e+02
2.863142485543536964e+02
2.864997164837813557e+02
2.865030800349416609e+02
2.866571256059257280e+02
2.868469896628186575e+02
2.867150368250919996e+02
2.868129216703912903e+02
2.869149387729283376e+02
2.862812576365724340e+02
2.865743623343499848e+02
2.864629268345135529e+02
2.866550017728524722e+02
2.867406325083086926e+02
2.866589557616960633e+02
2.868004268395191616e+02
2.868036009547415119e+02
2.868519572753050966e+02
2.869402724379689857e+02
2.867849065355696325e+02
2.870219930548689149e+02
2.870589528029178723e+02
2.870780971389937690e+02
2.869679860834750684e+02
2.869531125312542486e+02
2.872087628230094651e+02
2.872034557477954877e+02
2.871198510304326419e+02
2.872906127006767179e+02
2.873702438432273425e+02
2.873265367065912415e+02
2.873789701266607608e+02
