2.866590220082168230e+02
2.866972201692056501e+02
2.867063025901359765e+02
2.865951382846394608e+02
2.866343376409102461e+02
2.866628365963039755e+02
2.868198971878936732e+02
2.869043844196123700e+02
2.868634165839465027e+02
2.868505228837909158e+02
2.870379721294258957e+02
2.868303860520082367e+02
2.867187280254957500e+02
2.866292394956823273e+02
2.868687279535311063e+02
2.868274747536975724e+02
2.867951989758792024e+02
2.867979675727613653e+02
2.869043834364402414e+02
2.867080560643948957e+02
2.867715368272113210e+02
2.868741456562590315e+02
2.868615347585441100e+02
2.868134513404696122e+02
2.868112223122070077e+02
2.869291816443621315e+02
2.868673433040231089e+02
2.866942592565226278e+02
2.869551448743993092e+02
2.869756477827575054e+02
2.867994057793115417e+02
2.868044565012297085e+02
2.867808827492565342e+02
2.867411794676256136e+02
2.865832191683797419e+02
2.866001912327174637e+02
2.865698016421002876e+02
2.866830000020839293e+02
2.868130793452033345e+02
2.868125969406721083e+02
2.868573068544745865e+02
2.867840406916889719e+02
2.867758930537370929e+02
2.868759671566199927e+02
2.868391903740118209e+02
2.870270265538450758e+02
2.869370938329408887e+02
2.869226907974810388e+02
2.868575596253043045e+02
2.869598030437695684e+02
2.870292954403861927e+02
2.870349190572218845e+02
2.870974761272356091e+02
2.869023202908675785e+02
2.869098178539949231e+02
2.868741853228449941e+02
2.869969080276131876e+02
2.871555923099867869e+02
2.870080384560873767e+02
2.870513888323282004e+02
2.871361282206385681e+02
2.870611082927507596e+02
2.870789425300761195e+02
2.870058405674097344e+02
2.869827766885413212e+02
2.869801067906841467e+02
2.872002945411672954e+02
2.872498485069216372e+02
2.872307551784285238e+02
2.873637505049022138e+02
2.873920498986038297e+02
2.872336544178286317e+02
2.872253796451703352e+02
2.872655011983352438e+02
2.873973296047207100e+02
2.873038212919104240e+02
2.872870979031335423e+02
2.873809946051324573e+02
2.871398711417703566e+02
2.871865231955662239e+02
2.873234441184476964e+02
2.873237880730934535e+02
2.873084007247765044e+02
2.874082484217029219e+02
2.873959478269353554e+02
2.873710268301824158e+02
2.873535986669227213e+02
2.873652953411905742e+02
2.872121807756132625e+02
2.872766936570231451e+02
2.873873419592649725e+02
2.874566786058363164e+02
2.874259712263272490e+02
2.872192071046712840e+02
2.872646870385917737e+02
2.874013893293732167e+02
2.874474864463154518e+02
2.872360106866124738e+02
2.871873171914506315e+02
2.872652081641112431e+02
2.871447084410992829e+02
2.872224884245212593e+02
2.871802139794933169e+02
2.871799787973325238e+02
2.872491006266969293e+02
2.871921763235872049e+02
2.870338977741910753e+02
2.871974990958224794e+02
2.871984349759418933e+02
2.870949527426858481e+02
2.872454119098358092e+02
2.870351056886214565e+02
2.869115085541980079e+02
2.868304672264391115e+02
2.867335079123218406e+02
2.868635235393656444e+02
2.869613704155028131e+02
2.867908197903010432e+02
2.868956831986749876e+02
2.868683150369318469e+02
2.867375887296595920e+02
2.867996407619730803e+02
2.869851666689911553e+02
2.869040706331261958e+02
2.869300765063970289e+02
2.867920586000792014e+02
2.868664044885678663e+02
2.868284018913407749e+02
2.869806778923081652e+02
2.872105702510789911e+02
2.870481877940856634e+02
2.871172411860031275e+02
2.872694084385420865e+02
2.871779042171996821e+02
2.870037901332883621e+02
2.870366000070216614e+02
2.872034870539849862e+02
2.872520514272898140e+02
2.873397315400534922e+02
2.874140441274132627e+02
2.873183522579494138e+02
2.874170939026150791e+02
2.873004457182557303e+02
2.869438059080092103e+02
2.869666458607942445e+02
2.871821832921843338e+02
2.873286092559479812e+02
2.874841015792641770e+02
2.875610092961930491e+02
2.875136930493163732e+02
2.875748539741378522e+02
2.875658023076853169e+02
2.876592843642993671e+02
2.877198028568197969e+02
2.879565374329422411e+02
2.877372891356935156e+02
2.878369405705568056e+02
2.879525302513679890e+02
2.879991010086164920e+02
2.877396151391339458e+02
2.878050650399138704e+02
2.879733550733665766e+02
2.880628982589977909e+02
2.881521319359725908e+02
2.883030166563204943e+02
