2.867934596721070761e+02
2.866997899480469414e+02
2.867904197370174870e+02
2.867025257959982127e+02
2.867492057538044605e+02
2.867660658316282820e+02
2.868060211819714027e+02
2.866953096604382836e+02
2.868545067465195757e+02
2.870071563538046462e+02
2.869212079451875752e+02
2.869624946698811527e+02
2.868845507038083724e+02
2.868019992749041762e+02
2.868310539586732943e+02
2.867821055021537404e+02
2.868732650364644883e+02
2.870276952835938005e+02
2.870500791385670709e+02
2.867905390615617875e+02
2.866513398060577060e+02
2.867854256269635584e+02
2.866632780362763810e+02
2.866083806687141760e+02
2.868225029515650135e+02
2.867869445207830950e+02
2.866960361559042099e+02
2.866944170127255234e+02
2.866444429930632509e+02
2.864887869626437009e+02
2.866039891074526622e+02
2.865843675525229060e+02
2.867109949550476813e+02
2.865968610604531364e+02
2.863496145895427958e+02
2.864223149620095796e+02
2.863614083404050348e+02
2.865319066814579969e+02
2.866468100688806544e+02
2.864462564493113632e+02
2.864910494426914624e+02
2.864510857673442956e+02
2.867210281754879020e+02
2.867130412644981448e+02
2.867415152165847303e+02
2.868618499289548822e+02
2.869054732918763762e+02
2.866948981092564850e+02
2.868329982945335246e+02
2.869513215254817169e+02
2.868198165879750263e+02
2.868814486398713370e+02
2.868550920524902494e+02
2.866970039399200800e+02
2.866315560487092284e+02
2.868384803805328147e+02
2.868781646256819613e+02
2.868744574459562386e+02
2.868544827685573750e+02
2.868690179399834506e+02
2.867968364287594909e+02
2.868994291756394546e+02
2.869502790747541781e+02
2.866445966031835724e+02
2.867115931783394558e+02
2.867543924990515052e+02
2.867527095597776565e+02
2.867312414385950774e+02
2.869149501755279630e+02
2.867797469922376763e+02
2.868606025192157176e+02
2.870081585715388997e+02
2.867792086504459803e+02
2.868289596223353897e+02
2.870794672590754999e+02
2.869009521571176151e+02
2.869462988651864066e+02
2.870787222670236929e+02
2.872083372739759284e+02
2.869680514219683687e+02
2.869545075605590227e+02
2.870644681929533704e+02
2.872367645721857912e+02
2.872619268925449774e+02
2.872574131413325063e+02
2.872175606438358386e+02
2.871613115897019952e+02
2.871639620190634901e+02
2.872867975459652712e+02
2.871497573413640794e+02
2.872414337189910043e+02
2.872812952319212059e+02
2.873244327145615102e+02
2.874476322703787332e+02
2.875118988096865564e+02
2.874596456294132736e+02
2.874087081945943396e+02
2.873453500765666604e+02
2.873114793167065386e+02
2.875159724307715692e+02
2.876029311022967363e+02
2.875453120437355210e+02
2.874533077867479847e+02
2.874818807688895390e+02
2.875820308439807036e+02
2.876375360972397743e+02
2.876090849110334489e+02
2.875857183589139936e+02
2.876550745570669392e+02
2.877116681871693231e+02
2.877379031361791135e+02
2.877306862932508125e+02
2.876683195264043320e+02
2.875622773229849258e+02
2.873261903063949489e+02
2.873788052279356862e+02
2.874117906606763881e+02
2.874503299557852074e+02
2.875216555544757853e+02
2.874712388236508218e+02
2.874836615364106365e+02
2.875152736993454710e+02
2.874281157353992171e+02
2.874147992694608433e+02
2.874633266700432159e+02
2.874002360155669749e+02
2.874548417874473785e+02
2.876654717625893340e+02
2.876291211686905172e+02
2.875464103043274804e+02
2.876967990301239979e+02
2.876732431248011039e+02
2.876031961771108740e+02
2.873651974546651218e+02
2.873630627969117199e+02
2.873495432061542374e+02
2.874956999012224514e+02
2.875528307130168741e+02
2.873827626685385326e+02
2.874511890318752307e+02
2.876914950787232215e+02
2.874820902243293972e+02
2.871874678485920072e+02
2.872096910099564298e+02
2.874007097034155436e+02
2.873542556286102467e+02
2.875633980946566339e+02
2.878605716129432608e+02
2.877547260965312717e+02
2.877969643129866313e+02
2.877402464954320749e+02
2.879240270504210457e+02
2.879748203392489927e+02
2.880078690894618489e+02
2.879961411836642924e+02
2.878155888143993479e+02
2.878587679579378005e+02
2.879666708027307322e+02
2.882027073704950908e+02
2.881247167595068390e+02
2.880254276079288616e+02
2.882280251168785412e+02
2.883040985900145756e+02
2.881321309835137185e+02
2.880533738341415528e+02
