2.876202948649979021e+02
2.874790076789803948e+02
2.874410186043492672e+02
2.875234045902331559e+02
2.875714204643506946e+02
2.875738186273534325e+02
2.874153030878280788e+02
2.873953496356954815e+02
2.874159581280865154e+02
2.875962544555768545e+02
2.876962604979902949e+02
2.873598153357622209e+02
2.871426330412427319e+02
2.873129703449893100e+02
2.874357804972055987e+02
2.874632043925057587e+02
2.876053898141917102e+02
2.874245789236169912e+02
2.874543208800620278e+02
2.875587183763316830e+02
2.876047036713857779e+02
2.877458757763027393e+02
2.877324126562384095e+02
2.876789916844853110e+02
2.876967306481109290e+02
2.877996131281117869e+02
2.877017288214428845e+02
2.875555149056685309e+02
2.875772449004471127e+02
2.875267172752941747e+02
2.875411857783535083e+02
2.876429810958610460e+02
2.877378769069078430e+02
2.876459906565485767e+02
2.872207121967541639e+02
2.872794696520203956e+02
2.873630053057493683e+02
2.874146283376829274e+02
2.874447698637770259e+02
2.876166411970097556e+02
2.877075023245919851e+02
2.876551479076613873e+02
2.874328497660093831e+02
2.874794477783556772e+02
2.875873699989819556e+02
2.877208694015895958e+02
2.877371553562782651e+02
2.879106409186798601e+02
2.877854131064939907e+02
2.876675234357981594e+02
2.877171550422504538e+02
2.876912274989804814e+02
2.876137505011521966e+02
2.875707879059535799e+02
2.877561967177711608e+02
2.877935998667111903e+02
2.875544182865964444e+02
2.876252937555672133e+02
2.877391174626011434e+02
2.879210494358987376e+02
2.876199751678917096e+02
2.875836962998650961e+02
2.875153578933890799e+02
2.874636911050405956e+02
2.875104846414107556e+02
2.877701440386054514e+02
2.878997745968071627e+02
2.875882357390389643e+02
2.877179527023840819e+02
2.878312499031366656e+02
2.878761911672635847e+02
2.877770603979532211e+02
2.878570581107569524e+02
2.877790382572322301e+02
2.878746303033671552e+02
2.880838469588003932e+02
2.878988807874698068e+02
2.879208400552645912e+02
2.881122714013013706e+02
2.876455010939531007e+02
2.877443701004235095e+02
2.878785293850000926e+02
2.879829650971118440e+02
2.879398633804365204e+02
2.877990407595405031e+02
2.877589842274977059e+02
2.878798160256936853e+02
2.878309124199832922e+02
2.880271717920118135e+02
2.878304549465466948e+02
2.877353509031210024e+02
2.877943975600148292e+02
2.880629581662993246e+02
2.880366372640371537e+02
2.879420302029555501e+02
2.879027077766009484e+02
2.879834598574657321e+02
2.880611506184176847e+02
2.881604518827018069e+02
2.880902226315735675e+02
2.878248338465928668e+02
2.879108495104206327e+02
2.878907371940759390e+02
2.879804095822666454e+02
2.878573222553383744e+02
2.878478754429182231e+02
2.878520738409060868e+02
2.879492660668022950e+02
2.879917342600812731e+02
2.881150785638170078e+02
2.880036999255832484e+02
2.879632094315294353e+02
2.881236408012569541e+02
2.877806544394060779e+02
2.874239801518377249e+02
2.876173766073245588e+02
2.880207688900658809e+02
2.880333869472131028e+02
2.878124398356368374e+02
2.876106171165460523e+02
2.876614880305891688e+02
2.878101846867604650e+02
2.877749987481223002e+02
2.877553354264554741e+02
2.877857247805877137e+02
2.877707933737392523e+02
2.877274079691366637e+02
2.880304112047608101e+02
2.881581461460893934e+02
2.880085613148418702e+02
2.879047312966043251e+02
2.879790205175978031e+02
2.880439408805563630e+02
2.879606965217653283e+02
2.881169542633433593e+02
2.880981696071397096e+02
2.882272650008227970e+02
2.883008789268096734e+02
2.879416554061203897e+02
2.880263538249800490e+02
2.883864027486761756e+02
2.882854463166449364e+02
2.880128434765733800e+02
2.881257211479423859e+02
2.884071594917327275e+02
2.881305239969502168e+02
2.881900260828995783e+02
2.883144694520701137e+02
2.882400953177805150e+02
2.884240804067972022e+02
2.887262192534250858e+02
2.884978113626231107e+02
2.884275717339019707e+02
2.884939737474713297e+02
2.885881852571035893e+02
2.887758879593627057e+02
2.886625629254909882e+02
2.885562786681844045e+02
2.889141032068856703e+02
2.887003893687009395e+02
2.885972377958634070e+02
2.885390949079404663e+02
2.886290284820694865e+02
2.889561502744426775e+02
2.887854654998308774e+02
