2.871838646685228582e+02
2.871215448668848467e+02
2.870969046061873655e+02
2.871228615276243659e+02
2.872256562094129890e+02
2.872858507123652316e+02
2.872858931770867912e+02
2.871862911902113069e+02
2.870045376251341054e+02
2.869486349596912760e+02
2.869599872456501544e+02
2.871283015715299598e+02
2.871471777167626556e+02
2.870613319840017539e+02
2.869813825143189661e+02
2.868493795157614841e+02
2.870333233233244528e+02
2.871210050271222940e+02
2.869112680143221610e+02
2.868391771503974610e+02
2.869235232006121237e+02
2.871797157505701534e+02
2.871946089689922132e+02
2.871514292377382844e+02
2.871354979492482471e+02
2.872195872169297672e+02
2.871836426790632117e+02
2.870649249789021837e+02
2.871344856330326820e+02
2.871478140408016202e+02
2.871005859780060518e+02
2.872018805481880008e+02
2.870383880473950171e+02
2.868766181268197784e+02
2.866763956132149929e+02
2.868660091647462878e+02
2.869841576407154093e+02
2.869054703311882690e+02
2.870257256436007651e+02
2.869211739566467827e+02
2.870476254295305125e+02
2.869988677146913574e+02
2.870561361251338326e+02
2.870643550259931089e+02
2.870761926300345408e+02
2.870067184127004225e+02
2.869215557846669071e+02
2.870528369502295618e+02
2.871103388918115797e+02
2.870385224355191554e+02
2.869245333602386836e+02
2.870715823670021223e+02
2.871424955858922772e+02
2.870690126975807175e+02
2.870750845979548558e+02
2.870271553648696568e+02
2.869868623905152845e+02
2.871141782238390192e+02
2.870562503300682238e+02
2.870402187385691946e+02
2.870805591788659967e+02
2.871403378994752416e+02
2.871557613172017795e+02
2.871322518223038855e+02
2.872556604215645848e+02
2.872078927177357741e+02
2.873639584936767619e+02
2.875178892151148489e+02
2.872745123826044846e+02
2.872425206394037218e+02
2.872132662535614713e+02
2.871599382729796730e+02
2.872734059386742160e+02
2.873849527931674857e+02
2.872643895511673691e+02
2.872071125257639892e+02
2.871620328459839016e+02
2.870499755378257305e+02
2.871067373050765923e+02
2.872718068929915489e+02
2.872401502382786020e+02
2.871501378472232204e+02
2.871799159366548224e+02
2.872484666295795819e+02
2.871565784270080144e+02
2.871295640181694466e+02
2.870928703360771692e+02
2.872044469330882066e+02
2.871143901404832377e+02
2.872154473813083086e+02
2.871475598181881992e+02
2.871289389296971990e+02
2.872221950028117590e+02
2.871727571518385957e+02
2.871971962299323877e+02
2.872467791938067307e+02
2.873104728481001757e+02
2.873119411262040330e+02
2.875312546671819405e+02
2.874517498022891573e+02
2.873071230353822898e+02
2.872411857726303310e+02
2.872566882339674521e+02
2.872727929287023585e+02
2.873016167106795251e+02
2.875295189685436412e+02
2.874233448805259172e+02
2.873740495043880969e+02
2.873333354867037883e+02
2.873507199264832934e+02
2.873664217289013436e+02
2.874023884951197374e+02
2.873193863128728367e+02
2.872374354528663503e+02
2.871981945606513023e+02
2.871748100981471339e+02
2.873364159549968804e+02
2.873525464966460277e+02
2.874631444496905601e+02
2.874219629788834141e+02
2.873908579616422116e+02
2.874727562861513661e+02
2.873363640064411015e+02
2.873697844464520017e+02
2.873612877556303715e+02
2.874150784404587853e+02
2.874517696372514024e+02
2.875392635585318999e+02
2.875510163794547225e+02
2.875430909584725327e+02
2.874325682857306106e+02
2.875597601375427530e+02
2.875476073279946831e+02
2.874854444009142185e+02
2.875057104316896925e+02
2.875602729319578543e+02
2.876950121578399830e+02
2.877568748261038536e+02
2.877865729016421596e+02
2.878512933023922074e+02
2.877963819360386992e+02
2.878761282825569765e+02
2.876776710480640418e+02
2.877487530613330478e+02
2.878986432829058231e+02
2.878767587266865462e+02
2.878686081572391231e+02
2.879950881038758439e+02
2.879208357291910261e+02
2.879835197076924374e+02
2.879501401678284651e+02
2.879658888931994625e+02
2.881909799817643147e+02
2.880942364185791007e+02
2.880170472144596374e+02
2.880920749137804364e+02
2.881923578090019760e+02
2.881526857391996259e+02
2.881959325317878893e+02
2.880286296028456263e+02
2.881495538097506142e+02
2.881543973536299745e+02
2.882463380119419298e+02
2.882354382132800197e+02
2.881925099610684242e+02
