2.880213899370347121e+02
2.879853602973725515e+02
2.882420364373053303e+02
2.884308528883268536e+02
2.882695433155449223e+02
2.880706596893784308e+02
2.881621734085617277e+02
2.882098325873436124e+02
2.881745100884140811e+02
2.881738653555908627e+02
2.880268886845321390e+02
2.880079143876085936e+02
2.880740091092384318e+02
2.881802701104672337e+02
2.882158328596607930e+02
2.881443103542075050e+02
2.882320112965487056e+02
2.882904872137893904e+02
2.882747492125073450e+02
2.882308975006424703e+02
2.882148884433796638e+02
2.880784713883155632e+02
2.881265083946325944e+02
2.882571555233700451e+02
2.880876870920338320e+02
2.880676268453249236e+02
2.881854053927988843e+02
2.881716730642089033e+02
2.882049477924052212e+02
2.881253345654116060e+02
2.880310871668380628e+02
2.880269556429172439e+02
2.883531486295713648e+02
2.884666716001242435e+02
2.877532173017449963e+02
2.877927399243183118e+02
2.880891666348571789e+02
2.880776723179581609e+02
2.882092909225511903e+02
2.882897246169276855e+02
2.885009558318877794e+02
2.881974437201608339e+02
2.880305682250005361e+02
2.880284161796787998e+02
2.883000111608793077e+02
2.883826399936670555e+02
2.882872794896971413e+02
2.881924637642800349e+02
2.879516206285462090e+02
2.881363024259949270e+02
2.883457058031463021e+02
2.883767111894008508e+02
2.880502981811483778e+02
2.878173645289045339e+02
2.880098450911532950e+02
2.881236569153228970e+02
2.881526348674111659e+02
2.881085447089074592e+02
2.881311021663284464e+02
2.880966803532865015e+02
2.883055145424278294e+02
2.884714799940767307e+02
2.880427569293751162e+02
2.878122996500925979e+02
2.878979875224954412e+02
2.881679055287092979e+02
2.883991601550212067e+02
2.882696638874671748e+02
2.882194223678832827e+02
2.883691337386707687e+02
2.884272743136987742e+02
2.883180993582715814e+02
2.882756597468289215e+02
2.882373227496248660e+02
2.884830476479209551e+02
2.883622275254411988e+02
2.882804363642115391e+02
2.883510899871723154e+02
2.884555844611094813e+02
2.884222526479919111e+02
2.882534476274419148e+02
2.883021629232662804e+02
2.885253364972950862e+02
2.883523864707273106e+02
2.883035219248369572e+02
2.884519888624088821e+02
2.885481864158497274e+02
2.884813079642762546e+02
2.883747164487148780e+02
2.883662124865102783e+02
2.884488811273991473e+02
2.886312625842431885e+02
2.885913002383596790e+02
2.883622010592528682e+02
2.882482252321171927e+02
2.883648783574378172e+02
2.885303217223279830e+02
2.886107057158196199e+02
2.883497058389252174e+02
2.882406973850540339e+02
2.883200537432106216e+02
2.884991397673642837e+02
2.886172638126514016e+02
2.882474072933788420e+02
2.882537830730451560e+02
2.883765272167186140e+02
2.885047192663977853e+02
2.885828310848813203e+02
2.883615892049857621e+02
2.882381442816148933e+02
2.881530995490758187e+02
2.883948785223495292e+02
2.884402994582153497e+02
2.880649323026280513e+02
2.879527002717687196e+02
2.880751097262990470e+02
2.883213872089219763e+02
2.883087506363686430e+02
2.883841263032568918e+02
2.882640234962058230e+02
2.882976208285103326e+02
2.883021462290014938e+02
2.882684119878006754e+02
2.882285653828326417e+02
2.884544513542367667e+02
2.886126247122490440e+02
2.883755665512712767e+02
2.882017546896760791e+02
2.883842980600597343e+02
2.883849506254894663e+02
2.885192497046622293e+02
2.887051373819587639e+02
2.885920647972009760e+02
2.883271295161211469e+02
2.883689971771821661e+02
2.886382602879985484e+02
2.887146181815318187e+02
2.883642625123791845e+02
2.883760333876855384e+02
2.885129857366217152e+02
2.886220828019523310e+02
2.885941163576180770e+02
2.883306060300816966e+02
2.883737414291960590e+02
2.885861223482255014e+02
2.886115184709669848e+02
2.885737959425017038e+02
2.885490971000599529e+02
2.884925936671933187e+02
2.886088677647423992e+02
2.888252388888828932e+02
2.890150173544103609e+02
2.888612976658754405e+02
2.885574469442722148e+02
2.885920878983948228e+02
2.888721062630423262e+02
2.890630673604782714e+02
2.887600326132141504e+02
2.886618734488563973e+02
2.887710756707878090e+02
2.888471192561718794e+02
2.891665728280134431e+02
2.889812848053434777e+02
2.887221309129807310e+02
2.888971455196180500e+02
