2.857257505209847182e+02
2.856188761262764615e+02
2.855420643844927326e+02
2.855416159555873605e+02
2.857045116591672240e+02
2.856922465977677348e+02
2.856777625250098822e+02
2.857070687896326149e+02
2.856503615782808652e+02
2.856455295088598518e+02
2.856676797880723484e+02
2.855645679982460479e+02
2.856493033747173058e+02
2.856118512535253444e+02
2.855555063322936462e+02
2.855328833159398414e+02
2.855489675936034928e+02
2.856618802373190533e+02
2.856811991534908088e+02
2.855448133983812227e+02
2.856224829285047235e+02
2.855193804918640694e+02
2.856256805267093455e+02
2.855707112534263388e+02
2.853547894039562038e+02
2.855859361556312024e+02
2.856119188567824381e+02
2.856157954729991957e+02
2.857255260284001110e+02
2.856325336799594083e+02
2.856194152019103285e+02
2.855847301186832397e+02
2.856926742562728236e+02
2.856128267052665137e+02
2.854874359993320354e+02
2.855616161063691720e+02
2.855703968885050585e+02
2.856161524269724055e+02
2.856382205514903490e+02
2.855744559908740712e+02
2.856388000730977978e+02
2.855277386121680934e+02
2.855292865693230056e+02
2.853948780112392569e+02
2.853801400938743882e+02
2.852894411510288819e+02
2.853797329276166010e+02
2.854564414280193319e+02
2.856877794067086711e+02
2.856638997156173900e+02
2.856393887044346798e+02
2.855852715591333322e+02
2.856011053022393185e+02
2.853994282555548807e+02
2.855760656323455464e+02
2.856639510238376261e+02
2.854824419994142772e+02
2.853084681412214536e+02
2.853100138248660187e+02
2.854865100567990908e+02
2.854828641854268767e+02
2.856474846121435007e+02
2.856311648070118849e+02
2.854194156430839371e+02
2.854576247393906669e+02
2.855019405768244383e+02
2.854871546921221466e+02
2.854582299928695761e+02
2.855913554202822979e+02
2.856204649835669329e+02
2.856199368984243847e+02
2.855592096193595353e+02
2.856712630631588468e+02
2.856179136754029173e+02
2.856396311073165180e+02
2.857586817854644892e+02
2.857838665162537382e+02
2.857475134923209339e+02
2.856135530200478456e+02
2.854983225539677392e+02
2.857936280013630608e+02
2.857655183052264078e+02
2.855957784094188696e+02
2.854895701625516722e+02
2.856341347931364112e+02
2.857034729530682284e+02
2.857362491581969266e+02
2.855892973866571083e+02
2.856373336161523753e+02
2.857654578363121232e+02
2.856733116422290664e+02
2.855740834589476549e+02
2.856748418375784127e+02
2.856459075244307542e+02
2.857231311975564836e+02
2.858093459910241450e+02
2.856796488734176478e+02
2.857771020670111852e+02
2.857563314258469518e+02
2.857349143683396733e+02
2.858711641964630417e+02
2.857420671834540258e+02
2.857056065632385753e+02
2.858126923942420490e+02
2.857590638518548189e+02
2.858974130572163972e+02
2.859748856692676782e+02
2.858959485729367316e+02
2.856690723646918286e+02
2.856744057033507147e+02
2.857592761831650137e+02
2.858106053315928534e+02
2.858614050394248238e+02
2.857636653395829853e+02
2.856437152048280836e+02
2.856945867056635393e+02
2.857538213275582279e+02
2.856420301614006121e+02
2.857259672175147216e+02
2.857821228618843747e+02
2.858816196782225916e+02
2.857602654536458999e+02
2.857496627042274326e+02
2.857831886419075431e+02
2.858774827049917917e+02
2.858293924228153173e+02
2.858287071981226859e+02
2.860495192215209954e+02
2.858833616266750255e+02
2.858859341526028857e+02
2.859236241468743174e+02
2.861486183091173530e+02
2.860758735145808487e+02
2.860631311810504371e+02
2.859772703150197231e+02
2.859835570600393453e+02
2.860007168781787072e+02
2.860110635260368213e+02
2.859616330045096220e+02
2.859931617578845930e+02
2.860441971207248457e+02
2.859834128778913964e+02
2.859337279322451195e+02
2.860596954588782523e+02
2.859043848727053501e+02
2.860240159574427139e+02
2.860402668533769770e+02
2.862644921981760149e+02
2.862724900927005933e+02
2.861736180109326142e+02
2.861837310844702529e+02
2.863170531203737141e+02
2.864306007572606063e+02
2.862314915264504407e+02
2.863505689700323842e+02
2.863039733463282914e+02
2.861984136779821597e+02
2.862348858145600161e+02
2.863539709436438443e+02
2.863851906867857906e+02
2.864325315406785535e+02
2.864083041602772823e+02
2.865134254584378937e+02
2.865277982155453742e+02
2.865760959068679199e+02
