2.866187179114981518e+02
2.868461284934748505e+02
2.867009169211136737e+02
2.866332549247696306e+02
2.865820917901895086e+02
2.865666774383925031e+02
2.865723675786171611e+02
2.866117712013812593e+02
2.864617311808945033e+02
2.865597944853935246e+02
2.867502535609474421e+02
2.868652035755056318e+02
2.867278855502901820e+02
2.865893499890360090e+02
2.865993425681550661e+02
2.866040939020647897e+02
2.865406635641786579e+02
2.865751716468176369e+02
2.866096578391076832e+02
2.866121808108835580e+02
2.866334298992445611e+02
2.867286601977216947e+02
2.866551590736950175e+02
2.865564341559650643e+02
2.867593495802997836e+02
2.868270729222365958e+02
2.868480708540069486e+02
2.866625929095212086e+02
2.865669422515347264e+02
2.867104999027219492e+02
2.866641716627754590e+02
2.864533829589501579e+02
2.865042298295507521e+02
2.867259868026036997e+02
2.864233977924947112e+02
2.864800459492295204e+02
2.864592267261454595e+02
2.865276126051928145e+02
2.866424646643936853e+02
2.866704018530630833e+02
2.866403306023391337e+02
2.866539410866185449e+02
2.867373807419724585e+02
2.866760088438887806e+02
2.865827663138963430e+02
2.866038092476639463e+02
2.866718902834156779e+02
2.866615610417796347e+02
2.866963002192590011e+02
2.865862061627160529e+02
2.867049906528578163e+02
2.866747255105997851e+02
2.864322472569439810e+02
2.864169864788370887e+02
2.863966190498164792e+02
2.864762608372714112e+02
2.867504194230124881e+02
2.868126953867005682e+02
2.868497985118158908e+02
2.867952905799568839e+02
2.866967359158572890e+02
2.866464299456759477e+02
2.866066489728708007e+02
2.865983027421561360e+02
2.868376755160059588e+02
2.867089642239495788e+02
2.866689692147609776e+02
2.866710830766260756e+02
2.866550584549421501e+02
2.867462754768779973e+02
2.868330111555999906e+02
2.868080667997497812e+02
2.868926025153221531e+02
2.868965882250398067e+02
2.868214402701148060e+02
2.869429843595111720e+02
2.868986088968550234e+02
2.867930224259243346e+02
2.867168819146037322e+02
2.868127478408351863e+02
2.869411139798129966e+02
2.868980272037942996e+02
2.867312108355739042e+02
2.868730770948209283e+02
2.868887275094486995e+02
2.869314896451281243e+02
2.870344672314011518e+02
2.868165266300071039e+02
2.867862599946089404e+02
2.869411747531852939e+02
2.869506863343908663e+02
2.868909405814929983e+02
2.870015453994464565e+02
2.871864050496279219e+02
2.872543559341442574e+02
2.869116952562648635e+02
2.868906321216298352e+02
2.867494471712527684e+02
2.868266210645614365e+02
2.870515985770437624e+02
2.871089298378812487e+02
2.871339588065210364e+02
2.868640998406643234e+02
2.867268286185855004e+02
2.867797214965925150e+02
2.868846650027842884e+02
2.871102534528936303e+02
2.872599721230005230e+02
2.871122242842876062e+02
2.869370822532279135e+02
2.869029622989619952e+02
2.869819342125226171e+02
2.869889115847675498e+02
2.870352520744266371e+02
2.870993642897860241e+02
2.868350321285660129e+02
2.869114645924761930e+02
2.868765725769392247e+02
2.869122379302706918e+02
2.870223309082696801e+02
2.869533797442846890e+02
2.871386152653673776e+02
2.872636558175507275e+02
2.870362700815102244e+02
2.869785310101443656e+02
2.867200319480579083e+02
2.867910596030118882e+02
2.868943644219691578e+02
2.868936634869919544e+02
2.870040260726950123e+02
2.871716847007150477e+02
2.872239128805270525e+02
2.872139147279909821e+02
2.870491538403447862e+02
2.871854249326142394e+02
2.874039857000639699e+02
2.873312008273379092e+02
2.871050978945752377e+02
2.872186855725013856e+02
2.873500437229528757e+02
2.873666959439626112e+02
2.872747482310489318e+02
2.871140291232382538e+02
2.871785756499510285e+02
2.872380176847343591e+02
2.873329521007606786e+02
2.874386320631139711e+02
2.876007488279715858e+02
2.873231358831540661e+02
2.875358968096747390e+02
2.875293876617778892e+02
2.875979876905336141e+02
2.875585222635293690e+02
2.873332892719915890e+02
2.873764374954342316e+02
2.875716285157701009e+02
2.875077346855890141e+02
2.876514787767381449e+02
2.876119609371951356e+02
2.876538042024094466e+02
2.877254843798335173e+02
2.879416857458065238e+02
2.878360400539238526e+02
2.878475543496531373e+02
2.878497975078930153e+02
