2.875741109611527691e+02
2.875064877364040399e+02
2.871462391400699516e+02
2.870454364528333713e+02
2.871980092709682140e+02
2.875948509922955623e+02
2.876361228346041230e+02
2.872709136124469751e+02
2.872445799988704493e+02
2.874573926420841872e+02
2.876789799990659162e+02
2.873038852745897316e+02
2.870549558252661768e+02
2.872672584256737878e+02
2.873845837544564574e+02
2.873585658218768231e+02
2.872574154072801207e+02
2.870880765462953264e+02
2.870680717724909528e+02
2.871990728892550351e+02
2.872788849779199722e+02
2.874781336279775701e+02
2.874403408796877102e+02
2.873446151845984673e+02
2.872343494627404539e+02
2.872281147466429161e+02
2.873701059496797257e+02
2.874346545064454403e+02
2.873204037360280267e+02
2.872000382851558697e+02
2.871281196655775148e+02
2.874197292412966931e+02
2.875283494897850574e+02
2.871369322026482678e+02
2.867550613354258644e+02
2.869662031269845670e+02
2.874349626446602315e+02
2.874086251330483606e+02
2.871497627101269359e+02
2.872255346063173533e+02
2.874412514478652270e+02
2.875814498471386855e+02
2.871728182240336196e+02
2.870293067976946304e+02
2.871833015928465898e+02
2.873773765313998183e+02
2.876631318954688936e+02
2.874877523066167555e+02
2.872952289436497608e+02
2.874729393350193618e+02
2.876709027231586333e+02
2.872158135695812007e+02
2.870730002848233084e+02
2.870312087415270526e+02
2.873273078545266799e+02
2.873446499192289707e+02
2.873088257610355640e+02
2.871641983317023232e+02
2.871440690691115947e+02
2.872141129639306882e+02
2.873971472681560613e+02
2.874564254533451617e+02
2.872057882465716716e+02
2.869482503415098336e+02
2.872493730888049299e+02
2.874613208311616290e+02
2.871895057904743567e+02
2.871489352537997775e+02
2.872529741543030468e+02
2.876475333667931409e+02
2.875976818527491901e+02
2.872914665951086022e+02
2.872842206800912095e+02
2.874811147407529006e+02
2.875597830080651534e+02
2.876533190430150739e+02
2.873474925058104077e+02
2.873048469223430743e+02
2.874485208406510424e+02
2.876351373420894788e+02
2.876861550931150191e+02
2.877057298019607856e+02
2.873552864040311192e+02
2.871266824715752932e+02
2.872594275615585389e+02
2.872641717951034366e+02
2.874335790251013236e+02
2.874882088910174502e+02
2.874470572654111038e+02
2.874028694157830728e+02
2.873778439462712413e+02
2.875453074287823370e+02
2.876671444730936287e+02
2.875066952162678149e+02
2.873771866067114047e+02
2.874378749149371401e+02
2.874431068407237149e+02
2.873521216330155426e+02
2.874423524301055863e+02
2.876654140959087158e+02
2.876994764132585374e+02
2.874692139227994971e+02
2.873181951308777116e+02
2.873634912240601693e+02
2.876866403283460727e+02
2.875624163217226510e+02
2.873494210667313951e+02
2.873948642554188950e+02
2.875627757956332857e+02
2.877499982780914252e+02
2.875791326920686402e+02
2.872905680535123452e+02
2.874872609045708600e+02
2.876663476077525843e+02
2.872579413455895860e+02
2.870908214250051742e+02
2.873024810043530124e+02
2.875872659864169805e+02
2.876694361163044960e+02
2.875553249134019893e+02
2.875133402190613765e+02
2.874124182601978532e+02
2.874704472565929336e+02
2.875555855423417597e+02
2.875942146331851745e+02
2.873380719838290247e+02
2.874105222562739641e+02
2.875664884208095486e+02
2.876336955564206619e+02
2.874980075092186667e+02
2.875344458150424316e+02
2.877104428672419090e+02
2.878369976245995190e+02
2.876477431427775286e+02
2.877468476837797766e+02
2.876611221509762686e+02
2.876928195776270059e+02
2.877868038856897215e+02
2.879654474789493293e+02
2.877549463230683955e+02
2.875912441478174628e+02
2.876719630952451894e+02
2.876125111131328254e+02
2.877858357830265277e+02
2.875171112441933019e+02
2.876046445740242916e+02
2.875538689894851814e+02
2.878365340651969859e+02
2.880866742453125084e+02
2.881293536424162198e+02
2.879894257813115246e+02
2.879037514727447160e+02
2.881202912631048321e+02
2.882059334538925555e+02
2.882919187056517671e+02
2.878482557340998369e+02
2.878002879658077973e+02
2.880728306589310250e+02
2.882079018441765470e+02
2.879173404784550030e+02
2.877762590877019875e+02
2.880286026575977303e+02
2.883657247767315539e+02
2.882632324096288698e+02
2.879779548192570360e+02
