2.868198896169455452e+02
2.867725182243336235e+02
2.868124732840622642e+02
2.864480752350193598e+02
2.864666348214893219e+02
2.868237098293553231e+02
2.869970677654072233e+02
2.865631549239257083e+02
2.865741295347390860e+02
2.866956288907224462e+02
2.866899437280212055e+02
2.866969951455232035e+02
2.869037400931735533e+02
2.868644615467002268e+02
2.866003122999053971e+02
2.866356253108758096e+02
2.868236807055192799e+02
2.869664014387859083e+02
2.867035030131872873e+02
2.866457932960479980e+02
2.868293897645411903e+02
2.869503693669159361e+02
2.869297749276182685e+02
2.869429725817534518e+02
2.868576688891233744e+02
2.866793450511784727e+02
2.867960161991283599e+02
2.868805565303647995e+02
2.866493004907028990e+02
2.865844393331626065e+02
2.868082744744196475e+02
2.868049493340906224e+02
2.868435015674018018e+02
2.870330184726870471e+02
2.865726792349040579e+02
2.864568770460830933e+02
2.867326353716405833e+02
2.868795976601406892e+02
2.869125062806630240e+02
2.866393945776389387e+02
2.866228275280944899e+02
2.869320106450925891e+02
2.869785855274250821e+02
2.867196594431363224e+02
2.867874723146290421e+02
2.868550487812813685e+02
2.867137994652337056e+02
2.866370733728289224e+02
2.867804053639180211e+02
2.868900384206531839e+02
2.868299161275024858e+02
2.867939143875765353e+02
2.867782637617993373e+02
2.866912893126410040e+02
2.868693617571963728e+02
2.868881593576182922e+02
2.867439955948862575e+02
2.865018114223454972e+02
2.865898672509551375e+02
2.869251673124761624e+02
2.870329848688650713e+02
2.868628070062518418e+02
2.865856950754841250e+02
2.866675863953558974e+02
2.867485400674590323e+02
2.869736296447835002e+02
2.867882145805942287e+02
2.867155232473452315e+02
2.869723150722710443e+02
2.871371975587457541e+02
2.868771873158448784e+02
2.868244095491641588e+02
2.869772650251974824e+02
2.871828247832137322e+02
2.871622304092375657e+02
2.868961857365457604e+02
2.867121727237258710e+02
2.868056280124810087e+02
2.868823631767720030e+02
2.870681546280503085e+02
2.870240203136713149e+02
2.868522691145279850e+02
2.871199567068820784e+02
2.871894363102948091e+02
2.869026276906968178e+02
2.867912801696144811e+02
2.869533414584603292e+02
2.872232292998855314e+02
2.870221397659231002e+02
2.867411507780803390e+02
2.869507636371464514e+02
2.870733303933377556e+02
2.870934590075013944e+02
2.870120993906412536e+02
2.868218758170869478e+02
2.868532181406237100e+02
2.869494876515628903e+02
2.870985600281539973e+02
2.872333841677596524e+02
2.869398192036012460e+02
2.867486643638050623e+02
2.868458225691369421e+02
2.870408289732394564e+02
2.871302563091615525e+02
2.869948039829602635e+02
2.866468088846323212e+02
2.867042499608505182e+02
2.869887595980478068e+02
2.871523182411543758e+02
2.870128131897415074e+02
2.868805552829757630e+02
2.869754683278223411e+02
2.871963987035673540e+02
2.870701202808249946e+02
2.866128112300954740e+02
2.867314135617884858e+02
2.869999617255328417e+02
2.866587451885511086e+02
2.867516086328764118e+02
2.870896565988956581e+02
2.869501130255753765e+02
2.867196435198460449e+02
2.869172480100897360e+02
2.869417908482055282e+02
2.867240914781178844e+02
2.866548925386038036e+02
2.868612281324020046e+02
2.871813948257714628e+02
2.870203846474057059e+02
2.869832362816610498e+02
2.871224597711821502e+02
2.873218948408448341e+02
2.869553004447224680e+02
2.867949579001424354e+02
2.870179008270669669e+02
2.871582328662472605e+02
2.868868413862612670e+02
2.869014216328950511e+02
2.871128396067412609e+02
2.869614447155810808e+02
2.870175505092652770e+02
2.871637050625954544e+02
2.871431825361939332e+02
2.871089807565637670e+02
2.869578365100661017e+02
2.870060216074548407e+02
2.870040098728522366e+02
2.873751381812560908e+02
2.874889610286761013e+02
2.873000940009836768e+02
2.872666775256280403e+02
2.875078995574473311e+02
2.876664205004578321e+02
2.876668578705554182e+02
2.875014138829805574e+02
2.872550087876407474e+02
2.874170206365861873e+02
2.876215974787587015e+02
2.875555383985057460e+02
2.877717994146577780e+02
2.877060115093991044e+02
2.874999299799048913e+02
2.875376454923423921e+02
2.878012053394225518e+02
2.879731063387071686e+02
