2.858810704036370112e+02
2.860264784090762191e+02
2.859563270823336438e+02
2.857869188384489689e+02
2.859650925157284291e+02
2.859584823843999857e+02
2.858234477897163401e+02
2.858860898554626715e+02
2.858177863454832845e+02
2.859594934142317584e+02
2.860150840201320079e+02
2.858912632851275362e+02
2.857449699933106899e+02
2.856623585279998565e+02
2.861264742897267865e+02
2.861200157253431939e+02
2.857174233394039220e+02
2.857774129085411801e+02
2.859774366115626094e+02
2.860220628852465552e+02
2.859484373148405325e+02
2.858612762740414723e+02
2.859229287694793697e+02
2.856988174402924301e+02
2.858758739158636786e+02
2.859733352204633547e+02
2.859671212224399142e+02
2.858571102222045397e+02
2.861343210749255377e+02
2.858535717972891348e+02
2.859030123358748483e+02
2.860310900085783032e+02
2.858154156777722505e+02
2.857557442524843623e+02
2.856117376220428810e+02
2.858027119806797600e+02
2.858935744154377403e+02
2.859199763239693652e+02
2.858866698949277065e+02
2.860710973963354604e+02
2.859256305338470270e+02
2.858504119545605135e+02
2.860547555775880824e+02
2.860413803798867320e+02
2.860722993167370305e+02
2.860980410676727388e+02
2.860934925216793658e+02
2.862061700858662334e+02
2.858354848324188993e+02
2.858358222950886898e+02
2.860821142689416661e+02
2.859795058700105415e+02
2.860083548130610325e+02
2.858430289925288434e+02
2.858989493110446460e+02
2.860354634276670822e+02
2.859006549488244673e+02
2.859977031380919357e+02
2.860844246189405453e+02
2.861645214560544446e+02
2.861660116544541665e+02
2.861503341897249584e+02
2.861200354051595127e+02
2.859282864282628793e+02
2.857855282380497215e+02
2.857385809944720449e+02
2.859650620502778793e+02
2.861285773457980213e+02
2.862304676744878975e+02
2.861750940945774460e+02
2.860734679350328520e+02
2.861959814526639434e+02
2.861590433053905258e+02
2.861512464848348145e+02
2.860656589097238793e+02
2.862228934738532189e+02
2.862291859166601284e+02
2.861994863034786931e+02
2.862147973439422799e+02
2.860943073325415185e+02
2.863366155568448335e+02
2.861776060909733133e+02
2.860613179848115237e+02
2.860799016986836136e+02
2.863053942190199450e+02
2.862296812171165925e+02
2.862647569251634536e+02
2.864505482882299248e+02
2.864040919089979411e+02
2.863881432834506882e+02
2.863210834220720358e+02
2.862095636915965429e+02
2.863721929029932198e+02
2.863500730082490122e+02
2.862849169909337661e+02
2.861865030879390019e+02
2.863986331597552066e+02
2.864232057150608171e+02
2.864414775759778422e+02
2.862469854964040223e+02
2.864855687584840780e+02
2.865155625515345150e+02
2.865734636266172970e+02
2.861437901142134592e+02
2.862281583527012003e+02
2.863581907895631389e+02
2.863588685979953539e+02
2.865374549196961311e+02
2.863357054636687735e+02
2.864117127898599051e+02
2.864327324527899350e+02
2.863446553250763031e+02
2.862802516501301966e+02
2.862195033666083077e+02
2.859320823457083520e+02
2.861178354337651513e+02
2.862107309377007027e+02
2.860925077531939564e+02
2.861945059589681364e+02
2.862889465615315316e+02
2.863503316803638086e+02
2.862590426277756706e+02
2.862562129706923315e+02
2.863610913206184136e+02
2.862455978780674855e+02
2.862149822575907478e+02
2.863111132134853278e+02
2.862078208102169015e+02
2.862463028180207516e+02
2.863178894247587323e+02
2.862057210024786968e+02
2.863862293732317994e+02
2.862955132266019405e+02
2.860939138618916218e+02
2.862179385667184874e+02
2.861232529597528469e+02
2.863279091044628899e+02
2.865791267525164017e+02
2.865523697275600057e+02
2.865564498529494699e+02
2.865982292408000944e+02
2.866792578217580854e+02
2.863870798271533999e+02
2.864592405242353266e+02
2.864820258006261042e+02
2.864797615011180483e+02
2.865774193795332963e+02
2.868822695645424687e+02
2.867134477251229328e+02
2.867739047744257732e+02
2.867767985714730798e+02
2.866972948306283229e+02
2.867323087129244072e+02
2.869954461889641379e+02
2.869822519248656931e+02
2.869263641176608530e+02
2.871275403657591028e+02
2.871260134319253439e+02
2.869876377471193791e+02
2.870641919230661188e+02
2.871693469583403839e+02
2.871296582996958477e+02
2.870949244879523121e+02
2.870200486253189638e+02
2.871395234323301224e+02
