2.873625369645015439e+02
2.873276890089686049e+02
2.871380931774310739e+02
2.872420164277868366e+02
2.872143687141204964e+02
2.872850551808897421e+02
2.873008255698237576e+02
2.872530349552175153e+02
2.873159026478556939e+02
2.873477081566693414e+02
2.874623946614840975e+02
2.873541155078448810e+02
2.871912528138374796e+02
2.871135317716231725e+02
2.873925636431197859e+02
2.874929224591542720e+02
2.872425350004875213e+02
2.871612310457468880e+02
2.872607808025504141e+02
2.873906927724299294e+02
2.871872128736694663e+02
2.870916728070285444e+02
2.872862319241481259e+02
2.873647615832867928e+02
2.873618955172273104e+02
2.873989414993904461e+02
2.873136524173775115e+02
2.873734022801675110e+02
2.874669661797061622e+02
2.872240005125389075e+02
2.873959020487840803e+02
2.874799150215669101e+02
2.873223292319096913e+02
2.872462086912187829e+02
2.871851225546843693e+02
2.874791548653545874e+02
2.872422076772687092e+02
2.870573251443619824e+02
2.871776132319818657e+02
2.873623761429643082e+02
2.873889701619162906e+02
2.874161303623132540e+02
2.873789236711995727e+02
2.875497536394678946e+02
2.874382303909550842e+02
2.873681066215132773e+02
2.873995256713920980e+02
2.873863324263606387e+02
2.873680502637607788e+02
2.873432515046453659e+02
2.872885851345071728e+02
2.872217351168796426e+02
2.872582534018354750e+02
2.871763461130801716e+02
2.872025362716109953e+02
2.872702963164804828e+02
2.872328604759401856e+02
2.871494156222093466e+02
2.872818622889851667e+02
2.874909190018483400e+02
2.873954181134290025e+02
2.872973555458902410e+02
2.872496337617178597e+02
2.872125407913998174e+02
2.872335524144783108e+02
2.873176008759488695e+02
2.875046234488550567e+02
2.875766525238777263e+02
2.873926014135284959e+02
2.874375478050348534e+02
2.874879980281471035e+02
2.875739432427184852e+02
2.875580234407661919e+02
2.874131031672230279e+02
2.873716005608411592e+02
2.873681201689682894e+02
2.873579147248203753e+02
2.874290878437300307e+02
2.874953658319735155e+02
2.874297242748023677e+02
2.873547764577521662e+02
2.875913487467451546e+02
2.876415215116251716e+02
2.874742654047699943e+02
2.875460157661562448e+02
2.875687677169630092e+02
2.876631424803442769e+02
2.877369108748051758e+02
2.873768271875377991e+02
2.873829038542721150e+02
2.874239907191949328e+02
2.875218897180810700e+02
2.877499255101603239e+02
2.877184825874127796e+02
2.874034200202071361e+02
2.874369041208543081e+02
2.874327382201411751e+02
2.874634324256074365e+02
2.874720273038174696e+02
2.874968025958192470e+02
2.874687884742729693e+02
2.876535552880224600e+02
2.873928008875645332e+02
2.874225968995456810e+02
2.874784733062371629e+02
2.875167498139662143e+02
2.873659013881055557e+02
2.873565834151202694e+02
2.874670715365558067e+02
2.875211717393880804e+02
2.876342756759937629e+02
2.874926537512899358e+02
2.876407786043332067e+02
2.875603673367026545e+02
2.874149002549808074e+02
2.872022378283799071e+02
2.872968076346737689e+02
2.875211919441414921e+02
2.873162449474349955e+02
2.874738404794484836e+02
2.875797442101076058e+02
2.873411626539678423e+02
2.875018481174630551e+02
2.876234689795288091e+02
2.874250965169969163e+02
2.873002172211860170e+02
2.873549823729877630e+02
2.875224052072558152e+02
2.877425183238767659e+02
2.875757095295178374e+02
2.874657636021252074e+02
2.877244475170390956e+02
2.877486083950785201e+02
2.875122255522639989e+02
2.873858751240283027e+02
2.873139082286405142e+02
2.876699263237736659e+02
2.876022746998390289e+02
2.876184679741404011e+02
2.876967309085937927e+02
2.880511536190770130e+02
2.878861555073623890e+02
2.875726842627720998e+02
2.877540611660318177e+02
2.880511099947569278e+02
2.878799039549368217e+02
2.877757117730947698e+02
2.878509344751242907e+02
2.878795315737996248e+02
2.880678398917183927e+02
2.881611832372892081e+02
2.879786852502693932e+02
2.879874677472171811e+02
2.879473349629470249e+02
2.880050160484314574e+02
2.880503982604896578e+02
2.880050515355271159e+02
2.881439157801259512e+02
2.883778673135794293e+02
2.882399221096241604e+02
2.882855377275020601e+02
2.882511767229814268e+02
2.882409216961499965e+02
2.883621850934359259e+02
2.884482796601916448e+02
