2.863430669220339837e+02
2.863666082490552753e+02
2.863258096582733288e+02
2.864509572621537359e+02
2.864425218887444089e+02
2.864157565056612498e+02
2.863715841826631845e+02
2.862101591336338515e+02
2.862295010797332679e+02
2.863290040663822538e+02
2.863138613657819747e+02
2.863084641108552546e+02
2.862972660062214914e+02
2.863447783838940381e+02
2.864512986248840321e+02
2.864101333917272996e+02
2.863691139699697601e+02
2.862948870989731631e+02
2.863536645708010724e+02
2.864158751338890738e+02
2.864677605666736895e+02
2.864032977601843868e+02
2.862455696968336838e+02
2.862774702975905825e+02
2.863450272669393257e+02
2.864288014276491481e+02
2.864296941538626129e+02
2.865089999930351041e+02
2.864471751119569376e+02
2.864259612712864396e+02
2.863608106726244955e+02
2.863876935232691494e+02
2.863177556902497258e+02
2.862589107768842496e+02
2.861274680098077283e+02
2.862694954801615950e+02
2.863276785863808414e+02
2.863770098185655684e+02
2.863585777537797412e+02
2.862548224396873593e+02
2.863163233409046597e+02
2.861882764490773638e+02
2.862431045052086915e+02
2.862372518330977869e+02
2.863695149846859067e+02
2.864349197922512644e+02
2.863459923030941354e+02
2.864907611821103046e+02
2.865262516133428221e+02
2.865851648438272719e+02
2.865489491858178894e+02
2.864078047106395957e+02
2.863982945509612819e+02
2.862509477866741463e+02
2.861766177154379420e+02
2.862155657019932846e+02
2.863207857454738132e+02
2.863518282092873051e+02
2.863343345049076447e+02
2.863408760405728799e+02
2.863183936317719258e+02
2.863367781517258095e+02
2.862955063407814009e+02
2.861885761257453282e+02
2.862818512406565219e+02
2.864231703276118992e+02
2.865312811169031306e+02
2.865505037312461241e+02
2.865137872613774448e+02
2.864961749444390762e+02
2.865004984472902834e+02
2.864550931662098492e+02
2.864085279141260116e+02
2.865176015640033143e+02
2.863692698118355224e+02
2.863871556988212319e+02
2.864200201914769650e+02
2.865589729434292394e+02
2.864619290979805442e+02
2.864329130065879099e+02
2.863906165035850222e+02
2.864589542001897939e+02
2.864975832441276111e+02
2.865153270107466597e+02
2.864973586583803922e+02
2.864575742164205963e+02
2.866093670789831549e+02
2.865313207239447024e+02
2.864870624546857130e+02
2.864994499244380108e+02
2.865701182883206570e+02
2.865432228067182336e+02
2.864948341203183872e+02
2.865139104583062704e+02
2.864495992015865795e+02
2.864429759221021072e+02
2.864477302624665640e+02
2.865432687651851893e+02
2.866309360738208056e+02
2.866278854034218853e+02
2.865637495758061846e+02
2.864845212982370413e+02
2.866021146869085783e+02
2.866082743010936156e+02
2.866332191563577112e+02
2.866611755854028729e+02
2.866373918560214520e+02
2.866565216777043474e+02
2.866000966309996443e+02
2.866473513352017903e+02
2.866066733326334202e+02
2.865904628804748313e+02
2.866421494815255642e+02
2.866125694416900274e+02
2.865467983010132684e+02
2.866712088100770757e+02
2.866700336111382512e+02
2.866200029241281868e+02
2.866318180838312628e+02
2.866721095483027852e+02
2.867224220973754996e+02
2.866661150354563574e+02
2.865202300195007297e+02
2.866810303757552560e+02
2.867437375201723171e+02
2.868349680923141136e+02
2.867543922325998551e+02
2.867203402642267633e+02
2.867899896104275399e+02
2.868666333425155130e+02
2.867753090542335599e+02
2.867543884196180102e+02
2.866699129050161332e+02
2.863133078027325951e+02
2.864113018999969995e+02
2.865109685647620950e+02
2.865692637679268273e+02
2.866450446076256071e+02
2.867269119033207971e+02
2.866667105670790647e+02
2.868227867760837739e+02
2.867696206202811595e+02
2.864679427123270443e+02
2.863778628580263899e+02
2.867096307471920227e+02
2.867918443547720813e+02
2.867305804837411074e+02
2.869002245221355452e+02
2.869568804048071797e+02
2.871410556101395741e+02
2.871296377941213223e+02
2.871541447463759482e+02
2.871191966322215876e+02
2.871873081556439047e+02
2.871936789389395130e+02
2.871941769375934541e+02
2.870727074717751179e+02
2.870623353123277752e+02
2.872360608396838302e+02
2.872167191078207793e+02
2.871905102311548035e+02
2.872286273625891226e+02
2.871249415527342421e+02
2.871273371532108172e+02
2.871892292986795496e+02
