2.856735819970847956e+02
2.856915918279019024e+02
2.857260897134755737e+02
2.856654621499010887e+02
2.858200843655884569e+02
2.857263166654834663e+02
2.856484019268266934e+02
2.857014807127210929e+02
2.856178131601774908e+02
2.854677168683076047e+02
2.856190638765277185e+02
2.856401332865536915e+02
2.857294518805464918e+02
2.856289551909553097e+02
2.856503278176817275e+02
2.855164399895517704e+02
2.855105718420796279e+02
2.855675797402432181e+02
2.856196133042038241e+02
2.855048373428907666e+02
2.854749683257624611e+02
2.855597653038444719e+02
2.855738397706013529e+02
2.855370734144050289e+02
2.855378132735464192e+02
2.856410001863125103e+02
2.856279140475496661e+02
2.855988392289781928e+02
2.855076115867412341e+02
2.857282077862566325e+02
2.856072205306515457e+02
2.854449813081274101e+02
2.855205491809055616e+02
2.854069505359092886e+02
2.853342690158034429e+02
2.853015565876973483e+02
2.854240692569907196e+02
2.854952641099537800e+02
2.854116483893789109e+02
2.856030965351801569e+02
2.856223882882208613e+02
2.855763892395157768e+02
2.855322847054313229e+02
2.856058668673975944e+02
2.856302960283304060e+02
2.856134414151059104e+02
2.856964347811824609e+02
2.856139526398975477e+02
2.859063097433704002e+02
2.857587665499696072e+02
2.855442415031671430e+02
2.855294456785689476e+02
2.854636747857051091e+02
2.853298531266318605e+02
2.855421383647881726e+02
2.855270718825435665e+02
2.854813307635326396e+02
2.854269354639839094e+02
2.855843581261980830e+02
2.855859101101422652e+02
2.854928847930380016e+02
2.856093494565150763e+02
2.855459288113232219e+02
2.854800956011934545e+02
2.856276126096437906e+02
2.856807727006762434e+02
2.856682867243035275e+02
2.856989974219399642e+02
2.856089106161252289e+02
2.856014935354351678e+02
2.856726602815462570e+02
2.854900118948557406e+02
2.855543430772351599e+02
2.857533433481935958e+02
2.859341136405936368e+02
2.857980356084130449e+02
2.857297138401675625e+02
2.855048749748136174e+02
2.856374380085481448e+02
2.857855903326869225e+02
2.857091850152367556e+02
2.857001687266808858e+02
2.858063318898891225e+02
2.857864076322295546e+02
2.857665255605392076e+02
2.857303759209934242e+02
2.857258333189067230e+02
2.858464047076776637e+02
2.857665945415400870e+02
2.857300734339908672e+02
2.857141346627282132e+02
2.856591267664770726e+02
2.855356196371297983e+02
2.856515083627766103e+02
2.857126178362437372e+02
2.857130649275586052e+02
2.856984577579945039e+02
2.857785385937676210e+02
2.857430362385087506e+02
2.856634538491671265e+02
2.857316973216900351e+02
2.857805316975403116e+02
2.858492805026243673e+02
2.858972683589935855e+02
2.857985937196352211e+02
2.856809143634177985e+02
2.858096878529087235e+02
2.857430846585460813e+02
2.858276052370420075e+02
2.859229304581355109e+02
2.858383181305411540e+02
2.858251307113174562e+02
2.857714471065904149e+02
2.855347333448070799e+02
2.854806986061802832e+02
2.854366074080531348e+02
2.856736079504963755e+02
2.858668995729940434e+02
2.857553331794916289e+02
2.856562822522320744e+02
2.857752509027235988e+02
2.857072610348979538e+02
2.858387350487828940e+02
2.858719933887117008e+02
2.860070939262063803e+02
2.859512638634938071e+02
2.857304476170482417e+02
2.856763084555424257e+02
2.857507222525647990e+02
2.858010239443322007e+02
2.860038461639913976e+02
2.857712573018636135e+02
2.857391165094174426e+02
2.857533490392934823e+02
2.857374521873608160e+02
2.857942568034423516e+02
2.857857010078120652e+02
2.860460039505074405e+02
2.860675168646215525e+02
2.860203861217731287e+02
2.859978959129850864e+02
2.858744730256472621e+02
2.859057894074667843e+02
2.861116222886560649e+02
2.860401580871525766e+02
2.860359713439959819e+02
2.860383713361837295e+02
2.861468532771497735e+02
2.861571400690412474e+02
2.863456680155027811e+02
2.863706808569807549e+02
2.864318198642687889e+02
2.864259924540946827e+02
2.864552055217357065e+02
2.864143830113720242e+02
2.864457085431500900e+02
2.863662411883923369e+02
2.863407089681253979e+02
2.862906590882136584e+02
2.864852194969142261e+02
2.865872530551770865e+02
2.863609434068884525e+02
2.863063774080104054e+02
2.865463202717174909e+02
2.864609780997524240e+02
