2.869290510739485285e+02
2.869289427107687516e+02
2.865944283739887055e+02
2.867789387187834222e+02
2.870039687384340255e+02
2.868604722815751416e+02
2.866465484169961542e+02
2.867040522658343775e+02
2.869314724939586654e+02
2.870260895724744046e+02
2.868404250598738940e+02
2.866314155330163089e+02
2.867832475161637262e+02
2.870081000118426005e+02
2.867244591891048344e+02
2.864384716982293071e+02
2.866043092779282233e+02
2.869525936520021787e+02
2.869282083375343859e+02
2.867141680236133539e+02
2.868002902589794871e+02
2.868591773777862386e+02
2.867065974322545685e+02
2.866451060648602720e+02
2.869620437107158182e+02
2.869566991975636370e+02
2.866937071772545664e+02
2.868085766891580306e+02
2.869618177043834635e+02
2.870490804590042444e+02
2.871005410480582896e+02
2.866898329870782050e+02
2.866565069919116127e+02
2.868217422148594551e+02
2.866851368620463631e+02
2.865274159345158864e+02
2.866119029164967742e+02
2.867856640266649606e+02
2.868979633859312344e+02
2.868590372599865077e+02
2.868944005886764330e+02
2.865947739697273278e+02
2.865976552382746831e+02
2.867926212432385569e+02
2.869965099366019672e+02
2.867415889936330018e+02
2.866592550809488102e+02
2.868234990777650069e+02
2.870585862346281374e+02
2.869257700921350533e+02
2.867301731895489070e+02
2.868236144549211986e+02
2.869253748690549628e+02
2.869342640780912461e+02
2.867969330811251325e+02
2.870037617946231308e+02
2.868569470912914881e+02
2.868118018329441838e+02
2.869615503396629492e+02
2.870426414155523958e+02
2.868516960788343226e+02
2.870082594280969488e+02
2.868897565903125155e+02
2.864573930823180490e+02
2.865932958834366104e+02
2.868177057092872815e+02
2.870250918381838687e+02
2.867519801006945954e+02
2.867554524712002149e+02
2.868187405244606225e+02
2.870220278301605958e+02
2.872764204229446818e+02
2.869752132108930027e+02
2.867040462096337592e+02
2.870033259850081322e+02
2.870138857273579447e+02
2.867995556764042817e+02
2.868888194717563920e+02
2.871319847080278578e+02
2.871688977379873791e+02
2.869715032082870607e+02
2.869733304775076022e+02
2.869509908570080370e+02
2.868142405875310033e+02
2.869016281836475741e+02
2.870787134217561629e+02
2.868339814145670061e+02
2.866954098426007818e+02
2.868044403000101852e+02
2.870233999878112172e+02
2.869180495164429772e+02
2.870823786631489725e+02
2.870967333866808531e+02
2.869135619483684536e+02
2.867399817899933510e+02
2.868146153108133376e+02
2.870688575867719123e+02
2.870679902405460666e+02
2.868105028426157901e+02
2.868360434919985664e+02
2.870689033897391482e+02
2.870269215968888261e+02
2.868500778915209821e+02
2.867217676009723277e+02
2.867616470313250261e+02
2.869250859485979390e+02
2.871741218667389717e+02
2.871045208840775445e+02
2.867627887488424108e+02
2.868201831557788068e+02
2.868979295072714990e+02
2.871747056122576964e+02
2.872426569582376601e+02
2.867524679325321699e+02
2.865475484415169944e+02
2.868502562847615422e+02
2.869540529498734713e+02
2.867561590331812340e+02
2.869416427130416878e+02
2.869851040596301459e+02
2.868501428257059729e+02
2.870752485835627681e+02
2.871051315854654149e+02
2.869171761503660605e+02
2.868353081389792578e+02
2.869249127134201558e+02
2.869469808714935084e+02
2.868931531000247332e+02
2.868425676689840884e+02
2.870999841677733571e+02
2.873055924938220755e+02
2.871690896573667828e+02
2.870871229094428259e+02
2.870738570936902647e+02
2.870259496742278316e+02
2.869099541714705310e+02
2.868613181483945027e+02
2.871325163261448097e+02
2.874199501653302491e+02
2.871641425300314836e+02
2.872150052957122739e+02
2.873927250567859915e+02
2.871637782953008013e+02
2.871087927026037505e+02
2.871866407441235083e+02
2.872128662975666771e+02
2.871593870903558354e+02
2.872222941305147970e+02
2.873550668305821318e+02
2.875959445092741475e+02
2.876020209302002399e+02
2.873657221772321577e+02
2.873721568599749503e+02
2.876070779379536475e+02
2.876379798314864615e+02
2.875429914435816272e+02
2.873079430335301936e+02
2.872911457334803913e+02
2.874620472339371986e+02
2.877004993293269877e+02
2.874706864703686620e+02
2.875409928124151406e+02
2.875000280305739011e+02
2.877045547266110930e+02
2.878200602834195365e+02
