2.881219369175436782e+02
2.883385110115654584e+02
2.883867328243858879e+02
2.881831943636985329e+02
2.881203230828729147e+02
2.882419839274157312e+02
2.883072584843487789e+02
2.883863189048810796e+02
2.883556513908164334e+02
2.881623281260746694e+02
2.883083632751597634e+02
2.885348380301838915e+02
2.882330600036138435e+02
2.880291799118180052e+02
2.880054722800918512e+02
2.883579280631608412e+02
2.883900165337107069e+02
2.879495196924466995e+02
2.878676837788020748e+02
2.879652909362308719e+02
2.880309246046807630e+02
2.880430550425530214e+02
2.881271093695277159e+02
2.882254019348742986e+02
2.883015430718260745e+02
2.881385504330148706e+02
2.881461559569164024e+02
2.883221878899359467e+02
2.883139252338480674e+02
2.881595126242863216e+02
2.882670245366996369e+02
2.884179951595647822e+02
2.882182439453264351e+02
2.880095199992612720e+02
2.877898748865625294e+02
2.881939989946135370e+02
2.881709918090710403e+02
2.879260031709337682e+02
2.879101197120657503e+02
2.880371014367039493e+02
2.882279514292658860e+02
2.882686687854316006e+02
2.881955313120575397e+02
2.881283403974377393e+02
2.881385298516721036e+02
2.881569193758968481e+02
2.880809784009741747e+02
2.880952181454151741e+02
2.883555382015663895e+02
2.885550670308921895e+02
2.883244500994903206e+02
2.880882551730417163e+02
2.881223305479296073e+02
2.881416941969151253e+02
2.883996487990361857e+02
2.882082400412596712e+02
2.879297420975707382e+02
2.879013536745103465e+02
2.881643352208641886e+02
2.882898903750946715e+02
2.885484439817295765e+02
2.882741446970945844e+02
2.880087294883193749e+02
2.880653716872496943e+02
2.882556939731783814e+02
2.884409294784560984e+02
2.882706940001741600e+02
2.881013945973145951e+02
2.881507040234832289e+02
2.883356028966165354e+02
2.884211398588155362e+02
2.882105526473855548e+02
2.881306970299564227e+02
2.881617784270445668e+02
2.884236816642742838e+02
2.884841179131636295e+02
2.881394686139617534e+02
2.880808724905259055e+02
2.882093890008723065e+02
2.883492196248926689e+02
2.884179372966916048e+02
2.882680684932541340e+02
2.882098842437754342e+02
2.884861185269982116e+02
2.885080542750056907e+02
2.881758126743225716e+02
2.882632601987364183e+02
2.884417763580808582e+02
2.886360483760850002e+02
2.882945305835778527e+02
2.882091947917897414e+02
2.883677209912883654e+02
2.884017168592627627e+02
2.885433022570176149e+02
2.885602573149367345e+02
2.882710836805488270e+02
2.882138696903285222e+02
2.882913551867379169e+02
2.882854598688764440e+02
2.885401110565475165e+02
2.884921289096611758e+02
2.883476726987537972e+02
2.883954856685510890e+02
2.883367062504079854e+02
2.883280149817759934e+02
2.884572266636988616e+02
2.884144746618044906e+02
2.880790636322624891e+02
2.881151787090116727e+02
2.882864341744093508e+02
2.883627942572183542e+02
2.883725168722926924e+02
2.884281363976314765e+02
2.880651288920699358e+02
2.879206580270488871e+02
2.880908839447269543e+02
2.882223577306453421e+02
2.881298150892828858e+02
2.881948754770568826e+02
2.884060718163185015e+02
2.883022591761906028e+02
2.881143740483576607e+02
2.881771771066655106e+02
2.882521544274309804e+02
2.883157326702614114e+02
2.883685362754605990e+02
2.885861793426685722e+02
2.884524727042796144e+02
2.881584953668325966e+02
2.883330747983023343e+02
2.885439108616887438e+02
2.886557988658293539e+02
2.883269102173921397e+02
2.881240153145947147e+02
2.882372615754286471e+02
2.883255789565839677e+02
2.885322457324652419e+02
2.887478906366334854e+02
2.884219323664470949e+02
2.882837740081208722e+02
2.884964925468210026e+02
2.887890671214895519e+02
2.883967925217995116e+02
2.881944506627396549e+02
2.882316149455888308e+02
2.884059608249212374e+02
2.886891666263392722e+02
2.888306383152414014e+02
2.884789606069967363e+02
2.885001156304006713e+02
2.887902721162121793e+02
2.886823887911249926e+02
2.886742628218004825e+02
2.889999472747354616e+02
2.889987063602507646e+02
2.886543897424025431e+02
2.886600125009832141e+02
2.887430429623940427e+02
2.888895075287741747e+02
2.889822869039242619e+02
2.891669127387916092e+02
2.887643057161968159e+02
2.887805848420849202e+02
2.889902106372703088e+02
2.889889094667241807e+02
