2.880037019120124455e+02
2.881160387583354918e+02
2.882837867160917540e+02
2.881218605143819218e+02
2.880949123349562910e+02
2.882774648735793903e+02
2.884693561320152639e+02
2.881511053875055950e+02
2.880626874174720911e+02
2.882060385926690742e+02
2.882101898899415460e+02
2.882021393843465944e+02
2.881500722723351942e+02
2.880642124246769527e+02
2.882590913388173135e+02
2.883468464364221404e+02
2.881192627533335440e+02
2.880769242327467055e+02
2.882490386748903575e+02
2.883951385700823380e+02
2.880520355033445412e+02
2.880042388969280296e+02
2.881853388327768357e+02
2.883294335503949810e+02
2.884481877342427083e+02
2.883755178393985261e+02
2.879600079883289254e+02
2.880803153033742205e+02
2.882125712781666493e+02
2.882205510088825235e+02
2.881381017779166882e+02
2.883882444729343320e+02
2.884665556364831787e+02
2.881305539088684213e+02
2.876931755839505627e+02
2.877132978489345874e+02
2.878620758153085148e+02
2.880598882060384653e+02
2.881163379084950407e+02
2.881957741927804477e+02
2.883540285518892006e+02
2.880563931253616943e+02
2.880241465174291875e+02
2.880971308977385092e+02
2.883491388019310193e+02
2.884354736256246383e+02
2.881661430938084436e+02
2.880193261944729670e+02
2.881668469384821947e+02
2.881622863773283143e+02
2.881533412247422916e+02
2.882387529518650240e+02
2.884485591045041133e+02
2.882331410041456365e+02
2.880065010722559578e+02
2.880414450521184335e+02
2.881702232562093968e+02
2.882685712859944260e+02
2.882260176427946590e+02
2.879540796538045129e+02
2.879807023903568961e+02
2.880847117283232706e+02
2.880936913837879843e+02
2.879953038030131438e+02
2.879878877455864199e+02
2.882244128008778716e+02
2.882833563516628033e+02
2.883124431322340797e+02
2.883661501042939221e+02
2.882142549148766761e+02
2.882440668434584836e+02
2.882806318144786246e+02
2.884274285740613664e+02
2.883772717949237290e+02
2.882786350520605652e+02
2.882559600736847756e+02
2.882948867913082154e+02
2.883055950845354118e+02
2.882419700104777007e+02
2.881996139508990495e+02
2.883625446834441846e+02
2.882470787075608882e+02
2.883232547889149942e+02
2.883244893252136194e+02
2.882261865302351111e+02
2.882149576162913718e+02
2.884357343037600003e+02
2.886868468397659058e+02
2.884831560110732767e+02
2.883318659642702642e+02
2.883772162687171772e+02
2.883449701388366861e+02
2.885616766870761012e+02
2.885521346960267124e+02
2.883390804779738801e+02
2.882965570406117308e+02
2.882824334163088338e+02
2.883252138502055573e+02
2.883969147622099740e+02
2.884983691449511412e+02
2.883693962653692893e+02
2.882091154262254804e+02
2.882139637346074892e+02
2.881982525188881823e+02
2.883050566747476182e+02
2.884375455864712876e+02
2.885780517284526354e+02
2.885861037329652277e+02
2.883624185690849231e+02
2.882105189200324844e+02
2.882489845781796589e+02
2.884795266374874814e+02
2.887215536269016525e+02
2.883382247101209259e+02
2.880928405885456414e+02
2.881357084099533949e+02
2.883066440487212390e+02
2.884356198634856696e+02
2.881459308603352270e+02
2.881704973215340146e+02
2.884912397561532771e+02
2.884861606571621451e+02
2.882881781746709180e+02
2.882401223933891856e+02
2.881403624839628606e+02
2.881946945758112975e+02
2.885039166205899051e+02
2.884161289312859822e+02
2.883204098516250724e+02
2.883710957687084147e+02
2.885477717775504516e+02
2.887351133965714212e+02
2.884164437398838459e+02
2.881861075830235563e+02
2.882562957013489040e+02
2.885182360989979315e+02
2.887447541072348827e+02
2.885713281094870695e+02
2.883651245066567981e+02
2.884330655529429919e+02
2.885948876494153978e+02
2.887417054386219206e+02
2.883163330839816467e+02
2.880882182119796084e+02
2.882513070503187578e+02
2.884505314131158684e+02
2.888577097083244212e+02
2.888532283143990185e+02
2.884816989365223776e+02
2.884536209543077234e+02
2.886048014649091442e+02
2.889323602869642400e+02
2.890795477492012537e+02
2.889509366027274382e+02
2.886768387976452459e+02
2.888088699174466569e+02
2.888673930838114075e+02
2.891171645063433857e+02
2.890888834230004818e+02
2.887632796086175517e+02
2.887481678565159768e+02
2.888581072691735017e+02
2.891082265849697137e+02
2.891441667427810103e+02
2.888716607174505384e+02
