2.864982308462938931e+02
2.866291280153970433e+02
2.866560646949232023e+02
2.866237298085734437e+02
2.865154794740269608e+02
2.864442725004228691e+02
2.865851841071579429e+02
2.864299664653665900e+02
2.865707830783750865e+02
2.865940964521582259e+02
2.864508039416693350e+02
2.863173463365326938e+02
2.863867334029885114e+02
2.865065396329811165e+02
2.865054882911742311e+02
2.862457376500303781e+02
2.863155971874439842e+02
2.864850545469452641e+02
2.863944864384796460e+02
2.863862532009111987e+02
2.865231551366095459e+02
2.865593672393459883e+02
2.863889983589187977e+02
2.863947300339499975e+02
2.864903681457071798e+02
2.863406891046396368e+02
2.862734599560058655e+02
2.862289644990981401e+02
2.865257692826205584e+02
2.865717961556925388e+02
2.863833274072262043e+02
2.863291226359343113e+02
2.864488178435562418e+02
2.864038457332921439e+02
2.861057959168733760e+02
2.862560513550310475e+02
2.863284257902531067e+02
2.863542002485887679e+02
2.863467864954579909e+02
2.863606770625332842e+02
2.864492955125924141e+02
2.862053365787780876e+02
2.862356671909305987e+02
2.863633012400127882e+02
2.863550773365547570e+02
2.865998961986749691e+02
2.865979247949464366e+02
2.864512747347168897e+02
2.863924382087455456e+02
2.863656447674060814e+02
2.864548120688014592e+02
2.864931272742988426e+02
2.865606613250022292e+02
2.862709135506447069e+02
2.862773650842351003e+02
2.864804407839476426e+02
2.866446239483483964e+02
2.863684162386728644e+02
2.863395143528102267e+02
2.863325034518283587e+02
2.863139366573652183e+02
2.863327718370312027e+02
2.863461294473890462e+02
2.863381691885206237e+02
2.863192328011768950e+02
2.863474531744031992e+02
2.862619161149973479e+02
2.864062734953672589e+02
2.865473694035585481e+02
2.864486756268578915e+02
2.864379865804396559e+02
2.864656567596596233e+02
2.864801208285413736e+02
2.865230497875625701e+02
2.864273218112079462e+02
2.864557356245957180e+02
2.865674885147067812e+02
2.866897543081410618e+02
2.864248481947761320e+02
2.864550295555233106e+02
2.866289226431364909e+02
2.865510718088061708e+02
2.865584975747162275e+02
2.867671565611338451e+02
2.865764273831640025e+02
2.866263030282694331e+02
2.866246898269318990e+02
2.865639410174242698e+02
2.867235422514852416e+02
2.866762582572379756e+02
2.866975301384111390e+02
2.868439373629553870e+02
2.865554599869528261e+02
2.866132531480777743e+02
2.866675987298560244e+02
2.866351369312587281e+02
2.867807635217978373e+02
2.867107518207007502e+02
2.868432166917074824e+02
2.868222855674744665e+02
2.865192379486430241e+02
2.864986287023700129e+02
2.867032232872828104e+02
2.866303587966465329e+02
2.866300602190399331e+02
2.866118918780781541e+02
2.864276261273454907e+02
2.863174969068882660e+02
2.863740135367048083e+02
2.865184801722652423e+02
2.865191912107028998e+02
2.863536462041486175e+02
2.864849308765074056e+02
2.864531720346712405e+02
2.862694781057611522e+02
2.861537226086280157e+02
2.863526810620809897e+02
2.863362959856908105e+02
2.862469997341655699e+02
2.863127461055570961e+02
2.863107902265208509e+02
2.863246390601815961e+02
2.862687026886311514e+02
2.860824786302889038e+02
2.861717966354969462e+02
2.861353020672437992e+02
2.861238239918964723e+02
2.864157723975955037e+02
2.864466788867555920e+02
2.864478009337121875e+02
2.863113508001060268e+02
2.863518891020542014e+02
2.864183682886166480e+02
2.864834284571321064e+02
2.865169286813136864e+02
2.864614854420476036e+02
2.864848649272930174e+02
2.863243173965217352e+02
2.865951200143717301e+02
2.866604809878131732e+02
2.867099742364679855e+02
2.866305239417779944e+02
2.863693997939276983e+02
2.863282948088339595e+02
2.864881881683041343e+02
2.866190863983230770e+02
2.866221249580231074e+02
2.867483138550874742e+02
2.868434577149142228e+02
2.868704109918865583e+02
2.868366273815121872e+02
2.868287664158349344e+02
2.870242140953066041e+02
2.870150929785766039e+02
2.870122226793669711e+02
2.870375971244895368e+02
2.870347133202637906e+02
2.870232837763149405e+02
2.870297668904100874e+02
2.870402657561825777e+02
2.871381056594765937e+02
2.873480132919139010e+02
2.873610097122846128e+02
2.874403521078496055e+02
2.875242865828099639e+02
