2.870563476916810828e+02
2.874182131420416795e+02
2.872157910463477606e+02
2.869495082417964227e+02
2.872498754116144255e+02
2.873220398051708457e+02
2.873057651539436392e+02
2.870822978604909395e+02
2.872091670053966936e+02
2.873827948471864602e+02
2.873349123717435418e+02
2.871080644826542425e+02
2.872837204709014145e+02
2.872829107379810125e+02
2.871168644928040976e+02
2.871695353142340537e+02
2.873910491061964763e+02
2.872997025631114525e+02
2.874000347656574945e+02
2.874281724471024404e+02
2.875667826497005990e+02
2.873696565999202335e+02
2.873547481008791351e+02
2.874579639454157700e+02
2.873936072050317421e+02
2.873131843642302670e+02
2.870701803476977148e+02
2.871335054721299684e+02
2.873416658839922206e+02
2.872370218966216839e+02
2.870368332515756151e+02
2.871970660962452371e+02
2.869476653445054239e+02
2.870408438369034343e+02
2.869260756355628246e+02
2.869754407517593222e+02
2.868875122908945059e+02
2.867904938509890940e+02
2.871901758082009906e+02
2.874254853619626715e+02
2.872007436742545110e+02
2.866319870431581762e+02
2.868027312227328025e+02
2.871254568449325575e+02
2.871071557567357218e+02
2.871830813598763825e+02
2.873326178358572065e+02
2.872797508024775084e+02
2.873858429382487998e+02
2.872916779740041306e+02
2.872732310922145871e+02
2.872923249815716531e+02
2.871885140270804868e+02
2.867918730210063245e+02
2.869558759035205071e+02
2.870427466713567242e+02
2.871070280059906850e+02
2.871705908921921377e+02
2.871562416533332112e+02
2.868905024480056341e+02
2.870283891902660116e+02
2.871664488310201477e+02
2.867155025574108436e+02
2.867644584168805295e+02
2.872363133250937608e+02
2.871029148103481816e+02
2.867632132727601402e+02
2.872739296680961161e+02
2.872119598560261124e+02
2.874182151439143240e+02
2.872706637532567129e+02
2.869788896863602190e+02
2.873338545364345578e+02
2.871697321447927038e+02
2.870384794833770457e+02
2.872367013896802632e+02
2.873908720080598300e+02
2.874570364477021371e+02
2.872846372321715194e+02
2.871833940893286012e+02
2.873383405096286651e+02
2.873593466912920462e+02
2.874141432330209796e+02
2.873476896179681148e+02
2.871926401262244326e+02
2.872055519839672684e+02
2.871130870897569025e+02
2.870466872841859072e+02
2.868881492791164192e+02
2.873862747910163762e+02
2.872205261886483640e+02
2.870515764476609206e+02
2.873311580947006405e+02
2.871180672695771250e+02
2.869810956844572729e+02
2.870434721745658635e+02
2.873867592914983220e+02
2.872364643301243063e+02
2.869994900730032441e+02
2.872215605770531965e+02
2.873561126763466405e+02
2.872446429216054185e+02
2.871236003672213428e+02
2.869868590928104481e+02
2.872647913377238069e+02
2.870874320894712923e+02
2.872570791829900259e+02
2.871318367301791454e+02
2.868186636032169758e+02
2.869560003156466337e+02
2.873124560422959917e+02
2.872703013741583504e+02
2.871001878679099377e+02
2.871900688038003864e+02
2.869711382583781756e+02
2.871207311534229802e+02
2.870108684422738747e+02
2.869016528502360757e+02
2.872257991360266374e+02
2.871816543031754350e+02
2.872637659788561564e+02
2.870233666094526939e+02
2.872661295507822956e+02
2.870816446758635152e+02
2.867579260900491818e+02
2.870137074659726864e+02
2.870939985787266551e+02
2.868598603362254948e+02
2.870325251168488307e+02
2.871898287807738939e+02
2.871729910375949544e+02
2.872349236129313113e+02
2.873086321057530768e+02
2.869119146104749802e+02
2.870618977653085153e+02
2.870984189152387671e+02
2.869272774219531925e+02
2.873234548903325845e+02
2.870414563702544797e+02
2.870076924099765279e+02
2.873579052805484935e+02
2.871009068913198803e+02
2.868958940144918870e+02
2.870886479954754122e+02
2.872125995314015086e+02
2.873230346251854712e+02
2.872950132114706889e+02
2.875191523394134379e+02
2.875186496855289420e+02
2.872972714759084170e+02
2.874303741578428344e+02
2.876312717424511334e+02
2.876346992220963443e+02
2.873197892390437573e+02
2.874384411941347821e+02
2.877031760670730591e+02
2.877789086496643449e+02
2.876696459647918687e+02
2.875205798709694704e+02
2.879053459247312503e+02
2.877078756893452578e+02
2.876506379222060445e+02
2.878596728151694037e+02
2.878558895531907638e+02
2.878068542485615922e+02
