2.882592482378824457e+02
2.882464701579722259e+02
2.880667390517695026e+02
2.881075014686886107e+02
2.884345754708985510e+02
2.884096369638412511e+02
2.880793883803730751e+02
2.879509975766732737e+02
2.881330939219792526e+02
2.881880065123557415e+02
2.884974593460852930e+02
2.883350426793640509e+02
2.880049750527078345e+02
2.879899890271632898e+02
2.881634821135753555e+02
2.883343679997842059e+02
2.882762842767046436e+02
2.879654274775404588e+02
2.880724820780520758e+02
2.882960707515906051e+02
2.882925884421565002e+02
2.881412572371506826e+02
2.880991306529194844e+02
2.881628933333071814e+02
2.883354911757193122e+02
2.884159764528152436e+02
2.882562879125829909e+02
2.881687414040482054e+02
2.880685917367939624e+02
2.881965958145645459e+02
2.881275208483517076e+02
2.879924522964359426e+02
2.880947469663799438e+02
2.881386039972678077e+02
2.880291214360799472e+02
2.879660480620409544e+02
2.878985128907689841e+02
2.879728156250109237e+02
2.880200306630702585e+02
2.880390858860112644e+02
2.883346753901457191e+02
2.882823386391191320e+02
2.880393236496308873e+02
2.880010597675318422e+02
2.882276060659243626e+02
2.883444381201676947e+02
2.881662734220702191e+02
2.881479668205793701e+02
2.881602278751016115e+02
2.882751013543332874e+02
2.882454875282047055e+02
2.881415646598223361e+02
2.881506422280426705e+02
2.880446812349173911e+02
2.879959368922032468e+02
2.881800430798821822e+02
2.882415064296008040e+02
2.882237615856812454e+02
2.881267072959522579e+02
2.882715336407400741e+02
2.881575196229782136e+02
2.882396165316111478e+02
2.881808371803496129e+02
2.882241947928262107e+02
2.882399657499826162e+02
2.882222714195674484e+02
2.881103183397992780e+02
2.881795957533552155e+02
2.883449603913855412e+02
2.883164716230535873e+02
2.883933432575499296e+02
2.882495467989089661e+02
2.882239632110809566e+02
2.883256548099005272e+02
2.883759616020677754e+02
2.881607890887942176e+02
2.882275610184947823e+02
2.884641510265963120e+02
2.885972493281980178e+02
2.883430200839840722e+02
2.881490861633282066e+02
2.882329115635967582e+02
2.883968058252063997e+02
2.884348066149518672e+02
2.882957023796619751e+02
2.882004473160496332e+02
2.882534670148721716e+02
2.883879760830670307e+02
2.884402287633230344e+02
2.883269201529957400e+02
2.883640159744462608e+02
2.885322523655334521e+02
2.884567554995911109e+02
2.883429834833974610e+02
2.883058228164040315e+02
2.883365494599184444e+02
2.885087375085986423e+02
2.884373394144886902e+02
2.882043743996028411e+02
2.883060185934195374e+02
2.886263311667431708e+02
2.883960421714759264e+02
2.882770741084767678e+02
2.883389186397149047e+02
2.884203872120377241e+02
2.884973549234543952e+02
2.884732801068693675e+02
2.883570218202667661e+02
2.882829032148051738e+02
2.883409485434152089e+02
2.885647027432939353e+02
2.885158388895110875e+02
2.881369957296552116e+02
2.880662511779257215e+02
2.881262660200616210e+02
2.881687904128791615e+02
2.882639409823592018e+02
2.884131020984033853e+02
2.882329757170888911e+02
2.880726395661642414e+02
2.882690953425216662e+02
2.884333395263163879e+02
2.883726584028394200e+02
2.882950682640455966e+02
2.882338406830002100e+02
2.883263173878033854e+02
2.884441727979660186e+02
2.886207530238989989e+02
2.884864686028921028e+02
2.884728150346618349e+02
2.885260467709857721e+02
2.884745753220576603e+02
2.883390463670175450e+02
2.882807611656034510e+02
2.883185571515243169e+02
2.883613222512268521e+02
2.885087672231201736e+02
2.882236770979789071e+02
2.882490608665890477e+02
2.883552305288214370e+02
2.884757693287996858e+02
2.886197098498446394e+02
2.883222966660125621e+02
2.880693394920153878e+02
2.882086527012328361e+02
2.885337750571168272e+02
2.887715878135194885e+02
2.885666006041489027e+02
2.885266534080938641e+02
2.886011032986561418e+02
2.887378410685827816e+02
2.888746264820347847e+02
2.884173500134052688e+02
2.884145090256992034e+02
2.886420054910769295e+02
2.889656937010851721e+02
2.891215659300244738e+02
2.887894697603014151e+02
2.886933848528609019e+02
2.888047483262340052e+02
2.891608485200769678e+02
2.890298972822914720e+02
2.887781644264703118e+02
2.888653957132632399e+02
2.891146342870013655e+02
