2.863817833554538197e+02
2.862427883584093138e+02
2.863631567619357270e+02
2.865091671185236351e+02
2.865965260292110770e+02
2.864189554711765595e+02
2.864848997894440004e+02
2.865232217897037117e+02
2.865547765611806881e+02
2.865609507926183710e+02
2.867301424022380729e+02
2.864421658077236543e+02
2.863784980255188088e+02
2.864382884247655738e+02
2.865137943856734069e+02
2.866689568754432003e+02
2.868172361804705019e+02
2.866758435804409260e+02
2.865198288712884391e+02
2.866220294490331071e+02
2.866233473298891568e+02
2.864614093700245121e+02
2.865235308259385079e+02
2.866382167911628471e+02
2.864416543647720914e+02
2.864775827266124111e+02
2.864280806299474307e+02
2.863749849872559707e+02
2.863650737768542172e+02
2.863385207381876398e+02
2.863485334615500619e+02
2.863055384033715427e+02
2.863351863966393012e+02
2.865219453026310816e+02
2.864655194239969660e+02
2.863865927174088029e+02
2.863017641335629264e+02
2.863653058203412343e+02
2.865493009747935389e+02
2.866844061552714606e+02
2.865710080056135212e+02
2.864787151012596382e+02
2.863763054285642511e+02
2.865454048915696035e+02
2.866167917279642552e+02
2.864675276057279802e+02
2.866152670737348558e+02
2.866893975221478854e+02
2.866529148947254271e+02
2.865169676231489575e+02
2.864887989219996030e+02
2.864783836308887430e+02
2.863765912557550450e+02
2.863181770814318270e+02
2.864192412743022373e+02
2.862953187770388581e+02
2.863271681836173457e+02
2.863620145259181413e+02
2.865331693573041889e+02
2.863758069144550404e+02
2.863813757375556861e+02
2.865250361497516565e+02
2.865471762506394384e+02
2.865156991395190857e+02
2.864979283140375514e+02
2.863997231624774145e+02
2.865066899826492204e+02
2.867294829259615767e+02
2.864967036829875155e+02
2.864462262113474935e+02
2.865481585321229545e+02
2.867933871694841059e+02
2.869158502682006997e+02
2.866741170580494327e+02
2.866217105894123165e+02
2.866387949572928164e+02
2.867444747647436998e+02
2.867090739275839724e+02
2.865139795570777892e+02
2.865984537421365417e+02
2.868520940578662248e+02
2.866036123518564978e+02
2.865523298542847783e+02
2.867480223452522523e+02
2.867569000334024167e+02
2.866612816826987000e+02
2.866311433288553303e+02
2.864814134239222767e+02
2.864769606367306096e+02
2.867279169068787041e+02
2.866250701768125850e+02
2.865773556961780173e+02
2.865725422392294490e+02
2.866612886408927920e+02
2.866878913832065905e+02
2.867158948853742686e+02
2.866711974690887814e+02
2.867483510524845087e+02
2.867861987428275938e+02
2.866704167518699364e+02
2.866232272868912219e+02
2.866342770329147243e+02
2.866641286535588620e+02
2.865755268374340403e+02
2.866402525481700536e+02
2.865737924050307015e+02
2.865507706630932034e+02
2.867120660700030044e+02
2.866235783151433907e+02
2.865829293338210846e+02
2.866065380124262560e+02
2.865269548778988451e+02
2.865294864183723007e+02
2.864535205288929660e+02
2.863664132364571060e+02
2.863238087382730441e+02
2.863904805329839860e+02
2.862548481574216339e+02
2.864149191143765734e+02
2.863632213759898377e+02
2.862925491175497541e+02
2.863209831121393449e+02
2.862368186978737299e+02
2.862168774399379458e+02
2.863231148390267435e+02
2.861218555748886274e+02
2.862238106536885311e+02
2.864490305903690910e+02
2.864754345456382794e+02
2.866501451008870731e+02
2.866796241516437362e+02
2.865956405429087681e+02
2.865733104816446826e+02
2.865798672666238076e+02
2.865439937374353576e+02
2.865199719602873643e+02
2.866096139775800680e+02
2.863561428112626004e+02
2.863334540878600478e+02
2.866429674711784514e+02
2.865874065122606567e+02
2.866903782738071982e+02
2.862881422495526635e+02
2.862932821050894177e+02
2.863951311100211683e+02
2.864615362464454620e+02
2.865847371169320468e+02
2.867462213152605273e+02
2.867528962137036501e+02
2.867755171897241553e+02
2.868967636302267010e+02
2.869305242985071231e+02
2.870433773774951760e+02
2.870758977647605548e+02
2.869794903624934364e+02
2.869127596103467681e+02
2.868806663995206350e+02
2.869538247983255133e+02
2.870570752307338580e+02
2.873650317441993707e+02
2.871675064769750634e+02
2.872359746990003373e+02
2.873787674471702189e+02
2.874378680237765025e+02
2.874891337726594998e+02
