2.867827850110767827e+02
2.865677063478108835e+02
2.865348997397384778e+02
2.866139100659377164e+02
2.866736958131641586e+02
2.868102323471350701e+02
2.868938181611140976e+02
2.867573553463375902e+02
2.865431322562146192e+02
2.865505484418706601e+02
2.866703587258525658e+02
2.867915571450825496e+02
2.865740468805597629e+02
2.863987361327592680e+02
2.865341024498164302e+02
2.866909336758946552e+02
2.867319016882499909e+02
2.866108711048185000e+02
2.868497012542481457e+02
2.868280938429616640e+02
2.866788927137033056e+02
2.865845422733705163e+02
2.864639631146913530e+02
2.865662568933771581e+02
2.867275172563367391e+02
2.867020899733934698e+02
2.866163945995976405e+02
2.865981389017829883e+02
2.866047703248059975e+02
2.867115682778032806e+02
2.867818224972810413e+02
2.867198175916169589e+02
2.867121204800664600e+02
2.863965100033614135e+02
2.861231315409566491e+02
2.863669717071474565e+02
2.863807971154154757e+02
2.865442666936485239e+02
2.866322821020889364e+02
2.867245817377801131e+02
2.866860874511423276e+02
2.864052805416385468e+02
2.864030985564364187e+02
2.863646388155461295e+02
2.863579120127175770e+02
2.866210222942099790e+02
2.866113685290152944e+02
2.865563359344976107e+02
2.865102399661832919e+02
2.866792960973022559e+02
2.867958578006247308e+02
2.868105126382231447e+02
2.867781111785934058e+02
2.866406118132559300e+02
2.865773561069577795e+02
2.867264407273482902e+02
2.867652642864019867e+02
2.867271389706831428e+02
2.867346403480959793e+02
2.867608485004498107e+02
2.867648355709266070e+02
2.867754496393372960e+02
2.866406662579572071e+02
2.867828507075447533e+02
2.867138500950677553e+02
2.867440953692741914e+02
2.867834957353415462e+02
2.864945351900551600e+02
2.865491686818366475e+02
2.868332966214812245e+02
2.866843151241682790e+02
2.867301506216919620e+02
2.867534236107577499e+02
2.866597979678979868e+02
2.868404522842031383e+02
2.868906134821107798e+02
2.868577513743007898e+02
2.869396487041869932e+02
2.869269754707405014e+02
2.869938729984503425e+02
2.869164282168836735e+02
2.866059871434256365e+02
2.867443039996182392e+02
2.868406893364241910e+02
2.868095130163239332e+02
2.867119559576671008e+02
2.868242183406137542e+02
2.868513448374059749e+02
2.868868398404864024e+02
2.868404758703930497e+02
2.868035828555142643e+02
2.869996535634804218e+02
2.869792234509785658e+02
2.867996752644177718e+02
2.867824975536447596e+02
2.867164606668860642e+02
2.869226353233391933e+02
2.871078921689148160e+02
2.868067095068740855e+02
2.868131630788355437e+02
2.870821957556225357e+02
2.870765898433244843e+02
2.870608370014037405e+02
2.872447366718195667e+02
2.871690676164661795e+02
2.869467708372390575e+02
2.868896002188455441e+02
2.871333203994379346e+02
2.871519441228119263e+02
2.870483172840037014e+02
2.870857216735953443e+02
2.870610678059944689e+02
2.868423827787184450e+02
2.868863443946947314e+02
2.869217144192227238e+02
2.868924781721733552e+02
2.870120300118498449e+02
2.867427851302257409e+02
2.867202785258402855e+02
2.867888917596574743e+02
2.868527542307872977e+02
2.868665094960961710e+02
2.870258144798004309e+02
2.870972060671256827e+02
2.870997496630561727e+02
2.868356488690986339e+02
2.869060881900052209e+02
2.870119696704089733e+02
2.870592138780207847e+02
2.870261111525912270e+02
2.870350390066300292e+02
2.871776084918889751e+02
2.871950662361217610e+02
2.870395708994987558e+02
2.869881018937563226e+02
2.872799377663048404e+02
2.873329880716804041e+02
2.872000540212713986e+02
2.873749456002504417e+02
2.873011736455399614e+02
2.870557252901143670e+02
2.873054580688544775e+02
2.870727622786196775e+02
2.871426219170913896e+02
2.872502720584637359e+02
2.872290188103453943e+02
2.874139441245922058e+02
2.876109401510283874e+02
2.876408673829223517e+02
2.874605074813580927e+02
2.875580002457992350e+02
2.876807143283072605e+02
2.878139839304107568e+02
2.877582131045650726e+02
2.875764621802547367e+02
2.876478690570133949e+02
2.876190305025980933e+02
2.876874038840992966e+02
2.878695637452241840e+02
2.876058974533730748e+02
2.875453905961658734e+02
2.875443918796771072e+02
2.876184696656441133e+02
2.878052981974717000e+02
2.877538913306344739e+02
