2.874026209750255134e+02
2.874140986052039466e+02
2.873956787783599793e+02
2.873005789550045961e+02
2.871438291559269942e+02
2.872342310054299332e+02
2.870992212531527912e+02
2.872099590651750418e+02
2.872426665129646040e+02
2.871783207654701755e+02
2.871847749667212497e+02
2.872719018767704711e+02
2.872243037862463098e+02
2.871826220452622351e+02
2.871740334923982800e+02
2.873225478876566967e+02
2.872736024769132541e+02
2.870970084513207325e+02
2.873810098702837763e+02
2.875676463790467778e+02
2.874389005076018861e+02
2.871822941938618783e+02
2.871615504739931453e+02
2.872723415624603263e+02
2.872943840428815179e+02
2.872892601699751935e+02
2.873260570066892114e+02
2.873134220708435009e+02
2.872919542538798510e+02
2.873246195845720763e+02
2.872350526176189192e+02
2.871008507775569001e+02
2.873385249822547962e+02
2.874463126170401779e+02
2.868386502040548294e+02
2.869606415134670101e+02
2.872526062238013651e+02
2.873309630841454805e+02
2.871254756575640954e+02
2.870862574104202736e+02
2.872652917823353960e+02
2.872108387015739481e+02
2.872610251068792877e+02
2.873962514903780061e+02
2.872761124450994998e+02
2.870645104996182795e+02
2.870706558491560827e+02
2.872451783815408817e+02
2.873394771686118361e+02
2.874858368572348013e+02
2.872710319675436494e+02
2.871998729738053271e+02
2.871568132329520040e+02
2.871834785536142363e+02
2.872952384992913153e+02
2.872145640609243173e+02
2.873334139483521881e+02
2.872762303731008160e+02
2.872625523161201500e+02
2.873553256762907608e+02
2.873621723118744171e+02
2.875929012508905203e+02
2.871917296567426661e+02
2.871143663295748070e+02
2.872571710023077003e+02
2.873457791490370141e+02
2.874231783241667131e+02
2.873172786790582336e+02
2.873555622513607659e+02
2.874889752417752220e+02
2.874598703168506404e+02
2.875263159189232169e+02
2.872651664028696246e+02
2.873603108635744547e+02
2.874069662206700286e+02
2.874183622419113249e+02
2.875101853162649945e+02
2.874997364698366482e+02
2.874268806080526701e+02
2.874103858143284356e+02
2.875786846345785648e+02
2.875119678061700483e+02
2.875203093389773699e+02
2.875106861133937741e+02
2.874983554572029334e+02
2.876527528918505254e+02
2.876198201405254053e+02
2.876704927211757763e+02
2.875252881876222091e+02
2.874651059259084036e+02
2.875224945234140819e+02
2.876925426429970685e+02
2.876198099833339370e+02
2.875443984481826760e+02
2.876724968491869845e+02
2.876311127890602393e+02
2.874573707523556436e+02
2.874565597600387719e+02
2.874685017263963687e+02
2.874671225037744193e+02
2.875314296373711045e+02
2.876379764667979657e+02
2.875880097553265387e+02
2.875049246323642365e+02
2.875394225990750670e+02
2.875463828114915259e+02
2.875861446069154681e+02
2.874551818165751342e+02
2.874108819253000888e+02
2.875945526593635577e+02
2.876435052378121213e+02
2.874943715785386189e+02
2.873200357135784202e+02
2.874273487844118335e+02
2.876178834815584651e+02
2.873793685384702599e+02
2.873685340770053358e+02
2.875957723489134423e+02
2.876764830630630172e+02
2.874536317261469662e+02
2.873861543686423374e+02
2.874782896861103723e+02
2.874826565978299300e+02
2.876363847169506016e+02
2.874035422816687628e+02
2.873329803187278344e+02
2.873958769136168030e+02
2.876471116383922890e+02
2.876874841067838702e+02
2.875928477277174125e+02
2.876607246140796974e+02
2.878546179903169104e+02
2.877336274185472575e+02
2.874918603252472167e+02
2.875232160197488156e+02
2.875970754600401733e+02
2.876225791860831009e+02
2.875736070661854455e+02
2.876578902474983011e+02
2.877823275186429441e+02
2.879083253667565714e+02
2.878307573914728437e+02
2.875207977268756281e+02
2.875577338762688555e+02
2.877066968229042914e+02
2.877089014262016917e+02
2.878256037682553483e+02
2.880588628573452183e+02
2.879948685687955958e+02
2.879346441907703706e+02
2.880998043480611273e+02
2.881438400834978211e+02
2.881090333309390985e+02
2.880851331250329963e+02
2.881393318881803225e+02
2.882030778227193082e+02
2.880073974617121735e+02
2.882246156573020812e+02
2.885298337878203370e+02
2.882871379487762624e+02
2.881737367728336494e+02
2.884314027453106632e+02
2.884562739281793142e+02
2.884044310097962693e+02
2.882177679178786889e+02
