2.866288271196925166e+02
2.865409212253536566e+02
2.865573045746565413e+02
2.865273853679969989e+02
2.866095926747194653e+02
2.866791182228116099e+02
2.866382036444205710e+02
2.866550670833966592e+02
2.865815831625387773e+02
2.867417402634985706e+02
2.867292322858236844e+02
2.867908887693042175e+02
2.866800576025988789e+02
2.867903143856992187e+02
2.867589104558224449e+02
2.868367399169545138e+02
2.868265653152108712e+02
2.865705998033039350e+02
2.866153200347578718e+02
2.866417072493947558e+02
2.866250338134589128e+02
2.866733125350342561e+02
2.867122061346975670e+02
2.867135305255329740e+02
2.867741986988965550e+02
2.867813895185175852e+02
2.866001688709323503e+02
2.865716182467958788e+02
2.865730393913628973e+02
2.867072500957411876e+02
2.865998162581386737e+02
2.866007652275969235e+02
2.867261361579988943e+02
2.866535487427794919e+02
2.863218950209478066e+02
2.864559925025556595e+02
2.864596392480756322e+02
2.864616950940099400e+02
2.865908713519461344e+02
2.867764951198906260e+02
2.868867496797354875e+02
2.865240358513705132e+02
2.866626728931403818e+02
2.864835446587408114e+02
2.865123662125880628e+02
2.866903940178127073e+02
2.867530001037525267e+02
2.866270799988787417e+02
2.866563274032761797e+02
2.868082805398791493e+02
2.867688507801490800e+02
2.867510014167575605e+02
2.867347702421613462e+02
2.866590468798958113e+02
2.866461071281736963e+02
2.864481448980308187e+02
2.864233429951622725e+02
2.864474268691687371e+02
2.866742688184888834e+02
2.867948909677223241e+02
2.869446734405578923e+02
2.867808528118709432e+02
2.865568284961928498e+02
2.864928235058145560e+02
2.866025043821952067e+02
2.868301430617109986e+02
2.868613922776584673e+02
2.868064421848749816e+02
2.868255644715241601e+02
2.867147204906385696e+02
2.867881432449822228e+02
2.866418695791859932e+02
2.867125430839832916e+02
2.868540540273632473e+02
2.869738135814082511e+02
2.868836367125893503e+02
2.869862595831593808e+02
2.870656662001344444e+02
2.870051530840380565e+02
2.869065344622575253e+02
2.867895725465426722e+02
2.868185469325023860e+02
2.868879927513731900e+02
2.868744008668861056e+02
2.867076547309896455e+02
2.866035690415349677e+02
2.867854189312957942e+02
2.871171455269502530e+02
2.870721191013752218e+02
2.868964724337402572e+02
2.868584545141641229e+02
2.869357317387036233e+02
2.870038026120598147e+02
2.868666556529526588e+02
2.866773980543433709e+02
2.868846807923448523e+02
2.869616431369850602e+02
2.868744133946183297e+02
2.869592175022911533e+02
2.870634470570554981e+02
2.869480869630300504e+02
2.869558457607117816e+02
2.868021077411862052e+02
2.867341419837873673e+02
2.867234399230849817e+02
2.870148506250554306e+02
2.870806049859143059e+02
2.870784486094976842e+02
2.869326722940452328e+02
2.867932517896014701e+02
2.869947023469279657e+02
2.872688614777892440e+02
2.872441101672698096e+02
2.869896269720013038e+02
2.867970575687156156e+02
2.869868333480647493e+02
2.869634302311359875e+02
2.867930990736204535e+02
2.869619515751240897e+02
2.870907035550994237e+02
2.871502731169014737e+02
2.871562684849702691e+02
2.869899384198215557e+02
2.870012193028094885e+02
2.871102156537038468e+02
2.870705595568264812e+02
2.871969980842592349e+02
2.871169093354246229e+02
2.871181361641198464e+02
2.872010924401994885e+02
2.870692640471478398e+02
2.871719958393252909e+02
2.868940747995349625e+02
2.868724530978988696e+02
2.869486023329002933e+02
2.869615122346523890e+02
2.869592325562073825e+02
2.871403721027225515e+02
2.871988295835579379e+02
2.872604922052404390e+02
2.872275964019602270e+02
2.874095003125449352e+02
2.869361325990896034e+02
2.868141364840976735e+02
2.870752585661224430e+02
2.873512002337869262e+02
2.873639745427673802e+02
2.872983678402341639e+02
2.873676045165759660e+02
2.874445012119952594e+02
2.874764101587068694e+02
2.874777365324736706e+02
2.874422161843657477e+02
2.876031633000738452e+02
2.875243119829463012e+02
2.872965689620578473e+02
2.874568018858396385e+02
2.876272145219652998e+02
2.876215050756734399e+02
2.876119135438887611e+02
2.877719686122964617e+02
2.878424640992469676e+02
2.880707607726831156e+02
2.877761661314477237e+02
2.874657278851161664e+02
