2.856136068787015461e+02
2.856515179202263539e+02
2.856426610947406743e+02
2.856841944140773535e+02
2.856318798218486563e+02
2.855914768316112600e+02
2.856107831344536976e+02
2.855467896883947105e+02
2.855897476050745354e+02
2.855949445497707870e+02
2.856153475930569243e+02
2.855648732228818858e+02
2.855390739027614586e+02
2.856011556288203224e+02
2.853988133610916975e+02
2.855311075319182237e+02
2.856021711247486223e+02
2.855274271250969491e+02
2.855797748208852340e+02
2.855727769767042332e+02
2.856196514398076829e+02
2.856485555365066489e+02
2.856270709721562184e+02
2.855289799730459208e+02
2.856282281416203546e+02
2.856243382190637021e+02
2.855789842935099045e+02
2.855716792722525952e+02
2.856304916219443157e+02
2.857450204263295745e+02
2.856739498167642068e+02
2.854505163406629435e+02
2.856173534553406625e+02
2.855238178852163742e+02
2.852515478315489759e+02
2.853466499024999621e+02
2.854693020557479031e+02
2.853923304618625139e+02
2.854278198855935784e+02
2.855543455626274749e+02
2.855405399433927300e+02
2.855365004929130350e+02
2.855881757087278743e+02
2.854915504512849225e+02
2.854770498285207054e+02
2.854813266407044807e+02
2.855705970215404363e+02
2.853588629455720138e+02
2.855622201506564579e+02
2.854786481394663724e+02
2.854641837362283354e+02
2.854688313358350342e+02
2.855011904313992090e+02
2.854353077305544275e+02
2.854295729747505561e+02
2.854727611130028322e+02
2.855773218698336109e+02
2.855760095335254505e+02
2.854944274484611810e+02
2.855477572447776424e+02
2.856657436977844213e+02
2.856929845322466690e+02
2.854502904584659859e+02
2.855017362114829211e+02
2.855583205524660002e+02
2.854838169786939943e+02
2.855336470967217224e+02
2.856254807220033740e+02
2.855032174832949181e+02
2.854631451359930452e+02
2.857827564544639358e+02
2.856472844009574601e+02
2.854560258873660246e+02
2.855976179543018816e+02
2.855225344115706321e+02
2.854814230354656388e+02
2.856852401444946850e+02
2.856026001684811035e+02
2.855124507445980839e+02
2.854979137749239726e+02
2.855937023237167978e+02
2.854482097139928101e+02
2.855223129106191777e+02
2.855485177860928729e+02
2.855865871976140511e+02
2.857359009039514035e+02
2.858506217116189987e+02
2.856893621386877271e+02
2.857151671820856222e+02
2.856645861014042680e+02
2.857284079863171087e+02
2.857493718967340328e+02
2.855235477936006987e+02
2.855533506196762232e+02
2.855422896484097350e+02
2.855791640614107223e+02
2.856633470690040326e+02
2.856600759910351712e+02
2.855360702534121060e+02
2.856984955337662200e+02
2.857738158881143136e+02
2.857260799265663422e+02
2.856467751331445584e+02
2.855282551920504943e+02
2.855516179673123816e+02
2.854936123465399191e+02
2.857890252996302252e+02
2.857873685284420731e+02
2.857586459643127341e+02
2.857144144719699739e+02
2.856834961819726573e+02
2.856855619421281176e+02
2.856722769356524054e+02
2.856309038261506998e+02
2.855811265892664892e+02
2.854521677896998426e+02
2.855127278655359078e+02
2.855526723572441483e+02
2.856797201852130001e+02
2.855114107299420994e+02
2.856262733636731923e+02
2.858216495205274441e+02
2.857905837574627981e+02
2.857760150787248676e+02
2.857675437502361433e+02
2.856669527135071007e+02
2.857471407938962216e+02
2.859009220480499494e+02
2.858424758463631292e+02
2.859626705502225263e+02
2.860673542809414016e+02
2.858162413665273220e+02
2.859350247434343260e+02
2.859652130796693541e+02
2.858542913988090390e+02
2.859471097030660758e+02
2.860632864098953405e+02
2.861092888504639973e+02
2.860661774582553676e+02
2.860285755696851879e+02
2.861165536671520044e+02
2.860111429656860764e+02
2.858858153304187795e+02
2.861158059999900729e+02
2.860914023018273724e+02
2.859759546730317084e+02
2.861505279375211899e+02
2.861519350337592869e+02
2.861649412369527568e+02
2.861620215836470038e+02
2.861954029441855027e+02
2.862696807336095617e+02
2.863512984669513344e+02
2.864155310873773033e+02
2.862299924587582041e+02
2.862906489563131913e+02
2.863821967150682326e+02
2.863749763461331099e+02
2.863815299729481580e+02
2.863665471220713243e+02
2.863731026400702717e+02
2.863928786922517133e+02
2.863835184818237849e+02
2.864762338370648536e+02
2.865704188990035846e+02
