2.864507079994392598e+02
2.865192065444514355e+02
2.864070221199635284e+02
2.863901754728532865e+02
2.865171244581234760e+02
2.865847655739921152e+02
2.866649893930513713e+02
2.866186299159467126e+02
2.865545965985322709e+02
2.865852101687041227e+02
2.865213806757314501e+02
2.864275491944846408e+02
2.864251378542502380e+02
2.864200284429279577e+02
2.865352625551823849e+02
2.865427655028006484e+02
2.864718424108880299e+02
2.864472998082606523e+02
2.865581945717664780e+02
2.864665023846748682e+02
2.864201272872471691e+02
2.866190679711943972e+02
2.865145016613559505e+02
2.864504754755537306e+02
2.862942105256902892e+02
2.863908247804561142e+02
2.863575170411625663e+02
2.865371064846614217e+02
2.867629888833513974e+02
2.865793328670524716e+02
2.865741704686083153e+02
2.866618716583960236e+02
2.866453895387190300e+02
2.865134584430718405e+02
2.863574040003041432e+02
2.863744424656028968e+02
2.865360438887389591e+02
2.864315327152788200e+02
2.864319802010679723e+02
2.866538906404067575e+02
2.865639166630624572e+02
2.864924830155296149e+02
2.865946624327631866e+02
2.866425531178189203e+02
2.867026973979498621e+02
2.864959922303937105e+02
2.865038759295488831e+02
2.865743120740505674e+02
2.867708580920520376e+02
2.866845189421725877e+02
2.865058036568962621e+02
2.866418714050049061e+02
2.864692981805978320e+02
2.860845012785338781e+02
2.863583571241957202e+02
2.864815063779399225e+02
2.866751535036456175e+02
2.865795931135296541e+02
2.864473704182716460e+02
2.866879357365544365e+02
2.867829312199788205e+02
2.867452820423402500e+02
2.867078658562612077e+02
2.866144608695813076e+02
2.866581778837888237e+02
2.866811666001002550e+02
2.868946625606108682e+02
2.869219786167778352e+02
2.868572372205022134e+02
2.869396571975747747e+02
2.869363307061785804e+02
2.867607695886960641e+02
2.867949545752844074e+02
2.867592011325913859e+02
2.866909029972391636e+02
2.867791689897064202e+02
2.868427265665467303e+02
2.866797892367104055e+02
2.867478710006722622e+02
2.867298000935105051e+02
2.869255567400974201e+02
2.869037538578965609e+02
2.868196926087975385e+02
2.868226429838386480e+02
2.867222216218038398e+02
2.867414612140312897e+02
2.868356866619188850e+02
2.869657820291030816e+02
2.867740761016617057e+02
2.867845713256996873e+02
2.867044335778205095e+02
2.866818368874631915e+02
2.866673845690837084e+02
2.868202874734785155e+02
2.867853240462542885e+02
2.867520837548385657e+02
2.866667280373986273e+02
2.868375085475067294e+02
2.866692400998068138e+02
2.865114374021761705e+02
2.864910010801762041e+02
2.867258009716956053e+02
2.867981522750274621e+02
2.865733989676933220e+02
2.864861133722858426e+02
2.866253937110322454e+02
2.864848834033445542e+02
2.865384134686711946e+02
2.865490224935378478e+02
2.865264453856077012e+02
2.865448491936695063e+02
2.866887921918543611e+02
2.866110600014285410e+02
2.864390969939198044e+02
2.863899552045290875e+02
2.863390387556952419e+02
2.863883929145213756e+02
2.864156423416213215e+02
2.863975420356395603e+02
2.865494993308583958e+02
2.862489527362321837e+02
2.863585366946969089e+02
2.862571079192496768e+02
2.863111261679819108e+02
2.864293999982862715e+02
2.864350300702503205e+02
2.864690385016814389e+02
2.864849094898340240e+02
2.865906374863088217e+02
2.863608348944975432e+02
2.864688711539325254e+02
2.866447985586414688e+02
2.865538113047244337e+02
2.864379508935931540e+02
2.865646690350882864e+02
2.864700437565354036e+02
2.864963219713423541e+02
2.866713044826034889e+02
2.867723201806603583e+02
2.866090463338572931e+02
2.865452854223032659e+02
2.865743171320232818e+02
2.864568910160629116e+02
2.864975128864801377e+02
2.865376855915453120e+02
2.866917945984206995e+02
2.868661141498895972e+02
2.869532016139612551e+02
2.868759489802702660e+02
2.870539448628856576e+02
2.871011591514208021e+02
2.869986051066994719e+02
2.872117708416390656e+02
2.873929518730389532e+02
2.873914044844751174e+02
2.874268064042044557e+02
2.873844356919505003e+02
2.873376039360495042e+02
2.873181099515180676e+02
2.872550828256136697e+02
2.875763017580190422e+02
2.874826803950791714e+02
2.874658427217594863e+02
2.875708768918058240e+02
2.878465278627284647e+02
