2.860171113003135588e+02
2.858428168233930364e+02
2.859085392870450164e+02
2.861614985537347025e+02
2.860020306603448716e+02
2.859704854682601649e+02
2.859820070195884796e+02
2.858916709330629260e+02
2.859319548751968796e+02
2.859693143895178764e+02
2.861515146459516359e+02
2.860153883537117849e+02
2.858579127094001819e+02
2.859565652327993917e+02
2.860296441251416013e+02
2.859937469195749031e+02
2.860637727077619843e+02
2.858575873676423384e+02
2.859039369605899878e+02
2.860224952094071682e+02
2.860234747242394064e+02
2.860255648797058825e+02
2.861113649299658164e+02
2.858883669248862702e+02
2.861262080096605587e+02
2.860381582922954635e+02
2.857974417755366972e+02
2.858926659957599554e+02
2.860509615024503773e+02
2.859884775030065498e+02
2.860034575358331494e+02
2.861326421879488180e+02
2.858825776624323112e+02
2.859814807209086780e+02
2.857635997790824831e+02
2.857590754498827437e+02
2.858841459442908786e+02
2.859166576708523166e+02
2.858958908646684449e+02
2.859411196819726797e+02
2.860380229838285118e+02
2.857947816855976839e+02
2.857511757993925130e+02
2.859360240849011348e+02
2.860137929243700796e+02
2.859099187491407861e+02
2.861301393567966329e+02
2.860518947204256506e+02
2.860829307264630756e+02
2.858628843094925855e+02
2.859257716439872752e+02
2.862006063655728099e+02
2.859859925340315385e+02
2.858354438431792346e+02
2.860878420928090691e+02
2.858573529042503196e+02
2.859085899141973073e+02
2.861766462323150222e+02
2.859720782282835785e+02
2.860058105023527446e+02
2.861442211841703624e+02
2.860605576108368382e+02
2.860355600645691538e+02
2.861043435285941428e+02
2.860722464016538993e+02
2.859013631683894232e+02
2.861058587400952433e+02
2.863405623196610463e+02
2.860434945725639864e+02
2.861383813934787668e+02
2.863012514046382080e+02
2.860518839380971485e+02
2.862888252587644615e+02
2.863167759612426266e+02
2.859847358763559555e+02
2.862590192571573766e+02
2.864823309991332394e+02
2.862646076714439118e+02
2.862855675370564654e+02
2.863149954267277622e+02
2.861939969347769193e+02
2.860157896076081556e+02
2.862686745987721224e+02
2.864757267327723298e+02
2.861389126465845720e+02
2.860882481628802907e+02
2.863045363714285827e+02
2.862143204128927323e+02
2.861223722060838668e+02
2.863050910445610953e+02
2.862135561408730382e+02
2.859892729356739665e+02
2.862369215332921613e+02
2.863910304062095520e+02
2.860497372873245467e+02
2.861398460245176807e+02
2.862652553551307051e+02
2.861706330126906437e+02
2.862346344133038087e+02
2.861929562295965184e+02
2.862593240124974727e+02
2.860846093144674001e+02
2.861858758003890557e+02
2.860977071941333065e+02
2.860907591312251839e+02
2.864073105502999965e+02
2.864217050333814427e+02
2.860472907170509416e+02
2.862864870493131662e+02
2.864756291495282312e+02
2.861956430940154519e+02
2.862806892650124269e+02
2.862969503772630446e+02
2.859577127254916036e+02
2.861660383035299446e+02
2.860357718293037692e+02
2.862133020367342056e+02
2.864688705341633863e+02
2.862021259179757635e+02
2.861613417053585522e+02
2.863785340016608529e+02
2.862700302474779050e+02
2.860486551237260642e+02
2.863307201400082249e+02
2.866075587688711153e+02
2.861954610746834646e+02
2.862590063439373580e+02
2.863888298041375151e+02
2.861766263143314859e+02
2.863874685702112970e+02
2.866452039236433507e+02
2.864422931056517996e+02
2.865320816690807533e+02
2.865353519630889991e+02
2.862629539391205071e+02
2.866349827542250637e+02
2.867468203062929888e+02
2.865214529793301494e+02
2.868585275783254929e+02
2.870755823139286349e+02
2.867245551450665744e+02
2.866355685250671854e+02
2.865091065666795771e+02
2.865775064779138575e+02
2.865126363880274880e+02
2.866428248698224479e+02
2.868064495153773237e+02
2.864789418056859063e+02
2.866281999510036371e+02
2.869401043135163150e+02
2.867157176544870367e+02
2.867724895477446694e+02
2.870625955746054387e+02
2.869044817058369290e+02
2.869088594172555418e+02
2.869952259381843191e+02
2.868820644133404585e+02
2.869885435252810453e+02
2.870386283459499737e+02
2.869580524283645104e+02
2.871173098122337137e+02
2.872283068199463401e+02
2.868213443532733322e+02
2.870379533349575354e+02
2.874298735535073206e+02
