2.868837370895852246e+02
2.867832075913512995e+02
2.868909793286645140e+02
2.869153017550111144e+02
2.867782811302093933e+02
2.869039164763203758e+02
2.868480652542791063e+02
2.868014046106571868e+02
2.868061922353371642e+02
2.868998084014564256e+02
2.868860209902039173e+02
2.867979496699861102e+02
2.868496541484705631e+02
2.867672415994528023e+02
2.868394534564141622e+02
2.869441777192168956e+02
2.867394873403483757e+02
2.868397967787113316e+02
2.868452711614525015e+02
2.868066896126829874e+02
2.869245283919421468e+02
2.867820335335104005e+02
2.866682474659125432e+02
2.867285094837852171e+02
2.868852007018742256e+02
2.870264921429875926e+02
2.870353425330828259e+02
2.868761151866751220e+02
2.868766250772083026e+02
2.868505512788551073e+02
2.868951747144611204e+02
2.868679874995917203e+02
2.868616999074004639e+02
2.866447426676672876e+02
2.866514288095879124e+02
2.866850862068221772e+02
2.868728666273636350e+02
2.867850965411525408e+02
2.868103259018065501e+02
2.868459036485241995e+02
2.867382023671049751e+02
2.868721925833414730e+02
2.867371118523591917e+02
2.868939127862622627e+02
2.869757094669194544e+02
2.869017970268570821e+02
2.868980993976644527e+02
2.869448120285098867e+02
2.869602446802246050e+02
2.867915859460214847e+02
2.868579592030524736e+02
2.869356732335948550e+02
2.867924307319116224e+02
2.871382462445906754e+02
2.869573225244977266e+02
2.867068315935459282e+02
2.867246446036904217e+02
2.868253145033647229e+02
2.867906410361222242e+02
2.868781398877608240e+02
2.870096677670495637e+02
2.869935150497335030e+02
2.869514177265756416e+02
2.869260679987876301e+02
2.869313723044650715e+02
2.869023556633281373e+02
2.869084007983841502e+02
2.870369569235452332e+02
2.870416940669726955e+02
2.870683782962998407e+02
2.871651177702336213e+02
2.871030493161649702e+02
2.870175778697123974e+02
2.870804722490480572e+02
2.871311371714530765e+02
2.869671001752165012e+02
2.870653755975342278e+02
2.871889116274881530e+02
2.871830453703029775e+02
2.869578069043645883e+02
2.871415652558355305e+02
2.871519605772116392e+02
2.870703835370023285e+02
2.869751003831784146e+02
2.870927122606438502e+02
2.872247386898466743e+02
2.870333193209954175e+02
2.870267579559946967e+02
2.871804939453976999e+02
2.872025693735897107e+02
2.870993628591716629e+02
2.871511069838402364e+02
2.872107116871725339e+02
2.872576458206434609e+02
2.871094826871695886e+02
2.871677846791040452e+02
2.871956694165298245e+02
2.872783369607453778e+02
2.874313438362682405e+02
2.872210189831079674e+02
2.872450620166018211e+02
2.872543898131702917e+02
2.871550832394769373e+02
2.872388248025533812e+02
2.872216165295087649e+02
2.871664857927233356e+02
2.871062122759390718e+02
2.872091583660423453e+02
2.872378029562615325e+02
2.872415832688582213e+02
2.872250394642040874e+02
2.874870989477235526e+02
2.874123923479539258e+02
2.869958597827263134e+02
2.870611381740648653e+02
2.871150218980490649e+02
2.871448852205493836e+02
2.871639308735284430e+02
2.871485918921173948e+02
2.872003631401808548e+02
2.872713356088478349e+02
2.873873851084327384e+02
2.873238667067922734e+02
2.872591765680282379e+02
2.873137874644397129e+02
2.874067884877528058e+02
2.874608406684513398e+02
2.874844149532138999e+02
2.875292724988783561e+02
2.874396252635389715e+02
2.874289129762863126e+02
2.875007602503649764e+02
2.875539517620987340e+02
2.876872566202458188e+02
2.873252262369898631e+02
2.872650263128443839e+02
2.874594777716994258e+02
2.877571428688231663e+02
2.875703846905810224e+02
2.874346563702807202e+02
2.877683107316842666e+02
2.874651244414292819e+02
2.872313226940149775e+02
2.873260474286072963e+02
2.875977110946284370e+02
2.874581293813526486e+02
2.875382861064607596e+02
2.877220496136421843e+02
2.878471422815797496e+02
2.879671389229291094e+02
2.877794333559798474e+02
2.876845113492848895e+02
2.877622863028061602e+02
2.878191980166536155e+02
2.878172210487368261e+02
2.879167779180849038e+02
2.880610784770692590e+02
2.879790712329261737e+02
2.879208094008691319e+02
2.879402326403940720e+02
2.879268169763381593e+02
2.879256042272506306e+02
2.882041968211644303e+02
2.882828424110781498e+02
