2.873412450037409940e+02
2.873349783998696125e+02
2.873843640837410476e+02
2.871965515982446959e+02
2.872614884631412338e+02
2.872728488858429614e+02
2.872508166811916794e+02
2.874680144964661395e+02
2.874633300615888061e+02
2.871492925451677252e+02
2.873062482327496241e+02
2.873724130008759516e+02
2.873052565622239740e+02
2.874025730516393082e+02
2.874744911432786694e+02
2.873828179927363067e+02
2.873969914086738413e+02
2.874507052077728417e+02
2.872227765819578167e+02
2.873528335778879637e+02
2.873144961483008615e+02
2.872828356745466181e+02
2.874336851197115834e+02
2.876135067641382079e+02
2.875400980728163631e+02
2.875422929201844795e+02
2.875525707720621540e+02
2.872886429413188125e+02
2.874246136485089096e+02
2.874055923250379578e+02
2.874078867755837905e+02
2.876014511696663476e+02
2.876592550362533984e+02
2.873828486049495154e+02
2.870767210745029274e+02
2.872746931514163293e+02
2.871489375265931585e+02
2.870459385080882271e+02
2.872093077651864519e+02
2.874948620702003836e+02
2.874066859378455661e+02
2.875131819704938607e+02
2.873929281321198346e+02
2.873693930108407244e+02
2.874573213561540115e+02
2.873892252474160500e+02
2.874763294188177269e+02
2.875369896280606099e+02
2.872321971293456500e+02
2.872242900911692800e+02
2.874769908276139745e+02
2.874699256447568700e+02
2.871045497353355245e+02
2.871221156234908563e+02
2.873946098205232715e+02
2.873616292402818431e+02
2.872390589045198226e+02
2.873881490657336713e+02
2.873758553551754744e+02
2.874233734841797627e+02
2.874224589719573260e+02
2.876673909385276033e+02
2.875361505572371357e+02
2.871703067569202972e+02
2.874201163479073671e+02
2.875843859791535806e+02
2.876397587637284232e+02
2.875902060295815659e+02
2.875821992201090325e+02
2.873598638131273901e+02
2.874829033637790303e+02
2.876222454398012474e+02
2.875579616760115300e+02
2.876503123190809106e+02
2.875636315407598431e+02
2.875308169890083150e+02
2.875796222598273175e+02
2.876162705399727315e+02
2.877522393080208190e+02
2.876258650575748561e+02
2.873573208743725331e+02
2.875404340819666800e+02
2.875871874695893098e+02
2.876194338306034410e+02
2.876534148640907915e+02
2.875057331292340450e+02
2.876600430691502197e+02
2.875797993315791246e+02
2.873822215512250864e+02
2.876618904001418286e+02
2.875308686810822678e+02
2.872870789014122579e+02
2.874262319478945642e+02
2.875824090867900509e+02
2.872337964320369110e+02
2.873720794453224130e+02
2.874829677822373242e+02
2.875206388991542212e+02
2.875591699670782759e+02
2.874086857265712638e+02
2.875052718049449823e+02
2.876565159361186943e+02
2.873893156922679850e+02
2.874639484341494722e+02
2.876037226757716780e+02
2.875985447434223943e+02
2.875353661478357026e+02
2.875481181260437893e+02
2.874443283656999597e+02
2.876781748730156778e+02
2.874825307354533948e+02
2.875275850518110019e+02
2.877295061956334052e+02
2.875188076979428615e+02
2.870418936092938225e+02
2.871584482750468510e+02
2.872279055208558134e+02
2.872653941229402221e+02
2.875126228422868735e+02
2.875068393113108982e+02
2.872386791755910167e+02
2.873959515492758783e+02
2.875863690605598890e+02
2.874131744262236339e+02
2.874068655825021210e+02
2.875155138109265636e+02
2.875079081786649908e+02
2.877786647821155270e+02
2.877077657887239752e+02
2.874951528464764579e+02
2.875899107351600037e+02
2.876123745380263586e+02
2.875997648150375312e+02
2.875699313573406357e+02
2.876315653159509225e+02
2.875101531146558500e+02
2.875916008433663933e+02
2.877085316580464109e+02
2.877170696880857008e+02
2.877927124803552488e+02
2.878058930637266144e+02
2.877119934473214471e+02
2.876211239351825384e+02
2.876557553341115749e+02
2.877402448836195958e+02
2.877637636369827874e+02
2.878276506667992294e+02
2.880420745222861001e+02
2.880123775785307885e+02
2.879508552855278936e+02
2.881571022689071242e+02
2.881929031145216413e+02
2.879030447738565499e+02
2.882257161788924691e+02
2.882391593507147149e+02
2.878654702061118655e+02
2.881078688848777460e+02
2.882486039483724767e+02
2.882736261373376578e+02
2.885490421100531080e+02
2.884156761461169367e+02
2.882483602396228548e+02
2.883922597125873040e+02
2.884395384787969192e+02
2.882797884395421875e+02
