2.867233053940564673e+02
2.868073054140506315e+02
2.868556916080870565e+02
2.868937731100164115e+02
2.867555739056271591e+02
2.868473672446547766e+02
2.868464703030792862e+02
2.867667445110587892e+02
2.868085960897071232e+02
2.867890564259990356e+02
2.868583718912673248e+02
2.869383326752925427e+02
2.867513780133260184e+02
2.867318339868863859e+02
2.868338729715734416e+02
2.868897941250666577e+02
2.868606298721622920e+02
2.870863837929331908e+02
2.869746242879094780e+02
2.870112714964973861e+02
2.869532199989005790e+02
2.870901447440625702e+02
2.870741469097058030e+02
2.870919434550198162e+02
2.871302968596660889e+02
2.871456480393967468e+02
2.871061550789490298e+02
2.871390463868776237e+02
2.869953156947811408e+02
2.868163429592943885e+02
2.868517389584365560e+02
2.870588424176978606e+02
2.870506975855772112e+02
2.868385831570475943e+02
2.866675228155904165e+02
2.866910008296900401e+02
2.868092845514274813e+02
2.868022103778511678e+02
2.868724752806389802e+02
2.867921602171318796e+02
2.869168802899398543e+02
2.870432838539703084e+02
2.869673614448042258e+02
2.870200348828400365e+02
2.870070632787032991e+02
2.869623784845789487e+02
2.870709009983484634e+02
2.871886461458441886e+02
2.870878536602744475e+02
2.871304807846242397e+02
2.871403084641600003e+02
2.871446551705650450e+02
2.870062048435897282e+02
2.867579590789043777e+02
2.869723128458372798e+02
2.871800808208751619e+02
2.869976697133361654e+02
2.870927428536988941e+02
2.871705119389039851e+02
2.874197203587016247e+02
2.871836313132837404e+02
2.871052527461163208e+02
2.869861621817516379e+02
2.870835081688073274e+02
2.869641015230064909e+02
2.871898709901270763e+02
2.872758170934333748e+02
2.873540384389177120e+02
2.872516184474405918e+02
2.873579564194440650e+02
2.874606350382373421e+02
2.873112323334271991e+02
2.873688733605158632e+02
2.875649983839838342e+02
2.873497094959633387e+02
2.872294845503438978e+02
2.873982518618507243e+02
2.874746369599984632e+02
2.875007678911909466e+02
2.874190564381059971e+02
2.873626124948878555e+02
2.873829816531002166e+02
2.874251159857906828e+02
2.874853883413385915e+02
2.874180590519177372e+02
2.875486329633095011e+02
2.875580574071799447e+02
2.876730795396879898e+02
2.876739247824022527e+02
2.874441228608893084e+02
2.875359284601640297e+02
2.878196040181131821e+02
2.875699586379327570e+02
2.876170223692017771e+02
2.876845386617190456e+02
2.876098045096633200e+02
2.876683206083509390e+02
2.876042514580644252e+02
2.876465867360906259e+02
2.876769681135305063e+02
2.877318804580848450e+02
2.876715799896335284e+02
2.876044085426661354e+02
2.876073557905318125e+02
2.877223359898491140e+02
2.877483175680863496e+02
2.875185339984994926e+02
2.875720384781615735e+02
2.876582121659785685e+02
2.876293381472618762e+02
2.877308027596032503e+02
2.875475424702925693e+02
2.875920441495520095e+02
2.873690089481228256e+02
2.873816785786133323e+02
2.874344939233434957e+02
2.875231949074886302e+02
2.875378074546036942e+02
2.876926305952218286e+02
2.875776473884965299e+02
2.874229560827769205e+02
2.874725368216741117e+02
2.874957894459769250e+02
2.874366353438834381e+02
2.874600276843185043e+02
2.875135947652401569e+02
2.873447140251048495e+02
2.876267368733576859e+02
2.877834788300977493e+02
2.876550228174911581e+02
2.875903855146938781e+02
2.875567821495817498e+02
2.875476090831161855e+02
2.876523276502419435e+02
2.876015694645831786e+02
2.875490723472298669e+02
2.875070768095927747e+02
2.875387442981005393e+02
2.876562808084287894e+02
2.877960073242361432e+02
2.878476651959726382e+02
2.877865244749222597e+02
2.875415924031332793e+02
2.876032415378159044e+02
2.874432437512651290e+02
2.877027222198819345e+02
2.878356682487873854e+02
2.876909280148453263e+02
2.878057354427812697e+02
2.880371300971474398e+02
2.879873169947510974e+02
2.878141620219197421e+02
2.879933735883170698e+02
2.880267791304643197e+02
2.880178437777278759e+02
2.880202613921770762e+02
2.879876270940354175e+02
2.880690437567109257e+02
2.879899316684918062e+02
2.878881987503824575e+02
2.881906008178445404e+02
2.882410504666493694e+02
2.882884380222372442e+02
2.881809816673140290e+02
2.881695966649998013e+02
