2.869340675399274119e+02
2.871810112468057810e+02
2.872125456027769701e+02
2.872919258017769835e+02
2.871421082434677601e+02
2.870467983476061136e+02
2.871356949600084931e+02
2.871349262975951433e+02
2.870366964020495288e+02
2.871527565203740551e+02
2.872264630332977049e+02
2.871773309849159546e+02
2.869518894327538305e+02
2.869937110064006447e+02
2.870546665077910689e+02
2.871681497552196447e+02
2.871581375728935086e+02
2.870677760926117230e+02
2.869909388087493767e+02
2.870266408567208032e+02
2.870505723396789790e+02
2.872359688797849344e+02
2.871429372059282628e+02
2.871388141569236723e+02
2.872388474423655111e+02
2.872463893207835213e+02
2.872636248980954861e+02
2.871982384686540968e+02
2.870343431668839571e+02
2.872706099816600727e+02
2.870665628888805827e+02
2.870886835609888976e+02
2.871089688414609213e+02
2.872625503644993046e+02
2.869202097456534943e+02
2.867666744689460643e+02
2.870176550032090290e+02
2.869946097874951079e+02
2.868636653413619229e+02
2.871877414641763266e+02
2.870653600566445789e+02
2.868766954542328449e+02
2.871633907624560607e+02
2.873175552412006937e+02
2.871000797227827093e+02
2.870571269817352800e+02
2.872070661899383595e+02
2.872542659271940693e+02
2.872597646441641928e+02
2.873032216115184951e+02
2.872771172625916165e+02
2.871849272985102743e+02
2.872654543656825581e+02
2.871415737039836245e+02
2.870537539691483175e+02
2.871718584612183918e+02
2.872184214910751052e+02
2.869670532947808965e+02
2.870678452977034567e+02
2.871469169834596755e+02
2.870280316812791739e+02
2.871764776373325390e+02
2.871341878420316220e+02
2.869786771919015678e+02
2.869045369958667493e+02
2.871204916461937273e+02
2.872024782042592506e+02
2.871107221243781282e+02
2.873342553848826810e+02
2.873262886144311210e+02
2.871129776516998504e+02
2.873618729058636063e+02
2.873769943879524362e+02
2.873409626664748089e+02
2.873954158524625768e+02
2.873606086298569267e+02
2.873878364541288306e+02
2.874504767086482957e+02
2.874051288721800574e+02
2.873576118401030612e+02
2.874576733623186442e+02
2.873091652031824879e+02
2.870635210643793584e+02
2.873536482350806978e+02
2.874771965770569295e+02
2.873810012366885758e+02
2.873564998761425500e+02
2.874850147366453257e+02
2.873718333956942388e+02
2.873721860635608323e+02
2.874579215204839784e+02
2.871897403121379853e+02
2.870984869308040857e+02
2.871613264121598377e+02
2.874577148667969482e+02
2.874021639328175297e+02
2.873547654631978503e+02
2.874424931275731296e+02
2.873341975085457420e+02
2.872784100548415722e+02
2.873544543876229227e+02
2.875272288843165143e+02
2.874717789674846244e+02
2.874705567596323021e+02
2.874137810810514679e+02
2.872863005001259467e+02
2.871011436608378062e+02
2.872837538474942676e+02
2.872806963932652593e+02
2.870682022716837309e+02
2.872614140390286366e+02
2.873830282056539431e+02
2.873453111298026101e+02
2.874279110891380355e+02
2.872586541328989824e+02
2.869780115046947344e+02
2.871053777009418582e+02
2.871129717076126440e+02
2.870295734031703887e+02
2.871570935508768230e+02
2.871842176348811222e+02
2.873248674224717547e+02
2.872441090118176703e+02
2.873395719256484426e+02
2.874981263545005845e+02
2.874676776232475959e+02
2.874275402464352283e+02
2.874837289143183057e+02
2.876357083521097593e+02
2.873764101583954584e+02
2.875034343043762419e+02
2.874130057097606255e+02
2.871396239537872930e+02
2.871321208361032973e+02
2.874129116236672985e+02
2.874654169349967674e+02
2.874486796187322284e+02
2.873713085113740249e+02
2.873541768123475890e+02
2.876602351243577118e+02
2.876597113276813502e+02
2.874539371247823851e+02
2.873055971896051801e+02
2.873004498771543354e+02
2.875898776308257538e+02
2.876805766152170349e+02
2.875244775939051465e+02
2.877091635009822426e+02
2.878294318101289377e+02
2.878824327780488943e+02
2.877328660336169719e+02
2.880235978804310548e+02
2.879948937234655659e+02
2.879688718597406591e+02
2.878655555534665496e+02
2.878667272889002788e+02
2.880292884690557571e+02
2.881967868748094475e+02
2.881585699670356462e+02
2.882510185518106027e+02
2.882838053443105082e+02
2.881952597649562335e+02
2.881025028622615309e+02
2.881662196822857140e+02
2.882181081338854938e+02
