2.864510666585540548e+02
2.865549139069767648e+02
2.864117493021239511e+02
2.863751409039944633e+02
2.864907654564122481e+02
2.866740620138387499e+02
2.866817373650641798e+02
2.864399962074846258e+02
2.864472988607828370e+02
2.866309539162633655e+02
2.866597483200111469e+02
2.865224881172966320e+02
2.864899510523770232e+02
2.865289969861417489e+02
2.864956616298478593e+02
2.865986931346021720e+02
2.866150478768898324e+02
2.867425332782273131e+02
2.866945970524296285e+02
2.865868623432972413e+02
2.865648556968787375e+02
2.865550213230439454e+02
2.866289713268619721e+02
2.866022213684758526e+02
2.865237743098525129e+02
2.866203441652916695e+02
2.868454461209192914e+02
2.867588942215714383e+02
2.867184726003328024e+02
2.865896647628812275e+02
2.866069088389304511e+02
2.867318112097881908e+02
2.867438007811967964e+02
2.867264290947810537e+02
2.864687200347531757e+02
2.864319329218046164e+02
2.864587848997120432e+02
2.864460593864737916e+02
2.864076185380895367e+02
2.864563131318615206e+02
2.865558808399495661e+02
2.864627511824174348e+02
2.864490889383307035e+02
2.864045161779922637e+02
2.864678037620590771e+02
2.865163565369990692e+02
2.864739025138609918e+02
2.865528734630938175e+02
2.865998330233024376e+02
2.866724064631710007e+02
2.866207136560329332e+02
2.865499266347987941e+02
2.866691431880393566e+02
2.865504187845029378e+02
2.864157171065068042e+02
2.865242841143419241e+02
2.865470744153199689e+02
2.864664189014970361e+02
2.864480889866193252e+02
2.863339912154169156e+02
2.865414749036709736e+02
2.866526661764924597e+02
2.864862471234482655e+02
2.864378496968623153e+02
2.863028405696494474e+02
2.863979566703793012e+02
2.864938550338494565e+02
2.863988231607683588e+02
2.864723144517496962e+02
2.865217027390900739e+02
2.866030945636138085e+02
2.866109260008005890e+02
2.866083304782071082e+02
2.865426473712174698e+02
2.866116577151638580e+02
2.865177988830359936e+02
2.866554571111882410e+02
2.866853518588540055e+02
2.866740306518547641e+02
2.865665462060773621e+02
2.865588909436439167e+02
2.865086074624458092e+02
2.864377389987620859e+02
2.866141046793843543e+02
2.867966436676231865e+02
2.867023412326205971e+02
2.864575320272246586e+02
2.864886266323972563e+02
2.866430773634258458e+02
2.865655096474536663e+02
2.865955282201193768e+02
2.866352996951916339e+02
2.867687689396962583e+02
2.865593740989618254e+02
2.865898110440838309e+02
2.866486678866884859e+02
2.867551297430756563e+02
2.868429417781339339e+02
2.866762087439170728e+02
2.866840295942865851e+02
2.866586785615477311e+02
2.867815363189202458e+02
2.867355137284446869e+02
2.866010628265161131e+02
2.867481629923802302e+02
2.866398231167160588e+02
2.865524867919188523e+02
2.865896870157569651e+02
2.866924709074649513e+02
2.866096644806397649e+02
2.865559748186844331e+02
2.865459796249683109e+02
2.864570901523070461e+02
2.863769322341076418e+02
2.862902094957536292e+02
2.863197955559952561e+02
2.863569687612483108e+02
2.862908769047722330e+02
2.863785778567803959e+02
2.863808900566442048e+02
2.865025494041412912e+02
2.863692115049596509e+02
2.861704096526846683e+02
2.862002608185442227e+02
2.864137894198683512e+02
2.863800584597806846e+02
2.862282500003070140e+02
2.861738256401606009e+02
2.861531712900371645e+02
2.863955808869007456e+02
2.864316890845239527e+02
2.863747105550961010e+02
2.863698678759380414e+02
2.863562456032707928e+02
2.864724021109181535e+02
2.863591068125177230e+02
2.863230060215194044e+02
2.863712240590343754e+02
2.866478721571205028e+02
2.867079368570942393e+02
2.866924771641503753e+02
2.867424792070596027e+02
2.866472390487982125e+02
2.865503170301936962e+02
2.868483850417866847e+02
2.868141275546813063e+02
2.867243321999825980e+02
2.867340133760012009e+02
2.868230283501653730e+02
2.868811561144669895e+02
2.871389852648626970e+02
2.871959884847530589e+02
2.871225119130387498e+02
2.871667027649661463e+02
2.872389612700634984e+02
2.874045392399942784e+02
2.872990287657265185e+02
2.872262126659355772e+02
2.871628103916972918e+02
2.872050195967237300e+02
2.873256595434526162e+02
2.875082113145908238e+02
2.872785527376316281e+02
2.872922838375448578e+02
2.872768698971280514e+02
