2.856916976179698509e+02
2.857140988260755989e+02
2.857725900982511007e+02
2.857357101123853340e+02
2.856839307740615368e+02
2.857052570692768541e+02
2.855392355111442271e+02
2.856124383914348073e+02
2.855775287896022974e+02
2.856057877278755655e+02
2.856132863608610819e+02
2.855124546982652305e+02
2.856380322214726561e+02
2.856763769943490274e+02
2.856947468443465823e+02
2.856772889789402825e+02
2.858031194237952946e+02
2.856876483618129896e+02
2.856158551494484641e+02
2.857928194778917828e+02
2.857589584683798307e+02
2.855149875236763251e+02
2.856440996992710097e+02
2.856510260346615837e+02
2.856524451344393469e+02
2.855821102238780327e+02
2.855638536666033929e+02
2.856572059543474893e+02
2.856955837282196171e+02
2.855503830809989267e+02
2.856322248611171517e+02
2.857696313421398031e+02
2.855694361978868301e+02
2.853923654220033654e+02
2.853421327385510153e+02
2.853756425661434264e+02
2.855224654186285420e+02
2.855725572022873848e+02
2.855425022626084797e+02
2.854700551357832978e+02
2.853784081992363895e+02
2.854542920057631363e+02
2.855559071358945857e+02
2.855780335150255951e+02
2.855423937147459696e+02
2.856343934831138540e+02
2.855604040767767060e+02
2.857292687775744184e+02
2.857587350586707089e+02
2.855796782932814608e+02
2.856116408913168812e+02
2.855567655432748211e+02
2.855174801757792693e+02
2.854346094481105638e+02
2.855452577451408729e+02
2.854170824787590277e+02
2.855420733747902773e+02
2.856093330606542509e+02
2.856255090798275091e+02
2.856470584759530311e+02
2.855199008075680922e+02
2.856471020895625657e+02
2.854017231665596341e+02
2.853672331471444181e+02
2.854318018515945710e+02
2.854890854105320841e+02
2.854208438907519394e+02
2.854212456678794183e+02
2.855382741947565250e+02
2.854301597057734057e+02
2.855619419508923897e+02
2.856879549753018637e+02
2.856611827542490119e+02
2.857344403618895399e+02
2.856939336986397961e+02
2.856437052525163267e+02
2.856314004616854731e+02
2.857570976761090833e+02
2.856807894164692243e+02
2.856369592480593838e+02
2.856460939849460487e+02
2.856386500489047080e+02
2.855380072962165627e+02
2.856068553656663767e+02
2.856461743783385714e+02
2.856011256668759302e+02
2.856199546292434093e+02
2.856941644118439854e+02
2.857896798002987566e+02
2.857199082139247821e+02
2.857805036976340602e+02
2.857118892648310862e+02
2.858183640839860118e+02
2.857883983285712475e+02
2.857257354461003160e+02
2.857604773683609096e+02
2.856591557060514219e+02
2.857246422481135255e+02
2.857036617545574586e+02
2.856848784035631184e+02
2.857430412214814623e+02
2.857092563662288853e+02
2.856202401247219314e+02
2.857520111218049692e+02
2.857782031281211061e+02
2.857014568705290571e+02
2.857698610864802617e+02
2.857338641879170495e+02
2.857603618928486071e+02
2.858081086623883493e+02
2.857088019227018663e+02
2.857448718155336564e+02
2.858189183225217675e+02
2.857032861542277260e+02
2.856989874622635739e+02
2.857647002378238881e+02
2.858641094648035619e+02
2.857230544458332702e+02
2.857200958832981996e+02
2.858478338016435600e+02
2.857271415838882831e+02
2.856449285342841904e+02
2.857533963586639061e+02
2.858646013855505430e+02
2.857445681835139339e+02
2.858327053165190819e+02
2.857720741328780605e+02
2.857686266629603438e+02
2.858553967573095633e+02
2.858383306453237651e+02
2.858303409363143714e+02
2.859592553571773692e+02
2.859154573283712466e+02
2.858832227954495124e+02
2.860163677075751707e+02
2.858761649012071757e+02
2.858938747059271464e+02
2.859303495690646741e+02
2.860836060999318420e+02
2.861867373977579518e+02
2.861098796759645779e+02
2.861033136851905851e+02
2.860810883392578035e+02
2.860105055468450814e+02
2.859683733863850534e+02
2.861206051292649022e+02
2.861009293509109739e+02
2.861632069343565945e+02
2.861959084731201983e+02
2.862436411860600742e+02
2.862753182373602954e+02
2.863174703240011354e+02
2.863325462528509320e+02
2.863923283175226402e+02
2.863575748589826730e+02
2.863548228854893409e+02
2.862786721905181935e+02
2.863019316595832038e+02
2.863871060208207382e+02
2.863599462527345736e+02
2.863467192222407789e+02
2.864953600595409284e+02
2.864264239000920611e+02
2.864975260249723874e+02
2.865073411882380015e+02
