2.865717581251922752e+02
2.865904696268873408e+02
2.865464082038554920e+02
2.865785988423155572e+02
2.866760577906134699e+02
2.866757279306402779e+02
2.867030011723792882e+02
2.865118099124334208e+02
2.865317440187756688e+02
2.865357575633377678e+02
2.865060129559482789e+02
2.866595593964682394e+02
2.865997340462674856e+02
2.865794046799441617e+02
2.867780503730551800e+02
2.866909824453338160e+02
2.866060342231741060e+02
2.867153167091067303e+02
2.866792323593394372e+02
2.866615725147571538e+02
2.866635204830230350e+02
2.866724618589231000e+02
2.867084514209867052e+02
2.866353368979527545e+02
2.866690248672167058e+02
2.867901936038171016e+02
2.865799037740907806e+02
2.867274761429671912e+02
2.866963833598683777e+02
2.865158220109910303e+02
2.866567165995092523e+02
2.868498075483358889e+02
2.867525091523826291e+02
2.867756399276788670e+02
2.866575679971718955e+02
2.865341210947530044e+02
2.867023064987438943e+02
2.867959572418861285e+02
2.868000724842851810e+02
2.866878834335604438e+02
2.867818581430822178e+02
2.867357664744441195e+02
2.866834292363937493e+02
2.867756717799492776e+02
2.867474944076007546e+02
2.866612360874303818e+02
2.867953746119052880e+02
2.866086170074088955e+02
2.868056776576505627e+02
2.869290065614341074e+02
2.868262303304714465e+02
2.868603480012007481e+02
2.867621735149689357e+02
2.868585967632826623e+02
2.867710278008344744e+02
2.867599407771052142e+02
2.867770054821746157e+02
2.869300780029024054e+02
2.869356215391577507e+02
2.867453101808707743e+02
2.868613153279880521e+02
2.870340238926561938e+02
2.867120590437118040e+02
2.867914381862847222e+02
2.867846573172516855e+02
2.866764863877274934e+02
2.868383150185373438e+02
2.869692475148931408e+02
2.868709077993839287e+02
2.869568183383927362e+02
2.868388856200633086e+02
2.867823437491355776e+02
2.869446815731496940e+02
2.868416269647529475e+02
2.868634668167108543e+02
2.868764266511907408e+02
2.868976927638799452e+02
2.869625056348707517e+02
2.870939840962735730e+02
2.868511338262856611e+02
2.870169445288879047e+02
2.871221967356493110e+02
2.869368920193905410e+02
2.868938510707997125e+02
2.870126399016697292e+02
2.868962153312115220e+02
2.869736371873949565e+02
2.869096147487729809e+02
2.869365562640118128e+02
2.868409480943927861e+02
2.870624796191156634e+02
2.869424423647714661e+02
2.867904818105648133e+02
2.866709025192388935e+02
2.869073583869142681e+02
2.870843336163364370e+02
2.868151494839319753e+02
2.869765210436091820e+02
2.869685111038978107e+02
2.868723433451789901e+02
2.866922582571922931e+02
2.869062434796166485e+02
2.869050233588558854e+02
2.868417018979593536e+02
2.869028122805337375e+02
2.869264636471589824e+02
2.867649697364252006e+02
2.867641401384079813e+02
2.867223393173528052e+02
2.867751850936585925e+02
2.866809791431134045e+02
2.867432657910176772e+02
2.867138352066409084e+02
2.866698698158278376e+02
2.864804420938976364e+02
2.865929342811941183e+02
2.868174789294216112e+02
2.865344371615730665e+02
2.866487209545522887e+02
2.867507443989665035e+02
2.867145851828757372e+02
2.865450318660706444e+02
2.866316511693180473e+02
2.864518903225602457e+02
2.866844009259739892e+02
2.867126409062347534e+02
2.867846289230724324e+02
2.868369034470239853e+02
2.867059388266911242e+02
2.867257930855552672e+02
2.868573403724670356e+02
2.867372405638637360e+02
2.868027704970487548e+02
2.869894597952488198e+02
2.868433617256926595e+02
2.868577983350512000e+02
2.869351391204691026e+02
2.868104103575342947e+02
2.869710979935544515e+02
2.869334353366948562e+02
2.868902228513481418e+02
2.867248420717335193e+02
2.867768209786141824e+02
2.870150436781469239e+02
2.868498195591410536e+02
2.870016079509375686e+02
2.872810482026864634e+02
2.869859733409086857e+02
2.870986527554483132e+02
2.871376189333676052e+02
2.870133009907071369e+02
2.871322495078783277e+02
2.872260736758179860e+02
2.871970787057121584e+02
2.872582818307262187e+02
2.871997034496833408e+02
2.872172205474173552e+02
2.872765613284880715e+02
2.873426232740255841e+02
2.872771338594102417e+02
2.872593397807789870e+02
2.873983770315360857e+02
2.872802368115405329e+02
2.873319141283244562e+02
2.872383629162355874e+02
