2.870817568679397027e+02
2.870116326201109018e+02
2.869603555743766492e+02
2.870393666625918172e+02
2.870024888000540386e+02
2.870294885707127719e+02
2.870138107683849853e+02
2.872511332384851812e+02
2.869691214578153335e+02
2.872031238987451616e+02
2.870988437079494702e+02
2.869392578481943588e+02
2.868319955332370910e+02
2.868517604973615676e+02
2.868944769550940350e+02
2.869284675028872016e+02
2.867764122592888612e+02
2.870169566906002387e+02
2.870054847999661547e+02
2.869456091666792190e+02
2.869466581666255820e+02
2.870627321772203118e+02
2.870705715532242834e+02
2.869964421324813770e+02
2.870496323995006946e+02
2.870787452724606510e+02
2.870869520627768452e+02
2.871532269947010150e+02
2.872265945509884659e+02
2.870330372470658062e+02
2.870049749687913732e+02
2.871166738468890571e+02
2.871542318140080283e+02
2.869712589606578490e+02
2.865614397951306387e+02
2.867406022660594545e+02
2.868855040491735053e+02
2.868124265204191374e+02
2.867732749333301285e+02
2.869710294885522899e+02
2.869341268448243341e+02
2.867716098689559772e+02
2.868323879983445863e+02
2.868378432868778418e+02
2.868127701061650896e+02
2.871291966204976234e+02
2.870176745032065355e+02
2.870828565941845341e+02
2.871535716455266538e+02
2.871138177119000829e+02
2.870357166848810948e+02
2.868973951243469287e+02
2.868948948904705389e+02
2.867933019980764584e+02
2.867894855683587707e+02
2.868455491486847677e+02
2.869978528069757999e+02
2.869147677861612351e+02
2.869924677757672384e+02
2.868872405689371021e+02
2.869749358629067615e+02
2.871217250168005535e+02
2.869401740714418452e+02
2.868172237610865523e+02
2.869610832141812011e+02
2.869563238955368547e+02
2.869186535863770473e+02
2.868427434346802443e+02
2.868949477198244722e+02
2.868149821550838396e+02
2.868747657255385661e+02
2.870488209847832763e+02
2.872220631872062313e+02
2.869121183193031470e+02
2.869423056695035257e+02
2.870220458502398060e+02
2.870874800514484946e+02
2.866865082096040851e+02
2.868858573357254613e+02
2.869400553996619010e+02
2.868888988501908557e+02
2.870733867087377007e+02
2.869985063101519245e+02
2.869953697366311758e+02
2.871197421095439495e+02
2.869882694687002527e+02
2.870377587058871427e+02
2.869195412724155858e+02
2.870298349798950426e+02
2.871288437030225396e+02
2.871794344813090447e+02
2.870867101066837677e+02
2.870941490739189135e+02
2.871064683165249676e+02
2.870104856778826274e+02
2.871052014993360899e+02
2.872348388902510692e+02
2.870799136271029965e+02
2.870154511760152332e+02
2.871288450059163324e+02
2.872525672104797536e+02
2.871064341298062459e+02
2.870962849467644560e+02
2.871632157007867931e+02
2.870724725011318128e+02
2.872842369086680492e+02
2.872132510179966971e+02
2.872130103129157987e+02
2.872495088984386484e+02
2.871051612149514654e+02
2.872758904456725304e+02
2.872712471958517426e+02
2.869362271574656802e+02
2.871016245622168412e+02
2.868576830182365143e+02
2.865877040234364017e+02
2.867162120097072489e+02
2.868720597716091447e+02
2.867814537021797605e+02
2.868708208688982495e+02
2.870977041572353983e+02
2.869117301175171519e+02
2.869437678405784595e+02
2.868358362138954476e+02
2.867530672117246127e+02
2.868057892512887861e+02
2.868574582889363569e+02
2.868559206332129179e+02
2.870402553975794717e+02
2.868365905393421258e+02
2.868970202857266258e+02
2.868406356306247744e+02
2.868906390261293495e+02
2.869509329288488857e+02
2.868740597060964888e+02
2.869580352715684057e+02
2.871524891795743883e+02
2.870703520522668555e+02
2.870411528694161234e+02
2.870538973167573999e+02
2.871968103917715212e+02
2.872228836146459798e+02
2.867883208728848103e+02
2.868515419896119738e+02
2.870146417000269707e+02
2.870027941391708737e+02
2.870450227288791325e+02
2.872527295928622380e+02
2.873528281529717674e+02
2.874030192906907359e+02
2.875661906705902311e+02
2.876218280002022425e+02
2.875903272124615455e+02
2.874802962521230825e+02
2.875330177599292369e+02
2.875391309425591544e+02
2.876661205683352591e+02
2.877755378546372071e+02
2.876007251972737890e+02
2.879544759310442146e+02
2.880109538042677286e+02
2.879169200192317817e+02
2.878348081516999741e+02
2.879582280223807516e+02
2.880747455094729048e+02
