2.873057775818934942e+02
2.871711998265599846e+02
2.872529900516332191e+02
2.873378753242353696e+02
2.874040961911045429e+02
2.872379880287123797e+02
2.873653428636305875e+02
2.871469973261015411e+02
2.872835394285347661e+02
2.871954802199710457e+02
2.871225358644109633e+02
2.871286407541670656e+02
2.871707450818526581e+02
2.872236393900799953e+02
2.870741893858141793e+02
2.871909122208103895e+02
2.872759739854941472e+02
2.871579289202264249e+02
2.872215378898916356e+02
2.873423323586247875e+02
2.872927656177136555e+02
2.874887388762542741e+02
2.872034634907545865e+02
2.870854913697218649e+02
2.870669293773671598e+02
2.873366675465048843e+02
2.870989664942123341e+02
2.872646844752194966e+02
2.871334593135952105e+02
2.872248573274098931e+02
2.871843741961067167e+02
2.871729537021820420e+02
2.871775746715846367e+02
2.871004632619331574e+02
2.869947188758753214e+02
2.871324174353305239e+02
2.870577867844127127e+02
2.872161487086985971e+02
2.874023338881972904e+02
2.873484314731213658e+02
2.874117827583897338e+02
2.872562333956733482e+02
2.874128005613238770e+02
2.873721690852329971e+02
2.875058249471580325e+02
2.873020643339820595e+02
2.872610745292290062e+02
2.872408683288659859e+02
2.874518899244853287e+02
2.874448370421389995e+02
2.874277949524935707e+02
2.873361967142706703e+02
2.874435682690119620e+02
2.872170028063476934e+02
2.871525920213332483e+02
2.873356439492725372e+02
2.873182083587365696e+02
2.873323045849701316e+02
2.874488087947021882e+02
2.874335537429321334e+02
2.874740781001239611e+02
2.873433446816392802e+02
2.872749127820897570e+02
2.872664770644106511e+02
2.872143279094753439e+02
2.873108689382090688e+02
2.874038144364222944e+02
2.874339162777307024e+02
2.874840079932793060e+02
2.875422108126135754e+02
2.875928149424350977e+02
2.873148446449236530e+02
2.873761592657781421e+02
2.873322983734863101e+02
2.875309808054163909e+02
2.875077859154599764e+02
2.872653495902644636e+02
2.874271746807318664e+02
2.876791681676388066e+02
2.875289566297719261e+02
2.875233962947534678e+02
2.876713318328779110e+02
2.877150042377949717e+02
2.874791279022659296e+02
2.875257181944771219e+02
2.874835484701489463e+02
2.873708175054288745e+02
2.875346830143080865e+02
2.876678961031028052e+02
2.876713408286295817e+02
2.875646279743744458e+02
2.875559149544127990e+02
2.872882485459919053e+02
2.874828708561460076e+02
2.874717835521726670e+02
2.875284102938701949e+02
2.874525386905267510e+02
2.872777324583519203e+02
2.876570276519738627e+02
2.876640913306008542e+02
2.874336914092637016e+02
2.875922040262886981e+02
2.874504110382023327e+02
2.876788791022769374e+02
2.877824683817679556e+02
2.877669108018954489e+02
2.875819511989944317e+02
2.877504397429232199e+02
2.878174610422211686e+02
2.876238961207900502e+02
2.876388137178354896e+02
2.877424842841401187e+02
2.876388020914250774e+02
2.874591619154547857e+02
2.872820013642161712e+02
2.875124114407441880e+02
2.874844897301777564e+02
2.876298996395784684e+02
2.877265265650856350e+02
2.876809654443567297e+02
2.877759533891631349e+02
2.878159056148054447e+02
2.876916477532528802e+02
2.876322191364540117e+02
2.876824095523364235e+02
2.875590313040906949e+02
2.877501913554195312e+02
2.875302428132848718e+02
2.876156196893246033e+02
2.877588813010992794e+02
2.876914723709335249e+02
2.877367882424749723e+02
2.877271704432488946e+02
2.877636302584258488e+02
2.879163286323441753e+02
2.877650892665850506e+02
2.879080421735266100e+02
2.879929283486167719e+02
2.879779507262836091e+02
2.879751747234034269e+02
2.880333559679744440e+02
2.880614925875381118e+02
2.877970078444051865e+02
2.879102805379306460e+02
2.878477348761960002e+02
2.878843882752171908e+02
2.879545907691064599e+02
2.878672804822714397e+02
2.879026980310231352e+02
2.880577399751119287e+02
2.880891434281988381e+02
2.882823381057498295e+02
2.881450372545513687e+02
2.882476386073084882e+02
2.881834014088050253e+02
2.882178708586258722e+02
2.881673570699218203e+02
2.882213687780204623e+02
2.879582491457388187e+02
2.880802928976088424e+02
2.882558351733471795e+02
2.883146793729765136e+02
2.883279772669607723e+02
2.882061472624427552e+02
2.882724610441486561e+02
