2.870665692324118368e+02
2.870323888296942414e+02
2.871867456365818612e+02
2.871680245460947276e+02
2.872164616648791480e+02
2.871990229170583575e+02
2.870418732030767046e+02
2.870323245445296152e+02
2.870310300308822207e+02
2.870614574573988307e+02
2.871940401816157760e+02
2.871670245554486769e+02
2.869096874116182221e+02
2.869104931299082182e+02
2.871125491594290793e+02
2.870928796670695533e+02
2.871463979890163500e+02
2.870165773630017156e+02
2.871159473726125952e+02
2.871704639142633368e+02
2.871386269839737224e+02
2.872040058543174155e+02
2.870001353316343398e+02
2.870159353590211708e+02
2.870430663908762767e+02
2.869755430838593497e+02
2.870239755641352986e+02
2.870547852953920369e+02
2.869188393985413654e+02
2.869766144168369806e+02
2.870080014166480851e+02
2.869310553853571264e+02
2.869966703800640744e+02
2.868701631586491203e+02
2.864337957796756200e+02
2.865298549058153412e+02
2.866439261892717809e+02
2.866771380822897299e+02
2.865598362371794110e+02
2.866053429865280577e+02
2.866953764890250795e+02
2.866306865242469257e+02
2.866497054781940506e+02
2.865836898841125162e+02
2.866881917989607587e+02
2.868381448112932048e+02
2.867777057510891723e+02
2.867078437483810944e+02
2.867261041800559269e+02
2.867877986585162375e+02
2.868636162346687684e+02
2.867797775078179257e+02
2.867150691107505622e+02
2.864993477300414497e+02
2.865891015631507912e+02
2.866698652192854411e+02
2.866610908137557203e+02
2.868253490077110541e+02
2.867251715495694384e+02
2.866729013498721201e+02
2.867507976216215297e+02
2.868546610919598834e+02
2.866150472276614778e+02
2.866463280129361806e+02
2.865537370224270717e+02
2.868361060668923983e+02
2.868579374066946457e+02
2.868636743458927754e+02
2.869978972486734961e+02
2.870460555210378857e+02
2.869758937399788010e+02
2.868658629930819757e+02
2.870403264507808103e+02
2.870612138027258311e+02
2.871433397466045676e+02
2.870036530564489681e+02
2.870129177247040957e+02
2.872128971043277943e+02
2.872048717571544785e+02
2.872388884075417081e+02
2.873350521568757472e+02
2.874793193779463536e+02
2.873523755079066859e+02
2.873850623970761262e+02
2.874103761005067668e+02
2.872848756860925619e+02
2.872888207683581641e+02
2.873157948991265016e+02
2.874815893831393510e+02
2.873649414473647425e+02
2.875024342680130758e+02
2.875063784001794147e+02
2.875855374221407033e+02
2.877602166854280199e+02
2.876075745713804395e+02
2.875459607952724355e+02
2.876685587426991901e+02
2.877333469272016373e+02
2.877215351694176775e+02
2.876334010218023991e+02
2.877672761073722540e+02
2.878122707999445993e+02
2.876742277341398335e+02
2.876399544992792130e+02
2.877828537490818803e+02
2.876502946982784010e+02
2.877003813567809516e+02
2.875589814909350821e+02
2.874670512596744629e+02
2.875407147419248872e+02
2.875985529313956590e+02
2.876370805206861974e+02
2.875553369093561855e+02
2.874989278719047547e+02
2.872710750742052142e+02
2.872196925761131183e+02
2.873455632666216957e+02
2.873523753665144227e+02
2.874244940580224466e+02
2.875211479845531244e+02
2.876433750160476848e+02
2.874854163210389402e+02
2.875374936866349458e+02
2.877098492498409428e+02
2.876071192356911297e+02
2.874138482911515666e+02
2.875845251737814010e+02
2.876138060783487731e+02
2.875411688724100827e+02
2.874846907799183668e+02
2.876519892439312684e+02
2.876794852024488591e+02
2.877596431913108859e+02
2.876975981684545332e+02
2.874879745674947458e+02
2.876163183740240470e+02
2.877066531979252773e+02
2.876216537644906452e+02
2.877143256774361930e+02
2.878515752845997326e+02
2.878873652072833238e+02
2.878731062826875018e+02
2.874750787133852441e+02
2.875557065505594778e+02
2.875049839135320440e+02
2.876530811097307492e+02
2.877303076554385370e+02
2.878125720243281762e+02
2.879633321095237761e+02
2.879355457886915133e+02
2.879206943977553124e+02
2.879579076675169063e+02
2.879884707236707868e+02
2.879796759742897621e+02
2.881266409205547916e+02
2.880385539967993509e+02
2.879486096208672166e+02
2.879864609160019313e+02
2.882250910863400009e+02
2.881572286908863703e+02
2.880719297828597405e+02
2.881939970912878266e+02
2.882188943615851713e+02
2.880128135259562896e+02
2.882699094972726357e+02
