2.866008334771522073e+02
2.866404595378995168e+02
2.866398610267228833e+02
2.866198262966573793e+02
2.865313824664974618e+02
2.866639854249244195e+02
2.866717655476775803e+02
2.865958497122967970e+02
2.866724056086112000e+02
2.868246484304686987e+02
2.865449054271390423e+02
2.864609737998584365e+02
2.866057716953822023e+02
2.865548837503828850e+02
2.864326524456443508e+02
2.864815640194332786e+02
2.866139304021912153e+02
2.865468315153883623e+02
2.864610454466039187e+02
2.864980222009388058e+02
2.866612160883947240e+02
2.867288690319984994e+02
2.865784624393239710e+02
2.864960436773851029e+02
2.864786385036335901e+02
2.867126635624549635e+02
2.866719856205795054e+02
2.866543006045401967e+02
2.868369452668727604e+02
2.868757215582986078e+02
2.868194792138169191e+02
2.867543636400543505e+02
2.866751606218235224e+02
2.866218595140299499e+02
2.865554386383120686e+02
2.867117125678107072e+02
2.865864107120098083e+02
2.865353572794572869e+02
2.868481787613310985e+02
2.870173208294988854e+02
2.866691150109051591e+02
2.864631456479269787e+02
2.865885022412610397e+02
2.866113762961647922e+02
2.866547672032995706e+02
2.867182567281345200e+02
2.866851451156299504e+02
2.869280965032817790e+02
2.869414129923607675e+02
2.866070783192262184e+02
2.865818465473537913e+02
2.866750689503378453e+02
2.868311323607713348e+02
2.866696373759136804e+02
2.866835167441810768e+02
2.866900952364821364e+02
2.865667453772958311e+02
2.867136175606147503e+02
2.868179805198803365e+02
2.865750913754838507e+02
2.865984471903892086e+02
2.867516334748277131e+02
2.866316385103186235e+02
2.866166654397562183e+02
2.866433528867393079e+02
2.868137410156155056e+02
2.868690692187831814e+02
2.866790781299312698e+02
2.864992291130347439e+02
2.866478544423984545e+02
2.868110356434322625e+02
2.869749805896820476e+02
2.869340945911830545e+02
2.868165371778275698e+02
2.868614559076079900e+02
2.868942789452382272e+02
2.869389005287813461e+02
2.870754554944898018e+02
2.871010118569989800e+02
2.870922674578046099e+02
2.869347218335064440e+02
2.868053211472359862e+02
2.869086224406981387e+02
2.869499707762226421e+02
2.869509532350344330e+02
2.867361438210673441e+02
2.869204606574892864e+02
2.869190776462353369e+02
2.868590927799862698e+02
2.869412519091144986e+02
2.871708227826661641e+02
2.869939483237851618e+02
2.868668324661992415e+02
2.869627214839980525e+02
2.869171108496023521e+02
2.870247414581121461e+02
2.868686079360152235e+02
2.868830675328921416e+02
2.870145938085733519e+02
2.868750407856786637e+02
2.869908614747452589e+02
2.870859294760372222e+02
2.868853504798158269e+02
2.869650733809688177e+02
2.870630037678023996e+02
2.869822024470230986e+02
2.869774872411887259e+02
2.868324734340336022e+02
2.869389722724033049e+02
2.869926595731678276e+02
2.871081595651014027e+02
2.870181085612793481e+02
2.868651583495234831e+02
2.866969627470770092e+02
2.866553983764304689e+02
2.867543971123484994e+02
2.868249170317932339e+02
2.869077296592898279e+02
2.870300402409417302e+02
2.870887785431635280e+02
2.869906640779653912e+02
2.869232411174418758e+02
2.868929999406480533e+02
2.869971964172847834e+02
2.871938597753499494e+02
2.869840295809214012e+02
2.869349325676894864e+02
2.872678802761781185e+02
2.871728228712986493e+02
2.871720874266883925e+02
2.871452277886427851e+02
2.871878386866609389e+02
2.870653226073569613e+02
2.872054304100906847e+02
2.871143086173793790e+02
2.869398681616685849e+02
2.870657255258703913e+02
2.870777346504439720e+02
2.871743816614496723e+02
2.874256083636467451e+02
2.875892063735356032e+02
2.873770099902661741e+02
2.869697238539873183e+02
2.870961238824917245e+02
2.873472869967450265e+02
2.873258447925642258e+02
2.871917757663600241e+02
2.872432737470647908e+02
2.874550900092365282e+02
2.875559536400072602e+02
2.873654658129803465e+02
2.874987080266788553e+02
2.876660414858835679e+02
2.875361918092247038e+02
2.875500470814642995e+02
2.877830535103858551e+02
2.876276234915396230e+02
2.874885980018332248e+02
2.876097715645497033e+02
2.877321127401874605e+02
2.875946665880181286e+02
2.877208517305893452e+02
2.877766036010830248e+02
2.876755376206580763e+02
2.876744842451843169e+02
