2.875952052601501805e+02
2.875647216156578452e+02
2.874505360207371609e+02
2.875103824559983536e+02
2.875414758458454116e+02
2.875316522126111067e+02
2.876710191849095395e+02
2.876553032719473890e+02
2.873194880526822885e+02
2.872564967336978725e+02
2.874349833852095912e+02
2.876418169639009648e+02
2.876301367431914855e+02
2.874592510546278277e+02
2.873874927531717276e+02
2.874649575038575904e+02
2.873709615772986012e+02
2.875545042148652897e+02
2.877023998035943464e+02
2.876103332975760054e+02
2.875862258545775489e+02
2.876607434908075334e+02
2.876195976550243927e+02
2.876109908427893629e+02
2.875847669969265894e+02
2.876357481299477854e+02
2.875895614814184000e+02
2.875609232713799770e+02
2.876539073553769299e+02
2.874784107881392288e+02
2.874004906808979740e+02
2.874859371377527282e+02
2.875888879725528682e+02
2.877028504971617053e+02
2.874070271108833481e+02
2.874075181451516414e+02
2.871866164315362653e+02
2.872813086516803196e+02
2.874450657548619006e+02
2.876261359630556171e+02
2.878165186017890278e+02
2.874775065953691637e+02
2.875087124812123420e+02
2.874921827174970872e+02
2.875290926362605433e+02
2.877781553023521610e+02
2.876630267564397059e+02
2.875865535238706912e+02
2.875972312364854702e+02
2.875353149999626226e+02
2.874293585631759811e+02
2.873709196776716794e+02
2.874957296616673261e+02
2.875482093124125527e+02
2.875707714565976971e+02
2.874308439924690788e+02
2.874341433914092363e+02
2.876331112124402694e+02
2.878741472972405973e+02
2.878075632208118009e+02
2.876160284582651343e+02
2.874569114273205628e+02
2.873975050358718022e+02
2.875720462610751156e+02
2.876349923798965733e+02
2.874267717231329016e+02
2.875639174627325474e+02
2.878567642767492885e+02
2.878275294658529333e+02
2.878021359690414442e+02
2.878319435453049664e+02
2.877695214716592886e+02
2.877411310523527277e+02
2.877841325420620819e+02
2.879100199711257915e+02
2.877172257354116596e+02
2.876220416624016707e+02
2.877008092572770579e+02
2.877500642465937517e+02
2.877904764445829642e+02
2.876193541659720836e+02
2.876266502574879382e+02
2.878509726726646818e+02
2.878920168165363407e+02
2.879850908663930795e+02
2.877358788498044078e+02
2.877220713834477692e+02
2.877808918094251567e+02
2.877900523817075396e+02
2.876906936629910092e+02
2.877641298319171597e+02
2.878249599492203288e+02
2.878836387860270065e+02
2.878329545280942057e+02
2.879873855620722338e+02
2.878362193311342594e+02
2.877632686558495720e+02
2.877239731058467100e+02
2.877574182335682735e+02
2.879437490543649005e+02
2.877467501229845652e+02
2.877445637539386780e+02
2.878306413054776840e+02
2.879629471743759268e+02
2.878198908834244776e+02
2.875979186403497465e+02
2.876530580965181230e+02
2.878126747062519257e+02
2.880670205931255055e+02
2.881263509729773773e+02
2.877814266684090967e+02
2.876660667124082806e+02
2.877069503271328017e+02
2.877520552475533009e+02
2.877381158509968486e+02
2.877297455514432158e+02
2.877519264572600264e+02
2.876440527007775927e+02
2.876910139234615258e+02
2.876936512542350783e+02
2.878397760419784390e+02
2.879740188074982257e+02
2.877498257889300248e+02
2.879205415769853857e+02
2.878879852287274730e+02
2.876710688581759428e+02
2.876608252461494430e+02
2.876282500007554859e+02
2.878720608925830788e+02
2.879743155100682657e+02
2.881045032861705977e+02
2.880894589089604665e+02
2.882518651079957408e+02
2.879535428535550068e+02
2.879905288316742826e+02
2.880287466249619115e+02
2.880893220867019409e+02
2.881913319717258446e+02
2.881837198803482920e+02
2.881402075429958245e+02
2.882157973152566228e+02
2.882714674009898204e+02
2.880734636265781319e+02
2.879918637620992854e+02
2.880326582737841363e+02
2.880875866875098268e+02
2.881954683225352483e+02
2.884618123610484304e+02
2.884830439136537734e+02
2.882438332410758903e+02
2.884693325886451021e+02
2.885913964669138636e+02
2.886086262296033738e+02
2.884454955031528129e+02
2.884733899000939914e+02
2.886417886194279276e+02
2.887406885254729900e+02
2.885688401229960505e+02
2.884910512166813419e+02
2.885959881200885775e+02
2.888453536971488234e+02
2.889321416579346646e+02
2.886452226124837921e+02
2.885815974871204048e+02
2.886346288358095080e+02
