2.868328376613592354e+02
2.870415978298456139e+02
2.871477262655404843e+02
2.872057961780656115e+02
2.870321902918639694e+02
2.870846393455468615e+02
2.870931337278022397e+02
2.871359434497913412e+02
2.871517294493713166e+02
2.871945713547962100e+02
2.871849817039312143e+02
2.870034614810567177e+02
2.870617392182331855e+02
2.871256430225615190e+02
2.871534848488860234e+02
2.870305844963540380e+02
2.869698591582818494e+02
2.870793084225780376e+02
2.872245746762910130e+02
2.870976470968043941e+02
2.871351258947685210e+02
2.872282502685250734e+02
2.872640948022183807e+02
2.872232778712705681e+02
2.871841083414530544e+02
2.871335315001373374e+02
2.871009017956279763e+02
2.871096039787354925e+02
2.871507670989236090e+02
2.871801221109561197e+02
2.872558620063593366e+02
2.870309853550864432e+02
2.870403992313962362e+02
2.870179627858406661e+02
2.866195396794566363e+02
2.867363756633839103e+02
2.870417258473278821e+02
2.870703737633199921e+02
2.869926007661517815e+02
2.868755399518428248e+02
2.869969046949946687e+02
2.870605985807233651e+02
2.869780287480643892e+02
2.869876360169670306e+02
2.870715260578191987e+02
2.870451845221913345e+02
2.869435993081096399e+02
2.870855614015726474e+02
2.871898935890970392e+02
2.871443851355124366e+02
2.871421967994928082e+02
2.872976692976488380e+02
2.870647887558857860e+02
2.868605579260661216e+02
2.870004800394880817e+02
2.870918454783616767e+02
2.870495348632724131e+02
2.869938650240632683e+02
2.870562864087016237e+02
2.870954553906686328e+02
2.869748684740429781e+02
2.870467841125650921e+02
2.870683272717972727e+02
2.870654512891335912e+02
2.870495819443324308e+02
2.870916251338731513e+02
2.871475289827524762e+02
2.872489734180995811e+02
2.872645962536269622e+02
2.872622680010928207e+02
2.871497294231816682e+02
2.871935021987090408e+02
2.872128232723941892e+02
2.873018763991111086e+02
2.874506598014107794e+02
2.873258540070257823e+02
2.873280343912489343e+02
2.873948875183032783e+02
2.872904217299544598e+02
2.871813991498153769e+02
2.871403280278438501e+02
2.872623644898105795e+02
2.873020368910883349e+02
2.870958145381039799e+02
2.870747456355362033e+02
2.873980007180519465e+02
2.872481230988395851e+02
2.872059401185225056e+02
2.873628228076798337e+02
2.873088803315797009e+02
2.873634574357269571e+02
2.874523086901320994e+02
2.871990983283150172e+02
2.873263835390246186e+02
2.873089685850382011e+02
2.871958288343238337e+02
2.872398351453703071e+02
2.872818647028961436e+02
2.873240637266625868e+02
2.874528079856679028e+02
2.875086203284132580e+02
2.874171215660432495e+02
2.873162904788991909e+02
2.872691957504079596e+02
2.874013631019083164e+02
2.874770751761509473e+02
2.875819435284636256e+02
2.873717514095856700e+02
2.872421330089618436e+02
2.873305399767633048e+02
2.874288330794241233e+02
2.872611075700166907e+02
2.873011416225059520e+02
2.871250739006429171e+02
2.871066637672702768e+02
2.871383231197275450e+02
2.871455697087114345e+02
2.873448520389716236e+02
2.872547247036965814e+02
2.872762230015213731e+02
2.874563658583113579e+02
2.874335612174890571e+02
2.872762776049761442e+02
2.874231846688510359e+02
2.874580546390882887e+02
2.872484257542338923e+02
2.872794821211564340e+02
2.873207466834591628e+02
2.875255495131547718e+02
2.875398615865887564e+02
2.873310426097793311e+02
2.874492429636300699e+02
2.874658346395326589e+02
2.872826662424809570e+02
2.871287638034515908e+02
2.871098380666777530e+02
2.872387945978593393e+02
2.874791271763681948e+02
2.874763300878535688e+02
2.872971893790638660e+02
2.874755877368663164e+02
2.875904626772672259e+02
2.871106066701406121e+02
2.873054232744929095e+02
2.874441034947813023e+02
2.875187677315909127e+02
2.875592007860810213e+02
2.876932512832669886e+02
2.877377972523647145e+02
2.878237321150795651e+02
2.877834952737436538e+02
2.877815993668522765e+02
2.878822295482509048e+02
2.879363998490553627e+02
2.878820801812933610e+02
2.879564988793647444e+02
2.880650645853129959e+02
2.878917957759040860e+02
2.878030515899702095e+02
2.878343261395903596e+02
2.879235597771234438e+02
2.879613663188334272e+02
2.879198823945883419e+02
2.878264965235746331e+02
2.880949225123917472e+02
