2.863671559558553668e+02
2.863972309764987472e+02
2.865122900219682265e+02
2.864942186315096819e+02
2.864881673416348917e+02
2.863013463417868252e+02
2.863831468442369328e+02
2.864111715331658274e+02
2.864442762286669222e+02
2.862927788197472978e+02
2.863975302685435054e+02
2.864492204441788203e+02
2.863753834436479906e+02
2.864974491092494873e+02
2.864616019381699630e+02
2.863773334669796213e+02
2.863903848334756503e+02
2.865576937425507253e+02
2.865286189386945352e+02
2.865344993888554654e+02
2.865594411716864442e+02
2.865970521974948042e+02
2.866202559595112120e+02
2.865511263163608078e+02
2.864932063823674184e+02
2.865596651731518705e+02
2.864508089719918758e+02
2.863502441321687115e+02
2.864764355239720430e+02
2.865159498250533829e+02
2.864452779257339898e+02
2.864641085411874997e+02
2.865526858060137556e+02
2.866760332397746538e+02
2.865466455795504430e+02
2.863580045622469470e+02
2.865301537262700435e+02
2.865195315377702627e+02
2.864432043295770427e+02
2.864895971877383545e+02
2.865766320772450513e+02
2.864048593342324125e+02
2.861895517315736015e+02
2.861666121239133531e+02
2.863327444702857179e+02
2.864203557463746961e+02
2.863540035930920453e+02
2.862414746727379793e+02
2.865900437745891054e+02
2.866438211000429988e+02
2.864000460605901708e+02
2.863787473575923173e+02
2.865185005423566054e+02
2.862337244857296241e+02
2.862931244230676953e+02
2.864308830950871538e+02
2.863722301661367169e+02
2.862644041992026018e+02
2.863801930294737872e+02
2.862856111919568889e+02
2.863363602351384998e+02
2.864010758318139551e+02
2.863209139380780357e+02
2.860633679070283506e+02
2.863095740108637415e+02
2.865146947736266156e+02
2.864192265827884967e+02
2.863834597946453755e+02
2.862602437288510373e+02
2.863953119983536908e+02
2.864825341506462451e+02
2.865934329663063522e+02
2.864656399386084900e+02
2.864211889508123363e+02
2.863497130404295490e+02
2.863940223726785348e+02
2.865649645851381706e+02
2.866220889499982718e+02
2.864583293772842012e+02
2.865289684046071557e+02
2.867757339228863884e+02
2.865377768484281660e+02
2.864378303820660108e+02
2.865875572680597543e+02
2.866815915476925625e+02
2.866311153541580552e+02
2.866431728177117861e+02
2.866115761173039687e+02
2.866794190439632644e+02
2.867645241022492542e+02
2.865993984328761712e+02
2.865561605838936998e+02
2.865418719881039920e+02
2.865811161645574998e+02
2.866548668571865051e+02
2.866593658121977910e+02
2.866559637697526455e+02
2.866443284381385297e+02
2.866672400815008928e+02
2.867393203940033004e+02
2.864385880664603405e+02
2.865569653537957606e+02
2.867203908888940305e+02
2.867407345334291904e+02
2.868642015344818788e+02
2.867819032132015877e+02
2.866932592530886268e+02
2.867294210532916168e+02
2.868036822319626253e+02
2.866704220176145554e+02
2.865725372739245245e+02
2.866022116484318190e+02
2.865903471468082557e+02
2.866296683784955803e+02
2.865814561093574753e+02
2.862844414824475052e+02
2.863058173403472324e+02
2.863849473518856144e+02
2.863706514246838992e+02
2.863511751225383932e+02
2.864103486637504261e+02
2.864457006495491669e+02
2.862869901398694878e+02
2.862349595561471460e+02
2.863474685882457038e+02
2.863772043082764753e+02
2.863868359458792838e+02
2.864802353573912796e+02
2.867106454736626802e+02
2.866827468710392282e+02
2.866595824525332432e+02
2.866307820321240456e+02
2.865089017146257788e+02
2.864202943385727735e+02
2.864487084748708412e+02
2.864366097418654817e+02
2.864570722727081034e+02
2.865286785969693710e+02
2.865618557781216964e+02
2.864976367320898589e+02
2.866707003990209728e+02
2.865449109467057838e+02
2.863589952313042204e+02
2.863787005754160759e+02
2.865968233510004666e+02
2.866385420529022667e+02
2.866212492757056793e+02
2.865016913986697773e+02
2.868208955185228888e+02
2.868724603072782315e+02
2.867710404125354557e+02
2.867987108883961582e+02
2.867691388205124099e+02
2.870577131456557254e+02
2.871532794090007314e+02
2.870320325729832120e+02
2.871185021300022413e+02
2.871639999239114900e+02
2.870489494729480953e+02
2.872231794092456880e+02
2.874012677062042371e+02
2.871656923091499038e+02
2.872442575449778701e+02
2.872708686506243225e+02
2.874747286954584524e+02
