2.873054708869958631e+02
2.873465823747345098e+02
2.873186290985250935e+02
2.872643084272052079e+02
2.873142702854913182e+02
2.873341970120026758e+02
2.874795455621342057e+02
2.874726754726019067e+02
2.873939170771706699e+02
2.873989969417976909e+02
2.873889348332485838e+02
2.874457400612970446e+02
2.874047548318147278e+02
2.873065479537322631e+02
2.873030009000902965e+02
2.873741105858784408e+02
2.874107484284592715e+02
2.874891804033823632e+02
2.874327217753941000e+02
2.872675449735783673e+02
2.873534779933516461e+02
2.873646346486434027e+02
2.871863443271302003e+02
2.872165506073009169e+02
2.871411446513342867e+02
2.870462350509287148e+02
2.871679562922398077e+02
2.870618426551412199e+02
2.871035953276621626e+02
2.871179991574749124e+02
2.871966903793478423e+02
2.872461540159562787e+02
2.870865616350587288e+02
2.870716183049093502e+02
2.867311200748861779e+02
2.867776403567987700e+02
2.868037507370979142e+02
2.868098952744280723e+02
2.868009555693473089e+02
2.867171307795251778e+02
2.868392735490226642e+02
2.867510013204189931e+02
2.866612847067107168e+02
2.867774772398759637e+02
2.868251974511975391e+02
2.868288402436390356e+02
2.868319607611732067e+02
2.867575535716550803e+02
2.867528088622953533e+02
2.867007092068396901e+02
2.866592940604684259e+02
2.866999774271994852e+02
2.867654659994776125e+02
2.865382588665987100e+02
2.865570617334149119e+02
2.866800183249288807e+02
2.867410583692052910e+02
2.866006812022681061e+02
2.866726437660297506e+02
2.865351412355812499e+02
2.866200422528379477e+02
2.868982168841850466e+02
2.866884765170376568e+02
2.865084341739220122e+02
2.865018032068572325e+02
2.865192281601709396e+02
2.864843367027372096e+02
2.866231393916265802e+02
2.867087669025571586e+02
2.866893024593766768e+02
2.866565631444336191e+02
2.866774016784373202e+02
2.868732623685084491e+02
2.867509513698104797e+02
2.867749345828240166e+02
2.867009384392354718e+02
2.868016427868622031e+02
2.868249804731832455e+02
2.869249511039870981e+02
2.868547945578863505e+02
2.868105045155187440e+02
2.869087562325634622e+02
2.868735118035083360e+02
2.868205676593133830e+02
2.867703287952078313e+02
2.868155148857879908e+02
2.868783357927663928e+02
2.868871417403456689e+02
2.870168702837960950e+02
2.870646268948360103e+02
2.869484707858371735e+02
2.870973082442177429e+02
2.871789191716586629e+02
2.870699338483301517e+02
2.869784692925891250e+02
2.870784443768650931e+02
2.871700029364524767e+02
2.872493581001281768e+02
2.870909959747735911e+02
2.872617190142611321e+02
2.872041506962607968e+02
2.870166265650435662e+02
2.871630523567922637e+02
2.873848568122878646e+02
2.873182029109232758e+02
2.871092618839875286e+02
2.870779817728394505e+02
2.871995708774969671e+02
2.873267893800298793e+02
2.872889384547265763e+02
2.871977139287146201e+02
2.874080915664522990e+02
2.872247979298068685e+02
2.871559669240756989e+02
2.870370404913039692e+02
2.871021675000112623e+02
2.871935956231505429e+02
2.871609016703288262e+02
2.872279777729489751e+02
2.873857354255682708e+02
2.873562601336482203e+02
2.874425847271998009e+02
2.875085586050705615e+02
2.875228033518076813e+02
2.875571357261769663e+02
2.873747946568612974e+02
2.875266884959764297e+02
2.874904751627112205e+02
2.877060053043945231e+02
2.876091892392807949e+02
2.876898062519003361e+02
2.878422435560035524e+02
2.876275438962528597e+02
2.873033193830746654e+02
2.875106883764755707e+02
2.875173804094554839e+02
2.874762548805314850e+02
2.876204122875590770e+02
2.877675227638436013e+02
2.875691875591776352e+02
2.876258504267496505e+02
2.876926590160650790e+02
2.872750882482557131e+02
2.874096937142542743e+02
2.875941082851572332e+02
2.876157552046147998e+02
2.875796017284507116e+02
2.876013603813719897e+02
2.876841364633024227e+02
2.878032214098475947e+02
2.878450402475901342e+02
2.878350202103034121e+02
2.879248565398210644e+02
2.878582334919300365e+02
2.879783889929465772e+02
2.880402007079470081e+02
2.881306936498795608e+02
2.878027176772687312e+02
2.879053091810896490e+02
2.879650002042178016e+02
2.880204387021416892e+02
2.880629626939281138e+02
2.879160634823810483e+02
2.879837171160988305e+02
2.880910430153767834e+02
