2.869282134142083009e+02
2.869667885286963269e+02
2.871509557376878661e+02
2.869608297242346566e+02
2.868369946375705695e+02
2.870294108353381830e+02
2.870743916737341692e+02
2.870505348164991233e+02
2.870005593953571292e+02
2.869339792126516500e+02
2.869961229692797247e+02
2.868949016600412847e+02
2.869037142580896784e+02
2.871484772589711838e+02
2.870889572839122934e+02
2.869167063541651146e+02
2.870589875171564813e+02
2.869060543674666519e+02
2.869551390058919083e+02
2.870216113376914109e+02
2.870000896829948829e+02
2.871657100642492537e+02
2.871553158048737373e+02
2.871011946838873996e+02
2.870068290236735606e+02
2.868379521510869949e+02
2.868039405028526403e+02
2.867752254416910773e+02
2.869449798108968821e+02
2.871266502750091263e+02
2.868586912854749471e+02
2.868816825927531795e+02
2.870503542780057842e+02
2.871284772323367065e+02
2.866693537506941425e+02
2.867425983613086942e+02
2.869466656726589804e+02
2.868131456399900117e+02
2.867986373461910148e+02
2.868799366659557677e+02
2.867808824678419342e+02
2.868889623905058670e+02
2.870083165690523970e+02
2.870222298615511818e+02
2.868546972368657748e+02
2.868856425288295782e+02
2.870561336399017591e+02
2.869747403427333552e+02
2.870589679725013639e+02
2.869832564564912332e+02
2.869602321695223850e+02
2.870210496944733336e+02
2.869124810465875157e+02
2.867399873423790950e+02
2.870109889540876793e+02
2.870395029198249404e+02
2.870545991524058991e+02
2.871642102577740729e+02
2.870291951649666657e+02
2.869365025227320416e+02
2.869865971956026556e+02
2.869707142862891374e+02
2.869773977738817052e+02
2.868877490585943519e+02
2.868699875402073758e+02
2.868530769739852531e+02
2.869757126861331926e+02
2.870011985741621743e+02
2.872763645290064574e+02
2.870531428030662369e+02
2.870991716462179397e+02
2.870014246568146064e+02
2.871057163633244045e+02
2.871492024349730059e+02
2.872469209570347743e+02
2.869033339407386052e+02
2.870054863403376544e+02
2.870946482921688698e+02
2.870873134534377868e+02
2.870440300794249424e+02
2.870748282477044313e+02
2.871189752658448242e+02
2.870644269437639764e+02
2.872158460016011645e+02
2.871648852528817883e+02
2.872013682468107163e+02
2.872302828155084740e+02
2.871809514837167967e+02
2.872226434809869602e+02
2.872573725686324906e+02
2.872333442647224615e+02
2.872860854292320596e+02
2.873208307540677993e+02
2.874348007904415567e+02
2.872531084870560107e+02
2.871924441082628618e+02
2.871530528988511719e+02
2.873401969691026920e+02
2.874704258957501111e+02
2.873564509614371900e+02
2.872795139875307200e+02
2.872987468886418014e+02
2.870743802903763822e+02
2.870454848598940885e+02
2.872174160031387942e+02
2.873655013738282946e+02
2.873261111087463178e+02
2.872682878742443222e+02
2.872654403322876533e+02
2.873603955380079356e+02
2.871310899605760483e+02
2.871385759182368815e+02
2.872154701421637242e+02
2.872182486360306939e+02
2.870944427047923568e+02
2.871122466479756099e+02
2.870400350562385370e+02
2.871113349818886604e+02
2.873069051821068456e+02
2.870372897797091127e+02
2.870874504684501289e+02
2.873223541166537416e+02
2.873969695195435747e+02
2.871685307051230325e+02
2.871872555115751311e+02
2.872131045105631415e+02
2.872521416945292572e+02
2.872412075036294823e+02
2.871111797702264425e+02
2.872072640305497657e+02
2.873002183603428534e+02
2.871979764353131372e+02
2.872716358454823080e+02
2.871640837859225712e+02
2.873220462420736681e+02
2.872756288082319429e+02
2.872888014573790656e+02
2.873872787547704206e+02
2.874274110823228625e+02
2.874398948321594958e+02
2.875203185606534930e+02
2.876009480946030976e+02
2.873996628298483529e+02
2.873620171741874856e+02
2.874805013052502431e+02
2.875149742350643578e+02
2.875591365424791093e+02
2.874976456069632036e+02
2.876065814933278375e+02
2.878786030184743367e+02
2.876729125623148207e+02
2.876048776474103761e+02
2.876850291618553115e+02
2.877297254555101631e+02
2.879514401343030272e+02
2.880424346036074894e+02
2.878866649594345404e+02
2.877903330246301152e+02
2.877722307174395837e+02
2.878632017196093216e+02
2.879389936744326519e+02
2.880193648627691800e+02
2.882559004560749258e+02
2.880788332714208764e+02
2.880429531161253180e+02
