2.876116398506143810e+02
2.877127687280212740e+02
2.875096218650422202e+02
2.876531118219824634e+02
2.877394592766019059e+02
2.874686085650535006e+02
2.876052728559503748e+02
2.875999163661143143e+02
2.877165113913029018e+02
2.876221188771982611e+02
2.874810526870466560e+02
2.876740273795706457e+02
2.878169643469332755e+02
2.877409757664752306e+02
2.876315833762948841e+02
2.877486780882656490e+02
2.877078308028911806e+02
2.875589359171596016e+02
2.876690443311205740e+02
2.876689004472708007e+02
2.876345146947829789e+02
2.876362221777313835e+02
2.875542205840040992e+02
2.875246336396077709e+02
2.874965288055685164e+02
2.876029899609474114e+02
2.876645433763503092e+02
2.876574969917431872e+02
2.875245805316622523e+02
2.876181926647614091e+02
2.876106695076660458e+02
2.876403940863329467e+02
2.877770522186822859e+02
2.877972860947722893e+02
2.874621565312766620e+02
2.874403876555982720e+02
2.876019917343133443e+02
2.875140266561202793e+02
2.875576602517857623e+02
2.875957869218074734e+02
2.876438904249396842e+02
2.874560508021047553e+02
2.875769497377387438e+02
2.875774128033707484e+02
2.877359629358783195e+02
2.876967231872754382e+02
2.875865938675614757e+02
2.874154987583136744e+02
2.874676000348041498e+02
2.875828060911822490e+02
2.876897594336863904e+02
2.876117996672968502e+02
2.876902065386425988e+02
2.875519368917849761e+02
2.874948279331949266e+02
2.876006575028812904e+02
2.876704059182141577e+02
2.877439086684597669e+02
2.876664603235750519e+02
2.878062247949710013e+02
2.877896593454261733e+02
2.878702258377583689e+02
2.878172229078103896e+02
2.876659624616854103e+02
2.877136036460896662e+02
2.876496894128645749e+02
2.877565658844071663e+02
2.876208611234971499e+02
2.875040745784182832e+02
2.876169555838496876e+02
2.875689853029391543e+02
2.875790845365133350e+02
2.876226978430705117e+02
2.875378180070096619e+02
2.875890718761175435e+02
2.878059981601538766e+02
2.877777132641477351e+02
2.878188302243872840e+02
2.877815667293953652e+02
2.875547624640956315e+02
2.877606690465151473e+02
2.876863071737701603e+02
2.877855682124349528e+02
2.878283652525889238e+02
2.878813256825667963e+02
2.879111867668191849e+02
2.878031972788018606e+02
2.877620265186834558e+02
2.877267131102886992e+02
2.876626455431808722e+02
2.877205151147692845e+02
2.875696228300880648e+02
2.875228730042118173e+02
2.877172198254328919e+02
2.877564102177960308e+02
2.878107811617327911e+02
2.877745358010600398e+02
2.877763713462366582e+02
2.877131165897028495e+02
2.877289783581115898e+02
2.877954174687808973e+02
2.879071019550202095e+02
2.880054428996797355e+02
2.880623239144457557e+02
2.878577459909703862e+02
2.877600049588065758e+02
2.878611884327437451e+02
2.878993002723906898e+02
2.878510100766266646e+02
2.878437683222196029e+02
2.879155748652866009e+02
2.876858444743946848e+02
2.876082451424597366e+02
2.877649634877327003e+02
2.877375269131104574e+02
2.877180436526882090e+02
2.877112469488348552e+02
2.875376335517077564e+02
2.875521838688732146e+02
2.876143357374772904e+02
2.875262245127793790e+02
2.875883898263298306e+02
2.877218654914391891e+02
2.876802969585375536e+02
2.876555466099059117e+02
2.877697480074137388e+02
2.879946978956522798e+02
2.878873692848620180e+02
2.877830016128934858e+02
2.878197143574406596e+02
2.877560296103641235e+02
2.877769228513536746e+02
2.879553450996633615e+02
2.878669094295881337e+02
2.880236094954198620e+02
2.879522262913207555e+02
2.878383616375094221e+02
2.878809328634945359e+02
2.879262720071780564e+02
2.878823619869529580e+02
2.880584255631056294e+02
2.880955578033735947e+02
2.879667752062174486e+02
2.879529108315311987e+02
2.877750066080878355e+02
2.877625403705916369e+02
2.878682659273065951e+02
2.880177606784229170e+02
2.879890590128236454e+02
2.881220218561657020e+02
2.881126860922131527e+02
2.881720593400831376e+02
2.882851559032487785e+02
2.883020935101743589e+02
2.884528763171709329e+02
2.884188486773759905e+02
2.883048536638382302e+02
2.883930738738798141e+02
2.884165345555205135e+02
2.883240275378341266e+02
2.885367862695273971e+02
2.885781208764735197e+02
2.885262448462196971e+02
2.884955177009081240e+02
2.885513606410161742e+02
