2.863562863427353591e+02
2.865137531427907334e+02
2.865744241592178128e+02
2.865757235197492605e+02
2.863455237556967745e+02
2.864719749245994080e+02
2.866379818721607649e+02
2.865649506581754054e+02
2.864177423132288709e+02
2.863507893221939753e+02
2.865293531847846111e+02
2.863792470497928662e+02
2.863143609064523503e+02
2.864946721293083556e+02
2.865316571383638689e+02
2.865303980270089141e+02
2.866741980009869621e+02
2.866712319209505608e+02
2.865850131338837059e+02
2.865410348150912796e+02
2.865049783437224846e+02
2.865067943473945888e+02
2.865167727170093599e+02
2.866832886766196111e+02
2.866566581272271037e+02
2.864833888481780377e+02
2.866427608414454085e+02
2.866561467939199588e+02
2.864360251754056321e+02
2.865487105708492095e+02
2.866342643642449843e+02
2.866118235964616474e+02
2.866654878137131277e+02
2.865748352825476672e+02
2.861028656686210638e+02
2.861431535670088238e+02
2.862737158432917681e+02
2.863942812595956866e+02
2.864813057047730922e+02
2.865162505687939074e+02
2.864350904999950558e+02
2.864780664726235386e+02
2.864562744044545184e+02
2.864404797441330288e+02
2.866746263597435131e+02
2.867520506096614668e+02
2.866110293842950227e+02
2.865489007656780700e+02
2.865166017441580948e+02
2.865057790851177515e+02
2.865989800206414202e+02
2.866362633550843384e+02
2.865839615799116586e+02
2.863887598439889643e+02
2.863160260087496454e+02
2.864220457123323627e+02
2.865760611310691957e+02
2.866453415216744247e+02
2.866552405185595376e+02
2.865104018491191482e+02
2.866711559304366119e+02
2.868059189074915025e+02
2.866699914421602102e+02
2.865319177657945033e+02
2.864859761506477867e+02
2.866116152946672742e+02
2.866779352042514688e+02
2.867816028817608185e+02
2.867887803903030317e+02
2.867357397714342255e+02
2.867696362963841921e+02
2.870038766497196434e+02
2.868753969666799435e+02
2.865889963646090450e+02
2.867637187199027835e+02
2.869173531895743281e+02
2.868165591805985173e+02
2.867842783642240647e+02
2.868641231365403428e+02
2.867625647737183954e+02
2.868498490855207024e+02
2.868088166126222518e+02
2.866138930201968265e+02
2.867152390182179715e+02
2.868572042273194143e+02
2.867967044086028068e+02
2.867680459888886162e+02
2.866607492227170724e+02
2.867042424901462141e+02
2.868351798167934703e+02
2.868320906310025862e+02
2.869713649925620871e+02
2.868128621445465569e+02
2.866533520233492141e+02
2.867475763912529487e+02
2.867583769691551083e+02
2.869802450914577321e+02
2.871322691762163686e+02
2.869359905411552631e+02
2.871070181723215455e+02
2.871966267998806757e+02
2.870531046930128127e+02
2.870378357954004400e+02
2.870549399718573227e+02
2.870145371524224061e+02
2.869309982101224250e+02
2.868800573797821585e+02
2.869823897094446465e+02
2.870951972357531758e+02
2.869329002668110888e+02
2.869256717919252537e+02
2.869396986752325915e+02
2.869904893385421474e+02
2.869971000381869430e+02
2.864943206042711950e+02
2.865597181542339058e+02
2.868306670184859399e+02
2.868667239863978011e+02
2.866970547184823204e+02
2.866632757082754210e+02
2.868021637500355610e+02
2.868853567984271535e+02
2.868350872808928784e+02
2.865839531231276283e+02
2.867021553135994623e+02
2.866698749986920802e+02
2.867702047421133784e+02
2.867852698112787380e+02
2.867842724070638951e+02
2.868235041907785785e+02
2.867904725895988918e+02
2.868114678391714278e+02
2.868151541438390382e+02
2.867373651168952051e+02
2.867892136906761493e+02
2.868369520979134109e+02
2.869098627276158027e+02
2.867340858952280200e+02
2.867940616836100958e+02
2.870389082350731087e+02
2.872499576750687424e+02
2.870853157159122588e+02
2.866942331731211766e+02
2.866506257239566366e+02
2.867709026669371042e+02
2.868871765739000921e+02
2.868872128564352124e+02
2.869747576976832875e+02
2.869602207602354156e+02
2.869730505511823253e+02
2.871005071898575238e+02
2.872857990906235273e+02
2.871287553437185238e+02
2.871405579490911464e+02
2.871902024825723174e+02
2.872533616810687249e+02
2.873290963538003098e+02
2.872185946517978437e+02
2.872014762902250595e+02
2.872430920678530697e+02
2.874152451616078565e+02
2.874141284367790377e+02
2.873278691665255451e+02
2.874680119494728956e+02
2.875791769281706820e+02
