2.872455218082121746e+02
2.873317303237969895e+02
2.873229338033199838e+02
2.870958029013361852e+02
2.871487687970653155e+02
2.873945014150144175e+02
2.873602261081637721e+02
2.873844039966157879e+02
2.874646345752634602e+02
2.875456451823101247e+02
2.874613256092420102e+02
2.875736287990856681e+02
2.872563921154574018e+02
2.872985070842163964e+02
2.875318390155471775e+02
2.876162286126253775e+02
2.874856189627548702e+02
2.873533471379395792e+02
2.872799327344373523e+02
2.871656686061997448e+02
2.873765015675052723e+02
2.873246671692760401e+02
2.872378919041725567e+02
2.873131462756400651e+02
2.874433554801163382e+02
2.873815383679198590e+02
2.873329175190124829e+02
2.873924674929955358e+02
2.876028469946586483e+02
2.875506546144121671e+02
2.874291693551252820e+02
2.874317552176225377e+02
2.874389820229415591e+02
2.871893128390724428e+02
2.867979119311008844e+02
2.870280789457344781e+02
2.871505110656443662e+02
2.872344635400260131e+02
2.871918064776656934e+02
2.873620005347414121e+02
2.871583892981705617e+02
2.871423862791469332e+02
2.873401656177226755e+02
2.873810183125931417e+02
2.873419664457372278e+02
2.874329509264983358e+02
2.873572093532959570e+02
2.872928508162709136e+02
2.873100341903089543e+02
2.872616379558146491e+02
2.873326809770251202e+02
2.874275313427078231e+02
2.874587985598129762e+02
2.871981148431543147e+02
2.871359929882657411e+02
2.872163428516171848e+02
2.872446179163254669e+02
2.872963205019420343e+02
2.872351794654773016e+02
2.871297188103251301e+02
2.871606231585951718e+02
2.870480089533693331e+02
2.870780253728975708e+02
2.871620509293608734e+02
2.872039438689747044e+02
2.873203049764292132e+02
2.872665077781112473e+02
2.874289259133201995e+02
2.872208391534947509e+02
2.873694985555384847e+02
2.873677096180661579e+02
2.873188837012837098e+02
2.871952288068180223e+02
2.870630143472652094e+02
2.870493028830703679e+02
2.870307178521274523e+02
2.869536416263311480e+02
2.870127789197340462e+02
2.872578160358303307e+02
2.872933548381233209e+02
2.869515666955972506e+02
2.868940993042413652e+02
2.869896147373177087e+02
2.870458579277412809e+02
2.870436501801057716e+02
2.870058595846496701e+02
2.870339928915050791e+02
2.870528819417589830e+02
2.869846136802976275e+02
2.869576799117818950e+02
2.869591137618247103e+02
2.869304776654768716e+02
2.870129828822977629e+02
2.867699281022432274e+02
2.869306916364664062e+02
2.870312858904176210e+02
2.870994734435819851e+02
2.871285072648934715e+02
2.869694177136630628e+02
2.870205616350853575e+02
2.872733972993079874e+02
2.871447162763450933e+02
2.869736748186591626e+02
2.870713759541974923e+02
2.871208780496917825e+02
2.870529412511612577e+02
2.869454021724454265e+02
2.869539655734311054e+02
2.870886583987871177e+02
2.871608133941159053e+02
2.871068745879457538e+02
2.871162244390673663e+02
2.872131241225755502e+02
2.870372009281958867e+02
2.869321617385755872e+02
2.867781116487978466e+02
2.869629190160889038e+02
2.870644596474451760e+02
2.868126751085167143e+02
2.869630374830614983e+02
2.870713164239654702e+02
2.869328072763711361e+02
2.870269362723840345e+02
2.870256991797510864e+02
2.870293037034132340e+02
2.870220191124602707e+02
2.870865292243873910e+02
2.870783198168800823e+02
2.869410221238447889e+02
2.871203154746762038e+02
2.873487368448409711e+02
2.872880228806063769e+02
2.872201313598017691e+02
2.871718694210794069e+02
2.873992316091493535e+02
2.873075621372104820e+02
2.872068193466782873e+02
2.871523235320450453e+02
2.873659223315067379e+02
2.876148347572723196e+02
2.876982875755172699e+02
2.875180344452297732e+02
2.872959161001074335e+02
2.875127694989564020e+02
2.874516489686918703e+02
2.874658651815238386e+02
2.875950068638196626e+02
2.878733495736822761e+02
2.876906837124763001e+02
2.877300822753267653e+02
2.877574321781848994e+02
2.878389003125198542e+02
2.880720903267628046e+02
2.879893379635637416e+02
2.880397392791169864e+02
2.880292642264417395e+02
2.878722622694982078e+02
2.878857994781558318e+02
2.880599832094623025e+02
2.880858175213005552e+02
2.880817967894872140e+02
2.882395472037370041e+02
2.882935905233857170e+02
2.881413244601095585e+02
2.881960714927762979e+02
