2.863737205570400874e+02
2.863526005302929889e+02
2.864344187070821022e+02
2.864087530947662117e+02
2.863487542842361790e+02
2.864118856797589387e+02
2.864097884996708103e+02
2.864898689743740192e+02
2.863866853252773694e+02
2.863672810387067784e+02
2.865974415442563554e+02
2.866405960912698561e+02
2.866338499397890587e+02
2.866296811000818821e+02
2.866057030525198002e+02
2.866329913839601318e+02
2.867088083312061713e+02
2.865781219681202288e+02
2.864937017523206464e+02
2.866642270615060966e+02
2.866018459844808035e+02
2.865387450542582997e+02
2.866276418105955486e+02
2.866733960890951494e+02
2.868390606881669100e+02
2.868038765183231362e+02
2.868347722462700062e+02
2.866601244565679849e+02
2.866935002402012174e+02
2.866793339596969759e+02
2.865132354145781619e+02
2.866849696695600755e+02
2.867903506510985494e+02
2.866996239467401324e+02
2.863200111510038255e+02
2.862812280011700636e+02
2.861970577828140563e+02
2.862997313833724320e+02
2.865257311098394553e+02
2.866463457150225054e+02
2.864127552633099754e+02
2.864041058926309802e+02
2.865257895872677523e+02
2.864475174882787201e+02
2.863405781588779178e+02
2.865497112207089572e+02
2.864912474994479794e+02
2.863951785766197986e+02
2.865467087058610218e+02
2.864899027734396668e+02
2.864156449546555336e+02
2.863826448533374673e+02
2.864255750771451972e+02
2.862157919475408221e+02
2.862631321942023988e+02
2.864786976359498567e+02
2.866528015035689236e+02
2.865504828707168485e+02
2.864083982496022145e+02
2.864197090633801395e+02
2.866218393056252012e+02
2.866748467613485332e+02
2.863926868801748924e+02
2.863142703313124002e+02
2.865610672138881796e+02
2.865743348269862167e+02
2.865519394720570290e+02
2.866245421890178591e+02
2.865988081145928845e+02
2.867904521712542305e+02
2.866394942085710227e+02
2.865237325666189463e+02
2.866443442572042386e+02
2.867811839400048370e+02
2.865872953888078314e+02
2.865966463752192226e+02
2.868049216966930430e+02
2.869077907243495815e+02
2.867430856037938725e+02
2.865961039096959553e+02
2.866699581925964253e+02
2.866680578171663001e+02
2.866490450603184286e+02
2.867018131347920757e+02
2.868448661285428329e+02
2.868089217463424347e+02
2.868876817581037244e+02
2.868093216832841676e+02
2.867312751535603184e+02
2.866880349136444011e+02
2.867491907055413662e+02
2.870394147969716414e+02
2.867602685638710796e+02
2.867172033642389124e+02
2.867261780960697592e+02
2.868788978177501008e+02
2.866399034070862513e+02
2.864955771188095923e+02
2.864703757228621726e+02
2.866647282257113716e+02
2.868834197073052792e+02
2.867834530242910773e+02
2.867767386302161867e+02
2.868058573967553002e+02
2.868382914338280330e+02
2.866994000802985738e+02
2.865695740817046158e+02
2.865755726802402137e+02
2.865833901570176749e+02
2.867094477403559836e+02
2.867967458243429633e+02
2.867132166606103851e+02
2.866786268539702291e+02
2.865653580788139720e+02
2.864276792053846634e+02
2.862326431807974814e+02
2.863345521486830307e+02
2.865423500726033694e+02
2.867148002150061643e+02
2.864855440789763747e+02
2.863967101110706608e+02
2.865585616977181758e+02
2.865014074311088734e+02
2.865304165929420037e+02
2.863365168383481318e+02
2.863843010680512293e+02
2.863618599566173089e+02
2.865181688421239983e+02
2.864761452971798121e+02
2.865277180768787275e+02
2.865979922065839105e+02
2.865602809607797781e+02
2.865183963318458495e+02
2.864531153415802578e+02
2.865547168587681313e+02
2.868258429084974637e+02
2.867619847980880081e+02
2.867775440568244107e+02
2.865654861482827869e+02
2.866169844826219446e+02
2.868918833172244263e+02
2.868814242622681832e+02
2.865569463735708382e+02
2.865383196719090506e+02
2.866250434303819361e+02
2.865872237256679114e+02
2.866399859579178724e+02
2.868896407088877822e+02
2.871320075194558399e+02
2.870809785097528675e+02
2.871422552832226529e+02
2.869944118990945867e+02
2.868743220247899330e+02
2.869578869022278127e+02
2.870727315379015749e+02
2.873729737084154863e+02
2.873181697350769355e+02
2.872577434208023988e+02
2.873532357542233626e+02
2.875222838728362262e+02
2.876195799608944981e+02
2.875849969166939673e+02
2.875537354367774014e+02
2.875646255803644067e+02
2.875041829675886902e+02
