2.857099395040123113e+02
2.856760945554557338e+02
2.858457604837612394e+02
2.858712201281528564e+02
2.858165374146710178e+02
2.857749828566367682e+02
2.857203809810691268e+02
2.857369431983325399e+02
2.858494651966246352e+02
2.859660615279394733e+02
2.858187865097010558e+02
2.856841145446545625e+02
2.857255291111323459e+02
2.858974724310109536e+02
2.857025648274165519e+02
2.858132490467897355e+02
2.856900951265988624e+02
2.859869671263266468e+02
2.859626297169112377e+02
2.855761430811219270e+02
2.857561155977712701e+02
2.858606498732852970e+02
2.858350670807988649e+02
2.857758088802303860e+02
2.859149012177375084e+02
2.859521290796964763e+02
2.858031289742741592e+02
2.856506546645985054e+02
2.858283292419588975e+02
2.857398199525887890e+02
2.857774368930075752e+02
2.858623700164339425e+02
2.858879083853584575e+02
2.859468810233590830e+02
2.856758714120160221e+02
2.858165288122698371e+02
2.857751233379967175e+02
2.857498042708289177e+02
2.858740110070683613e+02
2.859082626803770495e+02
2.858016836845438320e+02
2.858373452028917541e+02
2.859951500377591174e+02
2.857140357877058818e+02
2.857565645168444348e+02
2.861308487156936735e+02
2.860092073419362464e+02
2.860429785819451922e+02
2.858822380708729156e+02
2.857988289584298514e+02
2.857719357175897130e+02
2.859975710431875768e+02
2.858469789468479689e+02
2.858210034479296837e+02
2.857942455648565669e+02
2.856872079544218650e+02
2.857410011774240957e+02
2.859092365247744851e+02
2.858062723125895559e+02
2.857428269972371595e+02
2.859690875526110290e+02
2.861348053030699816e+02
2.861449961227125414e+02
2.860218531156274935e+02
2.860005217436686848e+02
2.858810502639694846e+02
2.861490352564374007e+02
2.861880052485385022e+02
2.860498349213744973e+02
2.860320676361510550e+02
2.861675325333927731e+02
2.861845973454558703e+02
2.860866403404061202e+02
2.860809831071923099e+02
2.861502972133982325e+02
2.862242000526493371e+02
2.863213890463056259e+02
2.862438448173608663e+02
2.862573448079314744e+02
2.861049980252789737e+02
2.862445262177851077e+02
2.863431482740513161e+02
2.863795716271352489e+02
2.863208471333439888e+02
2.863561709266501225e+02
2.862460892048803203e+02
2.861889235973341101e+02
2.862483972260423002e+02
2.864141306234195667e+02
2.865199415517822672e+02
2.865426230976624424e+02
2.863861481007251655e+02
2.863556418484436676e+02
2.864458073571727823e+02
2.865876241683394596e+02
2.863868062365173728e+02
2.862571245801684086e+02
2.863081757163388943e+02
2.865197997405175556e+02
2.865048326604303952e+02
2.865771201140324251e+02
2.863390106523260101e+02
2.864230603511078925e+02
2.864393366698114392e+02
2.864425420262074908e+02
2.865107622432134917e+02
2.863567323846726254e+02
2.864427352136319200e+02
2.864797562485567823e+02
2.864902715008730070e+02
2.864342463922203592e+02
2.862955395170169481e+02
2.863841282281946405e+02
2.864065302516128781e+02
2.863425772468074797e+02
2.861524998294045758e+02
2.863679780393653687e+02
2.864406589984535003e+02
2.863757147281028779e+02
2.865795289763445339e+02
2.865419079972977556e+02
2.863266175897226162e+02
2.864145567276329984e+02
2.863450531585880299e+02
2.863136258037923199e+02
2.863170780324470002e+02
2.863278078682251930e+02
2.865436629045024688e+02
2.867008418314049436e+02
2.864359387150566363e+02
2.866617357228145124e+02
2.866264881167122098e+02
2.867000965661384271e+02
2.866619825938286681e+02
2.865075397595186928e+02
2.864677214750734606e+02
2.864343664508115239e+02
2.864115650997116518e+02
2.866008273883127231e+02
2.869067020172078060e+02
2.866925156078750092e+02
2.867159395569707385e+02
2.865495134873821712e+02
2.865249064589070827e+02
2.864247983463018841e+02
2.866505471972305372e+02
2.867092515243789421e+02
2.867388088817816651e+02
2.865493332414396832e+02
2.867397206362060729e+02
2.869952493888587810e+02
2.868998217830583144e+02
2.868971925263294338e+02
2.869129546975670451e+02
2.868712882806457856e+02
2.868301243836863819e+02
2.869057512896800404e+02
2.870286615324450281e+02
2.868703010956618868e+02
2.870641632322078749e+02
2.872473413874599260e+02
2.870776060792094881e+02
2.870773537833884461e+02
2.872650802016816556e+02
2.873187297222424945e+02
