2.856239346745518901e+02
2.855728078031489190e+02
2.857216726715028585e+02
2.856445841677945054e+02
2.855530021889057366e+02
2.856412526430873982e+02
2.859674198054904082e+02
2.856832353454169038e+02
2.856704696407381334e+02
2.856869830982199687e+02
2.856486171086670538e+02
2.855179463614545057e+02
2.856267406962999189e+02
2.857163532981914500e+02
2.856714938982782428e+02
2.855674575656901766e+02
2.855612960008003256e+02
2.855883005866862163e+02
2.855851929898572621e+02
2.856361288847182891e+02
2.856133772836583375e+02
2.856511892175357730e+02
2.855694925346700188e+02
2.857053863311096507e+02
2.856656706986204313e+02
2.857784281873389887e+02
2.856977292629776457e+02
2.856937958180406554e+02
2.855966018146872898e+02
2.856695479736528682e+02
2.857117871540042984e+02
2.856901749465465059e+02
2.855697909133155576e+02
2.855703875686090214e+02
2.854319241624338019e+02
2.853980729175021338e+02
2.854513564056922519e+02
2.854621308215502040e+02
2.854194310158683834e+02
2.855140132171052869e+02
2.855759109692025390e+02
2.856604491574959184e+02
2.855765433852296269e+02
2.855387279660440072e+02
2.855566844989265860e+02
2.853977051569712557e+02
2.854434243193258567e+02
2.854916010239784896e+02
2.854891740220979273e+02
2.855672325962107720e+02
2.856108767688154444e+02
2.856256705016205046e+02
2.855233209800082363e+02
2.853349368591792086e+02
2.853138534714251477e+02
2.854961178930496430e+02
2.855465092981825705e+02
2.854986280762468027e+02
2.854801300911295243e+02
2.856261543663821953e+02
2.857260906457114515e+02
2.856466028969334729e+02
2.856668953961060424e+02
2.855267901908345038e+02
2.854347731515194937e+02
2.854652200595515410e+02
2.854920964278488213e+02
2.856178623253229603e+02
2.857391645038370029e+02
2.854462609556932193e+02
2.856087621655704538e+02
2.857844632540736143e+02
2.855614327219981874e+02
2.855361820785945497e+02
2.855042125536679123e+02
2.857494210540087352e+02
2.857025090628534940e+02
2.856407722459151159e+02
2.857804942951763110e+02
2.856456839201603657e+02
2.855494026590981207e+02
2.857827055438893922e+02
2.857062364412412876e+02
2.856189441349193316e+02
2.856912949637816723e+02
2.855046746986192261e+02
2.855354406154036155e+02
2.854455677031414211e+02
2.854972675118584675e+02
2.855219134492917306e+02
2.855540891864500850e+02
2.856987465933661383e+02
2.855934994656402068e+02
2.856375842772459350e+02
2.856037374982123538e+02
2.858764775557233975e+02
2.859177738726564826e+02
2.856974660662592669e+02
2.856655435966368941e+02
2.856755638067590439e+02
2.857723241511759511e+02
2.858039796808417918e+02
2.857980420944203388e+02
2.857787328274121705e+02
2.856629809601153624e+02
2.856446419557353806e+02
2.855677058442071257e+02
2.856761644630863657e+02
2.857522270837233123e+02
2.858370230846570053e+02
2.858887482966056268e+02
2.859529171458219139e+02
2.857751006345956171e+02
2.856561181417572470e+02
2.857232442958244860e+02
2.854942280820974361e+02
2.857349406031449917e+02
2.857064054601602265e+02
2.857097174825979096e+02
2.857232958932113434e+02
2.858722721574204684e+02
2.856967506769458964e+02
2.858056576541152936e+02
2.857055742534242313e+02
2.857288919915431507e+02
2.858287953391493943e+02
2.857140916748816153e+02
2.857925457510226011e+02
2.858945311420564508e+02
2.859785569997001744e+02
2.858786340171165534e+02
2.860997634643522929e+02
2.861331152299453038e+02
2.857527736476899918e+02
2.859217792141486711e+02
2.859268885158965645e+02
2.859430875545120330e+02
2.859189636193453339e+02
2.859034687949079512e+02
2.861015695747054792e+02
2.860730944767395272e+02
2.859357275165302781e+02
2.859309561443751591e+02
2.860737300988049583e+02
2.862146580693686246e+02
2.861757229125683466e+02
2.862335766388137586e+02
2.862073093837389592e+02
2.862167401139388403e+02
2.862285970430722273e+02
2.861996551594817788e+02
2.862273729412316357e+02
2.862492770984167123e+02
2.862352040773178601e+02
2.863086405792278129e+02
2.863755084317501201e+02
2.863397655648025761e+02
2.862781326494339851e+02
2.862435670912786350e+02
2.864000310001878802e+02
2.864084285828232623e+02
2.865496553579490637e+02
2.864766179093531377e+02
2.864484908876584655e+02
2.863914547925978127e+02
