2.872484264499940991e+02
2.871877135579497917e+02
2.871861925279475258e+02
2.872390182813969659e+02
2.870679054298206552e+02
2.872115911947707332e+02
2.872621468491042265e+02
2.872753017101341015e+02
2.873587961592914439e+02
2.873128201606101015e+02
2.872126615751199665e+02
2.871415914782151049e+02
2.871746530228631968e+02
2.872725866776840462e+02
2.874100213739129117e+02
2.875042147955186351e+02
2.873762489869202454e+02
2.873206913949754266e+02
2.873373051560293447e+02
2.871831621056901440e+02
2.872760927467987244e+02
2.873272321395526774e+02
2.871652806183860207e+02
2.871466675618618751e+02
2.873929368628285488e+02
2.873994786963720003e+02
2.872465062428979650e+02
2.872537884615817916e+02
2.874431275321411476e+02
2.874898661220597660e+02
2.874505010911719864e+02
2.873427629766641189e+02
2.872571387016930657e+02
2.872768577767138254e+02
2.869623193552828297e+02
2.869179934766029305e+02
2.869524082512428436e+02
2.871012799721530087e+02
2.873125161312045179e+02
2.872854746214376860e+02
2.872142474654577313e+02
2.870406189704071380e+02
2.872469996586182219e+02
2.873937309466793408e+02
2.875043206447675743e+02
2.872684430240568076e+02
2.872529481641747111e+02
2.870703497988197910e+02
2.872611828803291019e+02
2.873333953931468159e+02
2.871410437878075186e+02
2.871252390981296116e+02
2.871483571286614733e+02
2.869730213902905120e+02
2.868058604903395121e+02
2.868958593581056107e+02
2.870436040245980394e+02
2.869897844122212973e+02
2.870956287097120594e+02
2.870081346616362339e+02
2.870167649235609701e+02
2.872455312497435784e+02
2.871465017520125116e+02
2.868590878131230966e+02
2.869592622792866337e+02
2.871037866344690315e+02
2.871596090793501048e+02
2.871418701134027174e+02
2.873381470280782537e+02
2.873012930289333440e+02
2.872392114242729235e+02
2.872825270184583246e+02
2.872197213899699477e+02
2.872675507642746879e+02
2.874384102136614274e+02
2.873714536827108645e+02
2.873648623354624760e+02
2.874291289162264889e+02
2.873308299763021409e+02
2.872298024898731796e+02
2.871747583887536734e+02
2.873466063828889219e+02
2.874127652067193139e+02
2.874408612414775348e+02
2.874904288998038169e+02
2.874300417301711832e+02
2.874031400861983343e+02
2.873645592631252725e+02
2.872516579734677293e+02
2.873552982034519800e+02
2.874585035218659073e+02
2.876480202092361651e+02
2.872895873017410509e+02
2.872998277367864830e+02
2.873056299307267523e+02
2.873817458417707371e+02
2.873098162650834979e+02
2.872479709769492615e+02
2.875200704982273123e+02
2.875189949511439522e+02
2.874149813072954203e+02
2.873728801306777427e+02
2.873927646937472673e+02
2.873967709804788342e+02
2.871720511644239764e+02
2.873210536970339035e+02
2.874412882345520188e+02
2.873604601991987124e+02
2.872558026816377037e+02
2.874162447325955441e+02
2.874922198617597928e+02
2.873364189512903977e+02
2.873361345622853946e+02
2.869341850363953768e+02
2.869831536261949054e+02
2.871336466720313751e+02
2.870040170637469714e+02
2.871136307519253137e+02
2.871341458407597997e+02
2.872229477236526236e+02
2.870465443998779733e+02
2.869533684371297682e+02
2.871574611374260826e+02
2.872796803599743498e+02
2.872913199477422950e+02
2.870750379071253633e+02
2.871021565175253727e+02
2.871060503156253390e+02
2.871181410557069285e+02
2.871471092976274235e+02
2.872330261419338626e+02
2.872096187112690018e+02
2.869408706124852984e+02
2.868837041361829847e+02
2.869728635295996924e+02
2.869945842402278799e+02
2.870533798366203087e+02
2.871441071597706696e+02
2.872268573561646576e+02
2.872660132808668436e+02
2.874530796363403624e+02
2.874074095383019767e+02
2.870867859173786769e+02
2.870861919992448748e+02
2.871294147483579877e+02
2.873105811047785778e+02
2.874112967058521804e+02
2.873313924028072961e+02
2.873960339631730108e+02
2.874526512579861333e+02
2.874517070096651992e+02
2.877577602230329035e+02
2.876524055974643375e+02
2.876864305989756190e+02
2.876682545392779389e+02
2.876446094775034794e+02
2.877833795170740245e+02
2.877244259532612318e+02
2.876006258251923668e+02
2.876303555967353418e+02
2.876581604484628656e+02
2.880123337428547643e+02
2.879635133798769289e+02
2.876911746637114788e+02
2.878717196801670184e+02
